1 11
0 30694 3329 5 614 0 4644 516 1012 0 9666 1074 617 0 5670 630 79 0 4824 1109 150 0 5890 0
1 30741 2894 4 5 0 15 802 1031 0 9747 1083 33 0 9081 1009 1020 1 11898 0
3 30649 3736 4 731 0 9571 1597 242 0 14355 1595 802 0 4887 543 176 3 1836 1
0 30609 4111 4 1177 0 6570 730 1100 0 1140 1700 952 0 15120 1680 1131 0 7779 1
2 30771 2616 3 1071 0 17784 1976 266 0 5760 640 774 2 7227 0
1 30812 2241 3 52 0 12114 1346 656 0 8046 894 995 1 10652 1
1 30724 3051 3 145 0 12595 1714 633 0 3803 1335 386 1 14326 2
0 30640 3826 4 119 0 7533 837 711 0 10089 1121 1034 0 8510 1866 1021 0 4508 2
3 30704 3230 3 1192 0 8289 1300 675 0 9741 1930 1114 3 12674 0
0 30632 3899 3 137 0 17856 1984 457 0 7823 1915 1127 0 4953 0
0 30690 3366 3 684 0 7724 1434 344 0 17370 1930 184 0 5596 2
-1
2 11
0 30647 3761 4 392 0 8866 1701 991 0 8281 1025 798 0 9315 1035 494 0 4185 0
3 30632 3892 5 986 0 6345 705 533 0 4697 1382 180 0 6543 727 970 0 9693 1077 419 3 3354 1
0 30518 4948 5 1088 0 5622 1377 604 0 6255 695 909 0 2457 1912 663 0 8667 963 965 0 7517 1
0 30640 3826 5 598 0 57 624 254 0 2133 764 402 0 12519 1391 700 0 9405 1045 693 0 6526 2
0 30616 4047 4 465 0 6236 1242 749 0 8319 1856 1033 0 8523 947 186 0 7538 2
1 30593 4256 5 1051 0 3834 1385 913 0 11619 1291 433 0 5589 621 136 0 8631 959 89 1 920 0
3 30717 3110 3 709 0 17730 1970 1018 0 6855 1140 815 3 6132 0
2 30743 2873 3 120 0 15714 1746 379 0 10134 1126 620 2 4895 1
0 30596 4231 5 1194 0 3690 1078 124 0 13860 1540 412 0 4697 729 425 0 7947 883 380 0 402 1
0 30541 4737 4 224 0 3942 1132 209 0 4852 1693 282 0 17199 1911 468 0 4548 1
0 30712 3163 3 1108 0 5098 705 492 0 13446 1494 504 0 12168 964
-1
3 11
0 30711 3173 3 1054 0 11244 1583 45 0 14292 1588 79 0 5175 2
0 30816 2207 2 428 0 13950 1550 130 0 16866 657
2 30654 3692 3 273 0 8610 1732 630 0 17640 1960 482 2 4404 0
2 30647 3757 5 821 0 3194 907 884 0 5346 594 439 0 8982 998 651 0 11144 1257 467 2 1981 1
0 30632 3899 4 291 0 4275 1222 876 0 11034 1226 369 0 8152 1451 743 0 7171 0
0 30629 3927 4 413 0 7730 1439 233 0 9297 1033 56 0 13086 1454 421 0 516 1
1 30672 3529 4 1118 0 2237 904 375 0 10098 1122 1084 0 13527 1503 448 1 4810 0
2 30506 5054 5 178 0 560 1948 665 0 10629 1181 545 0 10017 1113 621 0 4237 811 107 2 5063 1
1 30583 4348 5 225 0 6102 678 460 0 1525 1558 1115 0 8280 920 328 0 10728 1192 728 1 3948 0
3 30791 2429 4 856 0 5391 599 803 0 5544 616 161 0 10917 1213 200 3 8939 1
1 30694 3327 4 203 0 818 1304 534 0 13581 1509 512 0 4608 512 221 1 11687 2
-1
4 11
3 30599 4196 5 560 0 5913 657 305 0 8577 953 666 0 5580 1522 44 0 9576 1064 722 3 953 0
1 30695 3317 3 676 0 14652 1628 767 0 15192 1688 173 1 851 1
0 30848 1912 2 350 0 17199 1911 258 0 13649 1
2 30748 2827 3 1010 0 9378 1042 37 0 16056 1784 538 2 5314 1
2 30593 4253 4 660 0 3722 1331 319 0 17541 1949 592 0 8748 972 1015 2 582 1
3 30632 3892 5 863 0 8277 970 691 0 7056 784 779 0 1072 985 381 0 10377 1153 717 3 3850 0
0 30713 3154 3 354 0 16695 1855 373 0 11682 1298 923 0 2336 1
1 30769 2637 4 966 0 4509 501 393 0 12865 1513 169 0 5589 621 111 1 7806 2
1 30731 2986 3 481 0 4445 1654 42 0 11988 1332 461 1 14298 0
3 30778 2549 3 535 0 10271 1424 1052 0 10116 1124 209 3 10391 1
1 30655 3685 4 892 0 1366 1619 652 0 5985 665 23 0 12600 1400 994 1 10704 1
-1
5 11
3 30627 3938 5 552 0 7947 883 127 0 7281 809 248 0 7659 851 575 0 1300 1395 392 3 6440 0
3 30871 1693 2 32 0 15228 1692 173 3 15643 1
2 30736 2938 4 1068 0 9783 1087 558 0 2214 521 1170 0 11970 1330 1088 2 6769 0
0 30700 3274 4 840 0 7935 1050 61 0 13653 1517 832 0 3553 707 598 0 5559 0
1 30785 2489 3 806 0 10314 1146 661 0 12087 1343 749 1 8384 0
1 30788 2462 3 96 0 8208 912 388 0 13941 1549 1051 1 8639 1
3 30732 2972 3 882 0 15876 1764 31 0 10872 1208 1164 3 3984 0
1 30659 3649 4 983 0 9018 1002 585 0 12223 1684 102 0 8658 962 393 1 760 1
0 30685 3412 4 283 0 760 755 219 0 14850 1650 303 0 9054 1006 1194 0 6021 1
1 30688 3382 6 43 0 4303 583 238 0 0 150 801 0 6948 772 959 0 8487 943 573 0 8397 933 535 1 2553 1
2 30678 3471 4 1196 0 1774 904 48 0 11007 1223 836 0 12087 1343 987 2 5810 1
-1
6 11
1 30726 3032 3 554 0 11034 1226 1184 0 16254 1806 198 1 3438 0
2 30662 3619 3 101 0 13687 1942 75 0 15084 1676 377 2 1891 1
2 30776 2570 3 154 0 9890 1099 735 0 13221 1469 502 2 7665 2
2 30587 4309 4 269 0 4280 1530 93 0 15759 1751 819 0 9234 1026 232 2 1314 2
2 30843 1953 2 315 0 17577 1953 886 2 13266 0
2 30764 2680 3 689 0 15662 1912 326 0 6912 768 1200 2 8190 0
1 30690 3363 4 435 0 7875 875 416 0 6629 1273 817 0 10926 1214 1103 1 5260 1
1 30686 3400 4 159 0 1605 985 128 0 16398 1822 1043 0 5337 593 1157 1 7346 0
0 30703 3246 5 741 0 980 563 338 0 5247 583 113 0 7164 796 526 0 11727 1303 896 0 5585 1
2 30747 2837 3 67 0 17723 1984 1016 0 7659 851 362 2 5365 2
2 30746 2846 3 1076 0 17262 1918 918 0 8334 926 932 2 5150 2
-1
7 11
2 30753 2781 3 1025 0 15201 1689 452 0 1227 1091 924 2 14325 1
0 30709 3191 3 613 0 14157 1573 648 0 14562 1618 654 0 1990 0
3 30633 3883 4 490 0 5028 1782 501 0 9126 1014 505 0 9783 1087 1006 3 6696 0
0 30764 2685 4 164 0 7427 1575 958 0 4851 539 662 0 5139 571 556 0 13347 0
2 30590 4281 5 228 0 349 781 358 0 9342 1038 211 0 7305 1737 679 0 6525 725 891 2 7069 0
1 30683 3428 3 142 0 4704 1489 568 0 17451 1939 405 1 8528 0
1 30743 2876 3 1183 0 16866 1874 574 0 9000 1000 250 1 4877 2
2 30698 3287 5 1094 0 5823 647 626 0 5346 594 678 0 7246 857 1171 0 10701 1189 698 2 1582 0
2 30856 1834 2 1026 0 16506 1834 855 2 14350 0
1 30673 3520 4 104 0 855 832 1063 0 17577 1953 255 0 6606 734 244 1 5635 1
1 30756 2756 3 503 0 16839 1871 547 0 7956 884 655 1 5961 1
-1
8 11
3 30720 3083 4 230 0 5067 993 1151 0 11484 1276 196 0 7326 814 1017 3 6843 0
1 30633 3888 5 135 0 3855 1095 989 0 5733 637 532 0 4572 698 1166 0 13104 1456 1049 1 3369 2
2 30672 3527 3 867 0 13487 1810 507 0 7431 1715 509 2 9754 2
1 30770 2627 3 955 0 12672 1408 739 0 8644 1219 1175 1 9454 0
1 30557 4587 4 736 0 11097 1233 1147 0 5908 1981 73 0 2825 1373 183 1 10727 0
1 30648 3750 5 404 0 0 501 944 0 13104 1456 782 0 7659 851 270 0 8460 940 1058 1 1425 2
2 30531 4824 5 622 0 774 1790 65 0 7515 835 954 0 7110 790 563 0 12663 1407 914 2 2469 2
3 30618 4021 4 497 0 11484 1276 189 0 7645 1827 309 0 8262 918 784 3 3227 0
2 30442 5643 5 361 0 2357 1908 237 0 9621 1069 1046 0 14274 1586 837 0 684 1078 628 2 3506 2
0 30675 3504 3 1145 0 13896 1647 234 0 16704 1856 611 0 75 1
3 30741 2889 3 437 0 16162 1849 1101 0 9351 1039 1134 3 5228 1
-1
9 11
3 30636 3855 3 530 0 17550 1950 669 0 10086 1905 1054 3 3000 0
2 30548 4667 5 843 0 9206 1590 112 0 5663 1602 677 0 4716 524 268 0 8559 951 540 2 2404 0
1 30645 3777 4 1185 0 6451 1864 543 0 4671 519 236 0 12537 1393 273 1 6986 1
1 30854 1855 2 871 0 16695 1855 1100 1 14159 0
2 30785 2487 3 519 0 13149 1461 447 0 9234 1026 17 2 8402 0
2 30726 3030 4 1077 0 13068 1452 406 0 4770 530 1087 0 9423 1047 413 2 3465 1
2 30708 3195 3 812 0 14082 1662 829 0 13797 1533 145 2 2829 0
1 30592 4265 4 1153 0 2710 1610 80 0 13320 1480 781 0 10575 1175 363 1 3987 0
0 30726 3035 3 18 0 16956 1884 351 0 10341 1149 1192 0 3429 2
0 30709 3191 3 1061 0 8483 1969 333 0 10989 1221 1152 0 11237 1
3 30678 3469 3 450 0 2744 1578 927 0 17019 1891 203 3 10915 0
-1
10 11
2 30731 2984 4 152 0 13788 1532 1009 0 5013 557 737 0 8055 895 475 2 3875 0
2 30851 1880 2 831 0 16920 1880 1109 2 13931 0
3 30740 2898 3 569 0 12642 1638 129 0 11340 1260 1064 3 6758 0
1 30562 4541 4 87 0 1238 1712 64 0 16614 1846 848 0 8838 982 271 1 3872 1
0 30591 4277 4 260 0 3219 1664 438 0 15471 1719 696 0 8037 893 695 0 3864 1
0 30686 3403 3 773 0 17046 1894 841 0 13563 1507 721 0 77 2
2 30736 2938 3 742 0 9684 1076 1155 0 16749 1861 1142 2 4303 1
3 30646 3763 4 295 0 2327 1216 586 0 5157 597 883 0 17541 1949 544 3 5621 1
1 30800 2351 3 292 0 13725 1525 500 0 7425 825 649 1 9650 1
0 30727 3025 3 692 0 17055 1895 197 0 1594 1130 160 0 12078 0
3 30620 4002 4 1097 0 237 1538 922 0 8406 934 787 0 13770 1530 166 3 8207 0
-1
11 11
0 30632 3899 5 901 0 11862 1318 929 0 5571 619 100 0 4268 989 414 0 8748 972 267 0 183 1
0 30701 3265 4 523 0 4948 1679 576 0 7452 828 110 0 6813 757 938 0 11488 1
2 30736 2938 3 156 0 13104 1456 456 0 13320 1480 904 2 4312 2
0 30696 3311 4 487 0 9873 1097 771 0 2042 705 480 0 13581 1509 9 0 5200 0
2 30776 2570 3 756 0 14544 1616 13 0 8577 953 780 2 7655 1
3 30679 3460 5 624 0 5357 1455 220 0 7866 874 477 0 4545 505 1199 0 5625 625 103 3 7286 1
2 30705 3223 3 981 0 16173 1797 844 0 12834 1426 641 2 1698 0
3 30748 2825 4 281 0 6759 751 171 0 8271 919 595 0 10386 1154 813 3 5332 1
3 30498 5125 5 680 0 967 1977 310 0 12852 1428 1092 0 8451 939 769 0 7020 780 799 3 1208 1
1 30485 5249 6 751 0 4614 1175 1019 0 8892 988 1143 0 5616 624 636 0 5715 635 399 0 2615 1827 935 1 3033 0
1 30700 3271 3 324 0 11688 1318 640 0 17568 1952 470 1 1444 1
-1
12 11
1 30590 4283 4 1148 0 17649 1961 852 0 8739 971 150 0 1847 1351 365 1 2355 0
3 30772 2604 3 849 0 14634 1626 725 0 8793 977 872 3 7345 1
2 30712 3159 3 566 0 12699 1411 808 0 15732 1748 53 2 2281 0
2 30662 3619 5 347 0 6255 695 329 0 9027 1003 816 0 12366 1374 826 0 2689 546 755 2 325 1
2 30780 2533 3 1195 0 17424 1936 777 0 5364 596 639 2 7992 1
2 30701 3260 4 429 0 4572 854 421 0 8502 1001 1082 0 12645 1405 673 2 4982 0
2 30674 3508 5 312 0 5715 635 770 0 6777 753 893 0 6183 687 448 0 8077 1432 619 2 3922 1
2 30783 2505 3 114 0 5733 637 378 0 16803 1867 213 2 8247 1
3 30851 1877 2 728 0 12935 1876 1067 3 17916 1
1 30621 3998 5 200 0 1786 1191 148 0 15507 1723 516 0 5175 575 97 0 4572 508 1123 1 3581 1
2 30643 3793 5 730 0 8280 920 346 0 2698 1155 887 0 9720 1080 359 0 5742 638 643 2 4203 0
-1
13 11
0 30704 3237 3 122 0 12488 1688 629 0 13941 1549 475 0 4275 0
1 30493 5176 4 498 0 11346 1913 796 0 13860 1540 654 0 1284 1721 109 1 4003 2
2 30527 4861 5 912 0 1942 1918 847 0 5859 651 1053 0 14472 1608 1066 0 6138 682 569 2 2116 2
2 30686 3398 4 1189 0 8298 922 915 0 12069 1341 1181 0 10197 1133 556 2 122 2
3 30720 3083 3 205 0 11691 1299 1187 0 16056 1784 695 3 2973 0
3 30697 3294 4 376 0 13176 1464 489 0 6626 762 293 0 1733 1068 1198 3 9162 0
3 30473 5355 6 605 0 363 1382 854 0 9891 1099 646 0 5391 599 192 0 4635 515 250 0 4107 1760 726 3 6086 0
2 30802 2331 3 758 0 12918 1522 1178 0 2396 809 748 2 15488 0
0 30690 3366 3 1162 0 12492 1388 572 0 17793 1977 1132 0 405 1
3 30729 3000 3 1120 0 8866 1456 244 0 8269 1544 522 3 13594 0
3 30689 3368 4 738 0 11430 1270 342 0 10422 1158 188 0 8460 940 1097 3 377 0
-1
14 11
2 30665 3591 4 623 0 6336 704 3 0 13680 1520 475 0 4151 1367 216 2 6498 0
0 30796 2391 3 471 0 13608 1512 109 0 3916 878 1107 0 13272 1
3 30714 3138 3 961 0 16056 1784 1078 0 12177 1353 558 3 2481 1
1 30558 4578 5 556 0 650 1567 1096 0 4635 515 744 0 16686 1854 210 0 5778 642 832 1 2809 0
1 30702 3253 3 695 0 6714 1505 22 0 15723 1747 660 1 8265 1
1 30581 4366 4 1198 0 3435 1400 953 0 16191 1799 8 0 10503 1167 863 1 452 0
2 30636 3858 6 1142 0 1527 647 726 0 211 700 193 0 8847 983 316 0 9216 1024 650 0 4536 504 1136 2 6299 0
1 30596 4228 5 748 0 341 1759 454 0 4662 518 978 0 5355 595 1191 0 12195 1355 175 1 8043 1
3 30694 3322 4 649 0 7044 1854 1190 0 8082 898 980 0 5121 569 481 3 10447 1
0 30395 6080 4 522 0 4331 1992 160 0 3771 1761 670 0 5517 613 238 0 16776 1714
1 30724 3051 3 336 0 11709 1301 366 0 12654 1750 1196 1 6361 0
-1
15 11
0 30661 3633 3 325 0 10821 1729 937 0 17136 1904 122 0 2704 0
1 30755 2765 3 204 0 13230 1470 712 0 11655 1295 498 1 5870 0
1 30863 1772 2 131 0 15930 1770 912 1 14933 2
1 30754 2775 3 753 0 15111 1679 272 0 9846 1094 1090 1 5797 2
1 30764 2683 3 215 0 7756 1284 827 0 12573 1397 260 1 10435 2
0 30688 3384 3 908 0 12555 1395 720 0 17892 1988 489 0 241 1
0 30643 3798 3 518 0 1528 1825 463 0 17031 1972 605 0 12084 1
2 30694 3324 4 95 0 9405 1045 926 0 9387 1043 74 0 11124 1236 758 2 778 0
1 30700 3271 4 68 0 5076 564 14 0 13131 1459 1133 0 6779 1247 1132 1 5714 1
3 30559 4564 4 240 0 611 1707 151 0 17343 1927 951 0 8361 929 1120 3 4244 1
2 30608 4115 4 655 0 6188 1349 931 0 2062 1751 577 0 9126 1014 1097 2 13232 1
-1
16 11
0 30635 3872 5 724 0 1117 616 789 0 5040 560 317 0 9684 1076 727 0 14562 1618 1119 0 232 2
2 30721 3076 3 123 0 12141 1349 759 0 15525 1725 323 2 3055 2
3 30780 2531 3 187 0 14571 1619 105 0 8208 912 507 3 8001 0
0 30635 3872 4 674 0 7452 828 1022 0 1047 1341 907 0 15327 1703 1041 0 6809 0
2 30632 3895 4 249 0 13762 1573 682 0 3901 1218 842 0 9936 1104 916 2 3033 0
2 30786 2478 3 222 0 2469 1008 921 0 13221 1469 85 2 15096 1
3 30625 3957 4 900 0 5135 1678 440 0 5436 604 2 0 15066 1674 349 3 4988 1
0 30822 2151 3 1130 0 10026 1132 866 0 9171 1019 58 0 11625 0
0 30862 1783 2 411 0 16038 1782 361 0 14824 1
0 30713 3154 3 591 0 17505 1945 275 0 10881 1209 1060 0 2327 0
3 30694 3322 4 357 0 8884 1119 600 0 4941 549 277 0 14886 1654 1167 3 1983 0
-1
17 11
2 30852 1871 3 71 0 3805 640 550 0 11070 1230 1042 2 15977 1
3 30685 3405 3 947 0 13554 1506 945 0 13343 1899 101 3 3788 0
2 30686 3398 3 453 0 2019 1798 431 0 14382 1598 925 2 14285 2
2 30865 1751 3 524 0 9648 1072 1086 0 6102 678 686 2 15115 1
3 30535 4784 4 253 0 5599 1756 289 0 13778 1866 418 0 10458 1162 886 3 700 0
0 30619 4019 4 306 0 1411 1696 1144 0 9189 1021 296 0 11718 1302 126 0 8301 0
2 30450 5569 7 910 0 16452 1828 1193 0 582 717 1029 0 526 1367 1001 0 2671 543 902 0 5490 610 337 0 4527 503 416 2 202 1
1 30730 2995 4 226 0 12987 1443 307 0 9126 1014 322 0 4833 537 974 1 3784 1
2 30613 4069 4 610 0 6872 1676 174 0 5544 616 458 0 15993 1777 589 2 2204 0
1 30373 6280 6 1093 0 3493 1234 24 0 6405 1692 409 0 183 1114 1149 0 14841 1649 1091 0 5301 589 67 1 150 2
0 30794 2409 3 304 0 10089 1121 715 0 9843 1287 1098 0 10862 1
-1
18 11
1 30699 3281 4 581 0 3510 1094 49 0 8190 910 1005 0 11493 1277 27 1 7506 0
0 30726 3035 3 170 0 8595 955 555 0 11025 1225 594 0 11106 855
1 30620 4007 4 26 0 764 1027 996 0 15705 1745 904 0 6810 1234 1032 1 7341 1
2 30682 3435 5 9 0 992 688 99 0 7614 846 340 0 5472 608 78 0 11619 1291 821 2 4985 2
3 30743 2871 3 472 0 16983 1887 92 0 8856 984 369 3 4904 0
2 30635 3867 5 368 0 5976 664 785 0 8244 916 103 0 7264 1616 1122 0 6021 669 429 2 3130 2
1 30709 3189 4 108 0 6939 771 343 0 6831 759 403 0 9441 1659 298 1 7498 0
3 30659 3644 4 1137 0 4470 1074 1007 0 11646 1294 300 0 11484 1276 621 3 3059 0
1 30751 2802 3 1104 0 15759 1751 297 0 9459 1051 799 1 5533 0
2 30815 2211 3 703 0 6111 679 536 0 13779 1531 935 2 10925 1
2 30684 3416 4 705 0 17811 1979 470 0 5206 738 776 0 6282 698 243 2 1385 1
-1
19 11
3 30794 2402 3 765 0 5463 607 1075 0 16146 1794 491 3 9185 1
1 30610 4099 4 754 0 4387 1683 214 0 13455 1495 285 0 8280 920 809 1 4488 1
1 30759 2729 3 1182 0 11673 1297 708 0 12888 1432 462 1 6198 0
0 30757 2749 3 603 0 12744 1416 1038 0 11997 1333 420 0 6016 0
3 30702 3248 3 615 0 12069 1341 288 0 17154 1906 723 3 1479 1
2 30637 3849 4 449 0 1534 932 745 0 17919 1991 1083 0 8334 926 398 2 2850 0
2 30786 2478 3 740 0 2231 622 313 0 16695 1855 930 2 11860 1
1 30720 3087 3 795 0 4275 1106 880 0 17829 1981 295 1 8616 0
1 30603 4164 4 247 0 7165 1894 1 0 9954 1106 485 0 10476 1164 1168 1 3008 0
0 30632 3899 4 514 0 3258 1081 426 0 7389 821 805 0 17964 1996 290 0 2021 1
0 30618 4028 5 401 0 723 710 653 0 5634 626 251 0 13275 1475 607 0 10944 1216 694 0 42 1
-1
20 11
2 30762 2699 3 1011 0 11482 1995 772 0 6318 702 1027 2 12962 2
0 30496 5151 5 130 0 0 1217 920 0 16965 1885 261 0 7474 1543 528 0 4554 506 469 0 1503 0
2 30713 3149 3 521 0 15480 1720 687 0 11571 1429 453 2 3662 0
0 30719 3099 5 77 0 7002 778 888 0 1796 516 157 0 10386 1154 239 0 5859 651 734 0 5676 0
0 30652 3715 4 90 0 7657 1098 690 0 7956 884 828 0 4834 1733 253 0 10205 0
2 30530 4833 4 10 0 2315 1791 525 0 14103 1567 1161 0 13257 1473 367 2 855 2
1 30755 2765 3 897 0 9189 1021 499 0 15687 1743 1193 1 5879 1
0 30656 3679 4 107 0 5492 1172 714 0 6606 734 144 0 11298 1773 159 0 7260 0
0 30653 3706 4 588 0 8773 1729 55 0 9495 1055 962 0 8298 922 741 0 4087 0
0 30768 2648 4 410 0 11790 1310 382 0 4671 519 177 0 6694 819 1093 0 7613 0
2 30704 3232 4 890 0 9594 1066 643 0 5821 1114 21 0 9468 1052 132 2 5821 0
-1
21 11
0 30738 2924 4 1000 0 9927 1103 635 0 8334 926 797 0 8046 894 150 0 4431 1
2 30742 2883 3 858 0 9810 1090 540 0 13731 1793 5 2 7201 0
0 30690 3366 4 644 0 7767 863 1074 0 15210 1690 482 0 2911 813 731 0 4802 0
1 30688 3382 3 467 0 15603 1953 348 0 12861 1429 826 1 2224 0
3 30627 3938 4 17 0 6338 1638 743 0 7976 1683 19 0 5553 617 828 3 10760 0
0 30850 1894 3 878 0 11943 1327 513 0 5094 566 10 0 13813 1
1 30783 2508 3 241 0 15984 1776 63 0 6588 732 633 1 8211 0
2 30736 2938 3 363 0 13265 1917 172 0 9180 1020 1034 2 8291 1
1 30776 2572 4 1080 0 5247 583 807 0 11160 1240 1024 0 6741 749 675 1 7628 0
2 30663 3609 4 1152 0 247 1275 949 0 14229 1581 793 0 6777 753 457 2 9410 0
3 30607 4122 4 221 0 1218 1432 407 0 9585 1065 1079 0 14625 1625 684 3 5179 0
-1
22 11
0 30712 3163 3 1150 0 10145 1284 1119 0 16688 1878 230 0 3879 1
2 30587 4309 5 881 0 607 830 323 0 6006 1005 638 0 15363 1707 564 0 6894 766 532 2 1717 1
2 30642 3803 4 1126 0 9379 1283 1160 0 13188 1934 265 0 5256 584 867 2 2819 2
0 30616 4047 5 1041 0 7807 1624 681 0 8892 988 1089 0 6975 775 12 0 4615 660 739 0 2327 0
1 30791 2434 3 940 0 12996 1444 916 0 5866 989 1147 1 11929 1
0 30559 4571 4 264 0 14094 1566 85 0 2227 1924 1163 0 4716 524 404 0 9522 557
3 30808 2273 3 699 0 5796 644 349 0 9679 1629 622 3 15333 0
2 30651 3720 4 58 0 858 1387 733 0 8325 925 972 0 12663 1407 189 2 8805 1
3 30680 3451 4 593 0 10044 1116 919 0 5825 1691 330 0 5787 643 837 3 9024 1
3 30546 4683 6 181 0 2651 1026 1056 0 1605 580 1060 0 7348 1075 960 0 9108 1012 341 0 8901 989 1145 3 933 1
1 30667 3575 4 1167 0 9651 1293 549 0 11475 1275 634 0 9054 1006 437 1 487 1
-1
23 11
3 30605 4141 4 539 0 7178 1793 427 0 7704 856 46 0 13428 1492 1017 3 2295 0
2 30733 2965 3 191 0 13887 1543 936 0 12312 1422 881 2 4534 0
3 30736 2935 4 208 0 11619 1291 612 0 6021 669 985 0 8766 974 502 3 4330 1
1 30697 3299 3 755 0 15009 1703 1135 0 14355 1595 12 1 1333 1
0 30799 2363 3 879 0 7155 795 4 0 14112 1568 73 0 9532 0
0 30827 2105 3 321 0 8469 941 353 0 10476 1164 905 0 11882 0
2 30740 2901 4 997 0 10512 1168 582 0 5040 560 62 0 10557 1173 416 2 4631 0
2 30696 3306 5 1138 0 6525 725 320 0 6003 667 1050 0 10305 1145 1173 0 5825 767 371 2 2038 2
1 30714 3143 4 82 0 9126 1014 69 0 1750 914 1197 0 10935 1215 602 1 8903 0
2 30786 2478 3 688 0 9461 1202 434 0 11466 1274 409 2 9859 2
1 30673 3520 4 859 0 9616 1548 814 0 6444 716 869 0 11286 1254 874 1 3327 2
-1
24 11
3 30677 3478 4 27 0 5012 1391 140 0 14265 1585 267 0 4335 501 669 3 7065 1
0 30612 4083 5 594 0 0 379 57 0 10188 1132 531 0 7632 848 938 0 4037 1724 112 0 8755 0
0 30721 3081 3 1032 0 3035 1152 645 0 17343 1927 1185 0 10343 2
1 30687 3391 4 121 0 14310 1590 830 0 5580 620 988 0 10629 1181 651 1 168 0
3 30508 5033 4 235 0 1718 1731 999 0 15417 1713 780 0 6644 1588 291 3 6729 1
1 30706 3216 5 495 0 7866 874 436 0 11466 1274 510 0 4608 512 862 0 5004 556 413 1 1762 0
3 30645 3772 5 298 0 223 858 641 0 11881 1509 50 0 6804 756 442 0 5841 649 1118 3 5896 0
1 30824 2131 3 813 0 4421 1083 441 0 9423 1047 178 1 16980 1
0 30754 2777 3 799 0 3497 1137 279 0 14760 1640 460 0 12497 0
0 30629 3927 4 935 0 1573 1725 542 0 5463 607 982 0 14346 1594 1061 0 9247 1
2 30805 2303 3 1128 0 11187 1243 243 0 8162 1060 450 2 11456 0
-1
25 11
2 30696 3306 4 360 0 5715 635 72 0 13059 1451 143 0 10971 1219 991 2 951 1
0 30575 4424 4 788 0 6725 803 54 0 15561 1729 173 0 530 1890 533 0 7759 2
2 30843 1953 3 394 0 7742 1025 583 0 8352 928 909 2 14749 0
3 30741 2889 3 443 0 8703 967 599 0 17298 1922 254 3 4740 0
2 30828 2091 3 370 0 11592 1288 308 0 7227 803 833 2 12009 0
3 30672 3524 4 975 0 4635 515 548 0 2266 1553 116 0 13095 1455 423 3 10676 1
1 30656 3676 4 1164 0 4752 1176 860 0 16380 1820 1121 0 6120 680 1018 1 3404 0
3 30790 2438 3 391 0 5202 578 34 0 16740 1860 372 3 8848 0
2 30707 3205 3 596 0 16254 1806 1036 0 12591 1399 412 2 1862 0
3 30759 2724 3 541 0 12510 1390 47 0 12006 1334 224 3 6243 0
1 30503 5084 5 987 0 2873 964 950 0 7380 820 994 0 2633 1481 917 0 16362 1818 1108 1 1255 1
-1
26 10
0 30677 3485 4 546 0 0 1272 729 0 13248 1472 430 0 6660 740 754 0 10769 1
1 30773 2600 3 417 0 9380 1048 642 0 13950 1550 490 1 7443 2
3 30662 3616 4 942 0 9558 1062 38 0 11026 1504 182 0 9441 1049 164 3 637 1
2 30640 3821 4 190 0 6646 1897 134 0 6030 670 853 0 11277 1253 228 2 6687 1
0 30767 2657 4 1117 0 12573 1397 1156 0 4950 550 311 0 6381 709 449 0 6863 1
1 30553 4624 4 905 0 3463 1988 1165 0 6975 775 671 0 16731 1859 740 1 3384 2
0 30753 2786 3 318 0 14085 1565 165 0 10989 1221 795 0 5679 0
0 30703 3246 3 256 0 3722 1346 484 0 17091 1899 247 0 9890 1
2 30758 2735 3 899 0 9045 1005 476 0 15235 1729 514 2 6478 1
3 30493 5171 5 397 0 5504 1497 1154 0 5112 568 898 0 1010 1639 1037 0 13194 1466 401 3 5673 1
-1
27 11
2 30762 2699 3 710 0 11187 1243 846 0 13104 1456 1011 2 6471 0
3 30619 4012 4 1020 0 638 1393 1113 0 8487 943 206 0 15084 1676 261 3 6410 0
3 30678 3469 4 176 0 14415 1805 466 0 4509 501 845 0 10467 1163 687 3 1287 0
2 30626 3950 4 263 0 7443 827 1131 0 5505 1475 125 0 14823 1647 888 2 2855 1
2 30625 3959 4 774 0 9835 1896 1073 0 5274 586 716 0 13284 1476 90 2 2232 1
2 30576 4410 4 995 0 1857 1389 597 0 12177 1353 766 0 15003 1667 367 2 1539 1
1 30585 4329 4 632 0 16443 1827 386 0 676 1665 567 0 7533 837 118 1 5933 0
1 30687 3391 4 1021 0 5032 1058 1146 0 15606 1734 657 0 5391 599 144 1 4658 0
0 30615 4056 4 1114 0 2749 1714 889 0 13149 1461 762 0 7911 879 588 0 6806 2
1 30634 3879 4 1127 0 3210 907 479 0 12969 1441 825 0 13770 1530 177 1 685 1
2 30710 3177 4 184 0 6968 1394 1124 0 7704 856 1072 0 8334 926 346 2 7704 1
-1
28 11
1 30754 2775 4 977 0 10937 1277 948 0 8658 962 928 0 4824 536 581 1 6335 0
3 30622 3984 4 41 0 761 1795 117 0 13995 1555 718 0 5697 633 523 3 10169 1
0 30594 4249 4 39 0 1936 1919 804 0 8155 994 752 0 12024 1336 26 0 8479 0
0 30599 4203 4 30 0 8490 1868 334 0 16335 1815 1095 0 1462 519 771 0 4312 1
1 30754 2775 3 88 0 6949 1670 66 0 9936 1104 235 1 13869 1
2 30726 3030 4 968 0 6448 1192 385 0 10098 1122 984 0 6426 714 624 2 7754 2
2 30562 4539 4 778 0 2151 1992 106 0 6417 713 84 0 16488 1832 403 2 5506 2
1 30553 4624 5 537 0 315 858 1116 0 10908 1212 252 0 10134 1126 372 0 3992 1427 1137 1 5204 1
1 30595 4237 4 551 0 7534 1929 83 0 6651 739 455 0 14112 1568 680 1 2298 1
1 30578 4394 4 478 0 1911 1871 1106 0 7470 830 86 0 15228 1692 751 1 5969 1
3 30610 4094 5 280 0 4897 1256 707 0 15030 1670 446 0 4824 536 15 0 5688 632 324 3 171 0
-1
29 11
2 30609 4106 4 1027 0 2930 1764 365 0 4673 781 1125 0 14040 1560 539 2 8966 1
2 30585 4327 5 469 0 13266 1641 872 0 4730 1341 685 0 6534 726 964 0 5562 618 936 2 493 1
0 30658 3660 4 998 0 10935 1215 53 0 6348 959 608 0 13374 1486 154 0 1 0
3 30730 2991 3 29 0 16164 1796 734 0 5079 1195 269 3 9487 0
0 30626 3955 4 659 0 17127 1903 639 0 943 992 493 0 9522 1058 289 0 3034 2
1 30644 3787 4 823 0 9828 1092 618 0 17604 1956 673 0 1649 737 689 1 1563 2
0 30665 3596 4 619 0 5454 1041 895 0 8532 948 294 0 14445 1605 1001 0 2234 2
3 30599 4196 5 213 0 7321 1729 775 0 4545 505 508 0 11907 1323 1035 0 5742 638 1173 3 1084 1
3 30548 4665 4 956 0 10035 1115 1014 0 14013 1557 1067 0 27 1993 69 3 6473 0
3 30658 3653 3 1123 0 13968 1949 276 0 15327 1703 688 3 1363 1
1 30667 3575 4 132 0 1242 785 561 0 7416 824 327 0 17685 1965 859 1 4324 1
-1
30 11
2 30704 3232 4 1188 0 11376 1264 216 0 979 831 527 0 10233 1137 666 2 8116 0
3 30547 4674 5 1107 0 3765 1892 299 0 6102 678 35 0 12285 1365 1004 0 6642 738 810 3 1753 1
2 30813 2229 4 667 0 4689 521 701 0 9252 1028 783 0 6120 680 167 2 10752 0
1 30760 2719 3 939 0 6912 768 195 0 17550 1950 967 1 6298 1
1 30699 3281 3 627 0 12375 1375 658 0 17136 1904 833 1 1188 2
1 30778 2554 3 146 0 10539 1171 683 0 12447 1383 779 1 7792 0
0 30677 3485 5 1136 0 1205 834 1180 0 7497 833 732 0 11169 1241 668 0 5193 577 335 0 5613 0
0 30696 3311 4 408 0 9846 1094 175 0 5834 1541 1028 0 6084 676 885 0 8932 0
2 30775 2579 4 1132 0 288 710 259 0 5616 624 971 0 11187 1243 274 2 13684 2
1 30771 2618 3 424 0 10350 1150 138 0 13203 1467 933 1 7218 1
3 30842 1960 2 761 0 17640 1960 892 3 13202 0
-1
31 11
0 30571 4461 5 571 0 7308 812 924 0 1828 1794 483 0 7938 882 445 0 8739 971 325 0 4758 2
1 30744 2867 3 587 0 9656 1881 1048 0 8865 985 654 1 12223 1
2 30544 4704 5 1006 0 5217 1324 345 0 4909 1156 811 0 11232 1248 395 0 8784 976 912 2 402 0
0 30831 2069 3 515 0 7265 1025 6 0 9396 1044 87 0 14170 0
3 30616 4039 4 891 0 8895 1774 488 0 15705 1745 432 0 4680 520 260 3 1336 0
2 30677 3481 3 405 0 7752 1809 506 0 15039 1671 293 2 7886 1
1 30767 2655 3 791 0 10764 1196 1047 0 13122 1458 250 1 6881 1
2 30653 3701 3 698 0 8463 1778 286 0 17307 1923 1178 2 4883 0
2 30481 5284 5 559 0 2136 882 855 0 3378 1970 364 0 11079 1231 149 0 10791 1199 1133 2 3097 2
2 30763 2689 4 290 0 4432 716 459 0 8208 912 199 0 9549 1061 197 2 8574 0
1 30813 2232 3 943 0 7523 1166 133 0 9576 1064 931 1 13714 2
-1
32 11
1 30678 3474 3 491 0 8695 1986 706 0 13392 1488 452 1 8591 0
2 30718 3103 4 672 0 13815 1535 809 0 173 517 1172 0 9450 1050 587 2 7280 1
3 30676 3487 4 462 0 2189 932 757 0 14931 1659 873 0 8064 896 345 3 5492 0
3 30636 3855 3 396 0 17829 1981 420 0 10841 1873 515 3 1966 1
0 30713 3154 3 723 0 9165 1182 76 0 17739 1971 215 0 3809 1
1 30669 3557 5 398 0 2647 611 857 0 13086 1454 1013 0 5121 569 877 0 8307 923 548 1 1508 0
1 30554 4615 4 553 0 15723 1747 496 0 13779 1531 930 0 171 1336 713 1 881 1
3 30687 3386 3 1055 0 17352 1928 229 0 13122 1458 586 3 213 0
2 30718 3103 3 1168 0 9186 1355 20 0 15723 1747 559 2 5809 1
1 30861 1790 2 356 0 16101 1789 240 1 14760 1
1 30720 3087 3 694 0 15024 1673 284 0 12726 1414 943 1 2970 0
-1
33 11
2 30740 2901 3 185 0 10422 1158 278 0 15687 1743 100 2 4631 0
1 30725 3041 3 810 0 13778 1725 422 0 11835 1315 843 1 5112 1
0 30314 6825 6 258 0 3811 1939 965 0 2671 1131 384 0 5580 620 167 0 1108 1318 969 0 16344 1816 804 0 800 1
2 30507 5045 5 538 0 2091 822 967 0 7849 1571 616 0 13320 1480 693 0 4022 1170 1095 2 3225 2
3 30569 4472 4 833 0 3981 1907 903 0 5427 603 202 0 17658 1962 1015 3 3503 0
2 30667 3573 4 911 0 12420 1380 1111 0 10413 1157 717 0 5453 1034 89 2 2381 2
0 30601 4185 5 923 0 12694 1669 335 0 1794 823 352 0 4608 512 875 0 10620 1180 812 0 885 1
1 30626 3952 4 885 0 5477 1601 415 0 6525 725 111 0 6836 1625 1153 1 11788 1
0 30525 4884 5 274 0 2082 1750 374 0 7371 819 957 0 6453 717 461 0 65 1596 680 0 14554 2
1 30764 2683 3 933 0 872 898 1008 0 16056 1784 399 1 13836 1
0 30730 2998 4 1176 0 11439 1271 609 0 12042 1338 504 0 0 388 584 0 7249 1
-1
34 11
2 30630 3913 4 786 0 14382 1598 494 0 4671 984 722 0 11014 1330 977 2 563 1
0 30829 2087 3 419 0 9063 1379 520 0 6363 707 41 0 15403 1
1 30868 1726 2 246 0 15516 1724 39 1 15352 2
2 30784 2496 3 590 0 15489 1721 864 0 6966 774 30 2 8329 1
1 30643 3796 5 186 0 1894 1046 1015 0 1292 597 1169 0 14166 1574 139 0 5202 578 88 1 8089 1
3 30569 4472 5 89 0 6497 1087 486 0 8190 910 870 0 11277 1253 423 0 328 1222 968 3 4277 0
1 30800 2351 3 815 0 2352 943 835 0 12663 1407 778 1 15785 1
1 30715 3133 3 620 0 11024 1768 704 0 12276 1364 537 1 7415 1
3 30797 2374 3 380 0 7716 901 158 0 13248 1472 551 3 9833 1
1 30809 2269 3 468 0 11049 1732 768 0 4815 535 478 1 14945 2
1 30675 3501 3 1139 0 16848 1872 584 0 7421 1629 280 1 6406 0
-1
35 11
2 30708 3195 3 16 0 11808 1312 28 0 16938 1882 71 2 1962 1
0 30730 2998 4 790 0 8073 897 579 0 13878 1542 51 0 5031 559 945 0 3748 0
2 30810 2257 3 70 0 5490 610 976 0 14805 1645 453 2 10515 2
2 30801 2340 3 868 0 4869 541 764 0 16173 1797 287 2 9759 2
0 30800 2354 3 179 0 9531 1059 81 0 11655 1295 750 0 9614 0
1 30822 2149 3 367 0 6710 1009 217 0 10260 1140 306 1 13852 0
0 30755 2768 4 647 0 7344 816 792 0 10188 1132 118 0 1437 819 1029 0 11786 1
2 30700 3269 4 390 0 13365 1485 763 0 4644 516 894 0 11394 1266 974 2 1297 2
1 30783 2508 3 115 0 12969 1441 565 0 9585 1065 610 1 8229 2
2 30790 2441 3 946 0 9081 1009 40 0 12888 1432 24 2 8821 0
2 30666 3582 3 874 0 14267 1953 301 0 14652 1628 715 2 1747 1
-1
36 11
0 30671 3541 3 1017 0 4887 1559 1002 0 17829 1981 546 0 7955 1
3 30645 3772 4 1049 0 10184 1504 993 0 15804 1756 746 0 4608 512 417 3 49 0
0 30599 4203 5 509 0 2628 1374 94 0 9369 1041 992 0 6813 757 302 0 9279 1031 38 0 2510 0
3 30696 3303 4 1175 0 1075 1170 1112 0 7767 863 218 0 11421 1269 190 3 10433 1
1 30738 2922 4 183 0 828 1284 1179 0 8847 983 444 0 5886 654 1023 1 15177 1
3 30599 4196 5 1058 0 3884 588 1085 0 6282 698 1159 0 13599 1511 126 0 4290 1399 905 3 2544 0
0 30727 3025 4 914 0 9895 1372 1140 0 10161 1129 838 0 4707 523 698 0 5964 1
3 30746 2843 3 784 0 4744 886 637 0 17613 1957 256 3 8389 0
2 30647 3757 4 628 0 11153 1627 231 0 7407 823 314 0 11763 1307 476 2 324 0
2 30779 2542 3 611 0 14739 1645 861 0 8073 897 397 2 7967 0
2 30810 2257 4 1134 0 934 684 794 0 7119 791 464 0 7038 782 331 2 15719 0
-1
37 11
0 30697 3301 4 198 0 12806 1805 355 0 8424 936 155 0 5031 559 724 0 4436 1
2 30690 3361 4 1030 0 5976 664 377 0 8484 1152 1129 0 13905 1545 881 2 2325 0
1 30568 4486 4 502 0 4740 1857 1044 0 16767 1863 162 0 6885 765 1126 1 2176 1
1 30801 2342 3 232 0 4039 593 201 0 15732 1748 1022 1 11030 1
1 30523 4900 5 886 0 1464 1715 59 0 8631 959 153 0 10881 1209 1081 0 9153 1017 249 1 394 0
1 30666 3584 3 1200 0 7207 1711 800 0 16857 1873 222 1 6602 0
2 30741 2892 4 1103 0 2092 816 257 0 12132 1348 934 0 6534 726 900 2 9983 2
1 30538 4762 5 371 0 4782 756 1157 0 3948 1255 818 0 16398 1822 400 0 5240 928 1130 1 170 1
2 30624 3968 4 1158 0 13869 1541 896 0 2920 944 602 0 4434 1482 919 2 9401 1
2 30664 3600 4 362 0 3732 1009 1141 0 15921 1769 1070 0 7389 821 1056 2 3622 1
0 30632 3899 4 932 0 5100 1194 25 0 6534 726 1039 0 17802 1978 357 0 1196 1
-1
38 11
2 30819 2174 3 339 0 10728 1192 36 0 8838 982 575 2 11253 0
0 30525 4884 4 1109 0 3671 1956 227 0 10251 1139 91 0 16092 1788 788 0 511 1
1 30622 3989 4 1064 0 4255 1224 1057 0 10557 1173 941 0 14328 1592 394 1 1482 0
1 30588 4302 4 271 0 8817 1409 1090 0 5659 1271 383 0 14598 1622 840 1 1514 0
1 30744 2867 3 606 0 13428 1492 387 0 12375 1375 465 1 4941 0
1 30806 2296 3 721 0 7942 889 1045 0 12654 1406 548 1 10210 1
3 30696 3303 4 713 0 12555 1492 529 0 9522 1058 1105 0 6777 753 1164 3 1842 0
1 30653 3704 4 562 0 11133 1237 719 0 5031 559 544 0 11539 1906 585 1 2950 2
1 30757 2747 4 98 0 5364 596 850 0 11097 1233 1059 0 8262 918 283 1 6034 0
2 30696 3306 3 212 0 17721 1969 1102 0 12033 1337 43 2 942 0
1 30624 3971 4 166 0 5182 1488 760 0 16092 1788 625 0 6237 693 366 1 3113 2
-1
39 11
2 30511 5008 4 1042 0 1040 1890 1062 0 11007 1223 580 0 17046 1894 1150 2 1418 1
3 30756 2751 3 664 0 7830 870 511 0 16920 1880 135 3 6006 1
1 30565 4513 5 925 0 1355 1736 834 0 5247 583 1110 0 14580 1620 245 0 5157 573 1160 1 4226 1
1 30486 5240 5 287 0 5260 1667 686 0 2694 1978 822 0 8748 972 147 0 5598 622 747 1 8186 1
3 30654 3690 4 750 0 943 1173 332 0 7191 799 1069 0 15453 1717 682 3 7067 1
3 30693 3331 3 578 0 14814 1646 906 0 15156 1684 463 3 723 1
2 30699 3278 4 824 0 7650 850 474 0 8793 977 601 0 13050 1450 11 2 1206 1
0 30662 3623 4 974 0 11521 1842 1003 0 6966 774 839 0 9063 1007 400 0 3112 0
0 30697 3301 4 589 0 8297 1167 973 0 11484 1276 963 0 7713 857 389 0 3203 1
3 30763 2687 3 1174 0 11340 1260 1040 0 12843 1427 181 3 6580 0
3 30561 4545 6 1098 0 343 1244 262 0 5103 567 570 0 9972 1108 194 0 6147 683 60 0 8487 943 932 3 509 0
-1
40 11
0 30727 3025 3 1065 0 17568 1952 207 0 7677 853 546 0 5482 220
0 30728 3016 4 1186 0 15858 1762 473 0 4842 538 851 0 6444 716 490 0 3584 0
1 30758 2738 3 557 0 10638 1182 631 0 13995 1555 164 1 6125 1
0 30687 3393 3 747 0 7455 1737 141 0 14895 1655 211 0 8337 1
0 30608 4120 4 7 0 10611 1179 223 0 9450 1050 1023 0 1841 1890 142 0 8706 1
0 30863 1774 2 163 0 15966 1774 518 0 14897 0
2 30676 3490 4 11 0 4255 606 451 0 17658 1962 1099 0 8280 920 678 2 483 2
2 30701 3260 5 517 0 8883 987 979 0 6876 764 697 0 5202 578 865 0 8379 931 1133 2 1361 0
1 30726 3032 4 389 0 3367 729 702 0 9225 1025 820 0 11493 1277 104 1 6641 1
1 30849 1901 3 990 0 6822 758 168 0 10287 1143 898 1 13740 0
0 812 1837 1 331 0 812 1837
-1
