1 3
1 47885 5849 6 156 0 3824 1788 45 0 12033 1337 149 0 10890 1210 144 0 8397 933 104 0 5211 579 158 1 7530 2
0 47938 5122 5 13 0 8074 1199 77 0 4950 550 184 0 15129 1681 23 0 15228 1692 126 0 4557 0
1 47971 4662 5 38 0 13041 1449 175 0 1205 971 136 0 6210 690 67 0 13959 1551 33 1 13556 1
-1
2 3
1 47918 5393 6 159 0 6133 1170 185 0 4824 536 142 0 13194 1466 140 0 10692 1188 157 0 9279 1031 37 1 3796 2
1 47922 5338 6 60 0 11037 1331 96 0 9027 1003 11 0 12753 1417 117 0 7830 870 7 0 6426 714 46 1 849 3
1 47923 5324 5 6 0 8917 1557 130 0 8712 968 161 0 12357 1373 148 0 12834 1426 30 1 5103 0
-1
3 3
0 47943 5053 5 190 0 9198 1829 121 0 9522 1058 18 0 13500 1500 58 0 5976 664 24 0 9747 2
1 47948 4979 6 183 0 14409 1601 170 0 12870 1430 165 0 5319 591 174 0 3155 584 3 0 6957 773 50 1 5238 0
1 47953 4910 5 112 0 12488 1412 35 0 7713 857 172 0 14310 1590 32 0 9423 1047 134 1 4019 4
-1
4 3
0 47959 4832 5 195 0 5225 1394 55 0 7731 859 103 0 9756 1084 127 0 13455 1495 116 0 11792 0
2 47928 5250 5 56 0 17334 1926 57 0 7380 820 94 0 10366 1558 191 0 8514 946 87 2 4334 0
1 47995 4331 4 40 0 11872 1815 89 0 14328 1592 27 0 8280 920 105 1 13515 4
-1
5 3
1 47873 6014 6 116 0 3706 1722 143 0 11664 1296 153 0 6398 730 90 0 9936 1104 189 0 10440 1160 101 1 5729 2
2 47913 5457 5 98 0 10359 1151 87 0 0 1034 19 0 17451 1939 163 0 11970 1330 109 2 8133 3
0 47939 5108 5 193 0 12942 1438 196 0 8469 941 198 0 13959 1551 118 0 1805 929 182 0 10764 249
-1
6 3
0 47981 4528 5 93 0 1504 727 41 0 5886 654 48 0 17073 1897 25 0 11223 1247 156 0 12295 3
0 47944 5039 6 138 0 7004 792 16 0 9333 1037 168 0 15894 1766 83 0 7659 851 1 0 5301 589 13 0 2753 4
1 47860 6194 5 52 0 1852 1919 192 0 10125 1125 123 0 16119 1791 5 0 12213 1357 175 1 7551 2
-1
7 4
1 47896 5697 5 169 0 2019 1088 4 0 14022 1558 2 0 15057 1673 100 0 12384 1376 159 1 4414 2
0 47802 6999 6 8 0 1068 1911 179 0 12987 1443 92 0 5445 605 129 0 16785 1865 64 0 10566 1174 60 0 951 1
0 47935 5163 6 22 0 10250 1542 62 0 4644 516 199 0 5589 621 71 0 10944 1216 128 0 11403 1267 6 0 5105 1
0 11944 1707 2 180 0 2314 637 9 0 9630 1070
-1
8 3
2 47953 4905 4 80 0 9791 1478 81 0 14481 1609 155 0 16335 1815 195 2 7346 3
1 47914 5448 6 135 0 2652 825 150 0 16056 1784 151 0 6093 677 84 0 11565 1285 167 0 7866 874 94 1 3682 3
0 47910 5508 5 164 0 238 707 42 0 10881 1209 28 0 17514 1946 72 0 14787 1643 40 0 4490 3
-1
9 4
1 47945 5021 6 86 0 7476 1388 47 0 6444 716 119 0 4662 518 108 0 14976 1664 66 0 6588 732 169 1 7799 3
0 47947 4998 5 63 0 4582 1972 114 0 4617 513 68 0 13698 1522 111 0 8892 988 8 0 16158 3
0 47894 5729 6 70 0 3550 1205 160 0 17388 1932 124 0 6966 774 162 0 7794 866 36 0 8568 952 22 0 3628 0
1 47942 5062 4 79 0 15553 1843 51 0 11988 1332 166 0 16974 1886 180 1 3427 1
-1
10 3
2 47935 5154 5 122 0 7209 801 101 0 11379 1899 107 0 10080 1120 115 0 11979 1331 190 2 7288 3
1 47875 5987 5 109 0 8938 1894 34 0 8055 895 173 0 11295 1255 82 0 17469 1941 174 1 2118 2
0 47857 6240 5 182 0 0 947 177 0 13482 1498 120 0 17208 1912 186 0 16947 1883 112 0 220 0
-1
11 4
1 47963 4772 5 29 0 15606 1734 54 0 9810 1090 74 0 6192 688 131 0 11331 1259 86 1 5024 1
2 47929 5237 6 176 0 196 1396 53 0 12096 1344 39 0 4941 549 65 0 8658 962 26 0 8838 982 63 2 13200 4
0 47907 5550 5 44 0 6097 1715 14 0 5058 562 132 0 17307 1923 125 0 12114 1346 70 0 7331 4
2 47890 5775 6 10 0 67 576 171 0 8721 969 146 0 17505 1945 181 0 7191 799 133 0 13356 1484 79 2 1050 2
-1
12 3
1 47891 5766 5 43 0 9684 1076 21 0 12078 1342 158 0 6446 1551 31 0 16173 1797 80 1 3510 0
0 47925 5301 5 126 0 7476 1337 76 0 6372 708 17 0 15156 1684 69 0 14130 1570 135 0 4791 2
0 47864 6143 5 33 0 3741 1921 73 0 8712 968 78 0 14481 1609 141 0 14796 1644 164 0 6134 1
-1
13 3
1 47944 5034 5 24 0 1908 1293 97 0 15660 1740 194 0 8037 893 49 0 9972 1108 176 1 12367 0
0 47956 4873 5 50 0 11447 1854 145 0 6048 672 152 0 11583 1287 147 0 9540 1060 44 0 9338 0
1 47932 5200 5 134 0 5988 1108 85 0 8631 959 75 0 12015 1335 188 0 16164 1796 10 1 5134 2
-1
14 3
1 47933 5186 5 91 0 13365 1485 37 0 6679 1162 154 0 13365 1485 139 0 9477 1053 93 1 5047 1
2 47917 5402 5 178 0 16290 1810 61 0 14013 1557 137 0 12852 1428 46 0 4631 606 138 2 131 1
2 48005 4188 4 12 0 14562 1618 106 0 5958 662 30 0 12050 1906 52 2 15435 2
-1
15 3
2 47924 5306 5 102 0 12348 1372 110 0 6399 711 59 0 15813 1757 113 0 13167 1463 153 2 197 3
0 47963 4777 5 95 0 6552 728 88 0 14832 1648 99 0 10161 1129 187 0 7002 778 87 0 9416 494
0 47868 6088 6 15 0 6021 669 105 0 2522 1778 197 0 4761 529 20 0 17415 1935 200 0 10593 1177 118 0 6556 0
-1
