1 26
3 1945 0 1 32 3 1945 0
3 1678 977 2 32 0 721 977 1052 3 957 0
3 1945 0 1 283 3 1945 0
2 1677 982 2 283 0 938 982 202 2 739 0
3 1898 172 2 440 0 771 172 1125 3 1127 0
3 1945 0 1 408 3 1945 0
0 1883 230 2 456 0 480 230 1082 0 1403 0
3 1945 0 1 352 3 1945 0
1 1704 884 2 352 0 1478 884 960 1 226 0
3 1945 0 1 982 3 1945 0
2 1850 348 2 446 0 592 348 772 2 1258 0
3 1945 0 1 998 3 1945 0
3 1945 0 1 1107 3 1945 0
3 1945 0 1 311 3 1945 0
0 1823 449 2 1013 0 165 449 978 0 1658 0
3 1945 0 1 179 3 1945 0
2 1853 338 2 473 0 1596 337 48 2 257 1
1 1823 448 2 344 0 1531 448 78 1 292 0
3 1945 0 1 79 3 1945 0
3 1945 0 1 108 3 1945 0
3 1945 0 1 289 3 1945 0
3 1945 0 1 452 3 1945 0
3 1818 465 3 316 0 388 346 428 0 1071 119 1003 3 359 0
3 1945 0 1 679 3 1945 0
3 1945 0 1 1030 3 1945 0
0 972 365 2 1175 0 0 257 981 0 972 108
-1
2 28
0 2493 0 1 1072 0 2493 0
0 2493 0 1 1072 0 2493 0
0 2300 706 2 1072 0 1368 706 711 0 932 0
0 2493 0 1 711 0 2493 0
0 2493 0 1 711 0 2493 0
1 2277 789 2 711 0 1183 789 1085 1 1094 0
0 2493 0 1 1085 0 2493 0
0 2493 0 1 1085 0 2493 0
2 2259 854 2 1085 0 1605 854 165 2 654 0
1 2413 291 2 165 0 1963 291 982 1 450 0
0 2493 0 1 181 0 2493 0
0 2493 0 1 181 0 2493 0
2 2438 199 2 881 0 1791 199 311 2 647 0
0 2493 0 1 311 0 2493 0
2 2379 415 2 978 0 2077 415 508 2 302 0
0 2493 0 1 179 0 2493 0
2 2434 213 2 566 0 1282 213 506 2 1152 0
2 2453 144 2 795 0 1174 144 757 2 1279 0
0 2399 344 2 1160 0 1887 344 1197 0 512 0
0 2304 691 2 260 0 215 691 503 0 2089 0
0 2493 0 1 1105 0 2493 0
0 2493 0 1 866 0 2493 0
2 2364 470 2 1003 0 17 470 894 2 2347 0
2 2228 967 2 313 0 864 967 1060 2 1364 0
0 2317 644 2 959 0 689 644 1030 0 1628 0
0 2268 823 2 413 0 504 823 670 0 1764 0
0 2493 0 1 1078 0 2493 0
0 2493 0 1 1134 0 2493 0
-1
3 36
0 1638 311 2 126 0 200 311 1046 0 1438 0
0 1723 0 1 975 0 1723 0
0 1586 502 3 975 0 0 367 1092 0 1215 135 807 0 371 0
0 1672 187 2 264 0 948 187 1083 0 724 0
1 1584 508 2 1083 0 1249 508 914 1 335 0
0 1723 0 1 914 0 1723 0
0 1481 886 2 914 0 717 886 40 0 764 0
0 1723 0 1 40 0 1723 0
2 1461 957 2 40 0 928 957 238 2 533 0
0 1723 0 1 238 0 1723 0
2 1660 229 2 943 0 1440 229 820 2 220 0
0 1723 0 1 268 0 1723 0
0 1723 0 1 268 0 1723 0
0 1723 0 1 424 0 1723 0
0 1723 0 1 887 0 1723 0
0 1723 0 1 1010 0 1723 0
1 1664 215 2 886 0 635 215 850 1 1029 0
0 1723 0 1 850 0 1723 0
0 1723 0 1 361 0 1723 0
0 1723 0 1 556 0 1723 0
1 1558 603 2 556 0 847 603 549 1 711 0
0 1723 0 1 549 0 1723 0
0 1723 0 1 607 0 1723 0
0 1723 0 1 679 0 1723 0
0 1723 0 1 1023 0 1723 0
0 1723 0 1 116 0 1723 0
0 1723 0 1 743 0 1723 0
0 1723 0 1 562 0 1723 0
0 1723 0 1 1121 0 1723 0
1 1644 289 2 258 0 1127 288 1157 1 517 1
0 1723 0 1 1157 0 1723 0
0 1477 901 2 1157 0 679 901 718 0 798 0
0 1723 0 1 718 0 1723 0
0 1723 0 1 1154 0 1723 0
0 1723 0 1 1154 0 1723 0
0 1723 0 1 767 0 1723 0
-1
4 34
2 536 208 2 781 0 436 208 329 2 100 0
2 593 0 1 329 2 593 0
2 593 0 1 329 2 593 0
2 593 0 1 657 2 593 0
2 593 0 1 844 2 593 0
2 593 0 1 844 2 593 0
0 539 199 1 844 0 539 199
2 593 0 1 14 2 593 0
2 593 0 1 189 2 593 0
2 593 0 1 366 2 593 0
2 593 0 1 1153 2 593 0
2 593 0 1 1153 2 593 0
2 593 0 1 1153 2 593 0
2 593 0 1 58 2 593 0
2 593 0 1 974 2 593 0
2 593 0 1 821 2 593 0
0 404 693 2 45 0 373 201 97 0 31 492
2 593 0 1 907 2 593 0
3 529 233 2 907 0 66 233 963 3 463 0
2 593 0 1 819 2 593 0
1 510 304 2 819 0 261 304 732 1 249 0
2 593 0 1 409 2 593 0
1 555 140 2 741 0 270 140 9 1 285 0
2 593 0 1 9 2 593 0
2 593 0 1 1014 2 593 0
2 593 0 1 330 2 593 0
2 593 0 1 815 2 593 0
2 593 0 1 815 2 593 0
2 593 0 1 742 2 593 0
2 528 238 2 742 0 0 238 490 2 528 0
2 593 0 1 218 2 593 0
2 593 0 1 613 2 593 0
2 593 0 1 613 2 593 0
2 591 7 2 1081 0 0 7 546 2 591 0
-1
5 29
2 2526 0 1 363 2 2526 0
0 2405 445 2 135 0 830 445 367 0 1575 0
3 2364 592 2 367 0 0 592 1139 3 2364 0
2 2253 999 2 1139 0 15 999 536 2 2238 0
0 2476 185 2 1131 0 1365 185 849 0 1111 0
1 2462 235 2 161 0 894 235 1090 1 1568 0
2 2276 915 2 1090 0 57 915 1025 2 2219 0
2 2321 750 2 852 0 1814 750 208 2 507 0
1 2392 492 2 296 0 1612 492 419 1 780 0
0 2476 185 2 1158 0 1665 185 138 0 811 0
2 2526 0 1 581 2 2526 0
0 2410 427 2 722 0 27 427 772 0 2383 0
2 2526 0 1 1019 2 2526 0
2 2526 0 1 987 2 2526 0
1 2421 385 2 1174 0 536 385 537 1 1885 0
0 2324 741 2 1011 0 789 741 162 0 1535 0
2 2389 502 2 142 0 1853 502 179 2 536 0
1 2442 309 2 614 0 182 309 246 1 2260 0
2 2526 0 1 129 2 2526 0
2 2526 0 1 1197 2 2526 0
2 2294 849 2 108 0 424 849 966 2 1870 0
0 2379 540 1 560 0 2379 540
0 2268 946 2 603 0 613 946 1199 0 1655 0
1 2357 620 2 894 0 1692 620 940 1 665 0
2 2398 469 2 923 0 2066 469 629 2 332 0
0 2395 482 2 646 0 2101 482 413 0 294 0
3 2390 497 2 670 0 1170 497 512 3 1220 0
2 2526 0 1 1078 2 2526 0
2 2526 0 1 531 2 2526 0
-1
6 36
3 1566 0 1 251 3 1566 0
2 1483 304 2 251 0 1167 304 170 2 316 0
3 1566 0 1 170 3 1566 0
3 1566 0 1 170 3 1566 0
2 1430 498 2 170 0 1026 498 1007 2 404 0
3 1566 0 1 1007 3 1566 0
0 1405 592 2 1007 0 22 592 398 0 1383 0
3 1566 0 1 398 3 1566 0
3 1566 0 1 398 3 1566 0
1 1417 547 2 398 0 402 547 366 1 1015 0
3 1566 0 1 841 3 1566 0
3 1566 0 1 841 3 1566 0
3 1566 0 1 125 3 1566 0
3 1566 0 1 1064 3 1566 0
3 1566 0 1 974 3 1566 0
3 1566 0 1 821 3 1566 0
3 1566 0 1 842 3 1566 0
3 1566 0 1 985 3 1566 0
3 1566 0 1 461 3 1566 0
0 1559 28 1 461 0 1559 28
3 1566 0 1 589 3 1566 0
0 1409 577 2 1186 0 397 577 582 0 1012 0
3 1566 0 1 582 3 1566 0
3 1566 0 1 859 3 1566 0
1 1378 690 2 423 0 1303 690 431 1 75 0
0 1487 292 2 712 0 313 292 330 0 1174 0
3 1566 0 1 322 3 1566 0
1 1420 536 2 274 0 679 536 815 1 741 0
3 1566 0 1 490 3 1566 0
3 1566 0 1 490 3 1566 0
3 1566 0 1 854 3 1566 0
1 1460 390 2 448 0 25 390 1086 1 1435 0
3 1566 0 1 613 3 1566 0
3 1566 0 1 1028 3 1566 0
2 1332 857 2 1028 0 191 857 599 2 1141 0
3 1346 805 2 599 0 839 805 620 3 507 0
-1
7 28
0 2705 0 1 135 0 2705 0
0 2621 308 1 367 0 2621 308
0 2705 0 1 1139 0 2705 0
1 2453 922 2 536 0 2145 921 1131 1 308 1
2 2513 701 2 849 0 1294 701 161 2 1219 0
0 2705 0 1 1090 0 2705 0
0 2705 0 1 852 0 2705 0
0 2705 0 1 296 0 2705 0
3 2651 195 2 680 0 250 195 379 3 2401 0
0 2653 191 2 1073 0 258 191 581 0 2395 0
0 2705 0 1 722 0 2705 0
2 2597 394 2 1017 0 809 393 893 2 1788 1
0 2439 974 2 1019 0 2334 974 987 0 105 0
0 2705 0 1 1174 0 2705 0
0 2705 0 1 1011 0 2705 0
3 2662 155 2 162 0 0 155 142 3 2662 0
1 2586 435 2 331 0 313 435 614 1 2273 0
2 2650 200 2 78 0 1507 200 129 2 1143 0
2 2510 712 3 1026 0 695 309 79 0 608 403 1160 2 1207 0
0 2629 278 2 961 0 264 278 108 0 2365 0
1 2534 625 2 289 0 2364 625 560 1 170 0
0 2705 0 1 603 0 2705 0
0 2705 0 1 1003 0 2705 0
1 2515 695 2 553 0 1213 695 1060 1 1302 0
0 2705 0 1 959 0 2705 0
0 2705 0 1 413 0 2705 0
1 2497 761 2 1056 0 1647 760 464 1 850 1
2 2604 368 2 67 0 160 368 1134 2 2444 0
-1
8 29
3 2183 610 2 75 0 1126 610 447 3 1057 0
0 2270 294 2 672 0 364 294 984 0 1906 0
2 2350 0 1 1037 2 2350 0
2 2350 0 1 587 2 2350 0
2 2350 0 1 972 2 2350 0
2 2350 0 1 602 2 2350 0
0 2114 865 2 1109 0 836 865 493 0 1278 0
2 2350 0 1 1144 2 2350 0
2 2350 0 1 239 2 2350 0
2 2350 0 1 550 2 2350 0
2 2231 435 2 660 0 1564 435 15 2 667 0
2 2350 0 1 534 2 2350 0
2 2350 0 1 72 2 2350 0
2 2350 0 1 458 2 2350 0
2 2350 0 1 328 2 2350 0
0 1988 1326 3 876 0 1321 686 1115 0 661 640 269 0 6 0
2 2350 0 1 676 2 2350 0
3 2107 888 2 474 0 2049 888 1112 3 58 0
2 2350 0 1 835 2 2350 0
2 2350 0 1 167 2 2350 0
2 2350 0 1 19 2 2350 0
2 2350 0 1 549 2 2350 0
0 2271 291 2 163 0 1323 291 607 0 948 0
2 2301 179 2 1099 0 346 179 679 2 1955 0
2 2350 0 1 1023 2 2350 0
0 2148 741 2 1038 0 1097 741 116 0 1051 0
2 2350 0 1 995 2 2350 0
2 2163 684 3 100 0 168 432 411 0 818 252 562 2 1177 0
2 2350 0 1 1036 2 2350 0
-1
9 34
2 2422 0 1 648 2 2422 0
2 2325 355 2 648 0 771 355 908 2 1554 0
2 2422 0 1 908 2 2422 0
2 2422 0 1 908 2 2422 0
0 2200 814 2 908 0 922 814 827 0 1278 0
2 2332 329 2 827 0 1683 329 1109 2 649 0
2 2422 0 1 1109 2 2422 0
2 2422 0 1 828 2 2422 0
2 2422 0 1 828 2 2422 0
2 2224 724 2 828 0 1668 724 698 2 556 0
2 2422 0 1 698 2 2422 0
2 2422 0 1 698 2 2422 0
1 2249 634 2 698 0 300 634 1034 1 1949 0
2 2422 0 1 1034 2 2422 0
2 2191 845 2 1034 0 1348 845 876 2 843 0
2 2422 0 1 876 2 2422 0
1 2283 510 2 1141 0 1837 510 883 1 446 0
2 2422 0 1 883 2 2422 0
2 2235 684 2 1000 0 404 684 1106 2 1831 0
0 2221 738 2 1106 0 1592 738 301 0 629 0
2 2422 0 1 301 2 2422 0
2 2422 0 1 488 2 2422 0
2 2422 0 1 488 2 2422 0
2 2422 0 1 1068 2 2422 0
2 2283 509 2 404 0 217 509 1130 2 2066 0
3 2389 120 2 973 0 1080 120 191 3 1309 0
2 2422 0 1 191 2 2422 0
2 2422 0 1 100 2 2422 0
2 2422 0 1 1036 2 2422 0
2 2422 0 1 1102 2 2422 0
2 2258 600 2 1102 0 1999 600 639 2 259 0
2 2422 0 1 639 2 2422 0
2 2422 0 1 639 2 2422 0
1 2172 916 2 639 0 2147 916 942 1 25 0
-1
10 27
1 1352 0 1 993 1 1352 0
1 1352 0 1 310 1 1352 0
1 1352 0 1 1012 1 1352 0
1 1352 0 1 242 1 1352 0
1 1352 0 1 794 1 1352 0
1 1352 0 1 199 1 1352 0
2 1343 32 2 16 0 0 32 1132 2 1343 0
1 1352 0 1 200 1 1352 0
1 1352 0 1 1162 1 1352 0
1 1352 0 1 11 1 1352 0
1 1311 150 2 113 0 899 150 188 1 412 0
0 1159 707 2 188 0 535 707 33 0 624 0
1 1352 0 1 459 1 1352 0
1 1352 0 1 339 1 1352 0
3 1256 349 2 217 0 115 349 166 3 1141 0
1 1352 0 1 166 1 1352 0
0 1338 52 1 245 0 1338 52
1 1352 0 1 980 1 1352 0
0 1140 777 2 757 0 734 776 516 0 406 1
1 1352 0 1 260 1 1352 0
1 1352 0 1 503 1 1352 0
1 1352 0 1 866 1 1352 0
1 1352 0 1 1059 1 1352 0
1 1352 0 1 313 1 1352 0
0 1205 539 1 62 0 1205 539
1 1352 0 1 539 1 1352 0
1 1352 0 1 1049 1 1352 0
-1
11 30
2 1287 0 1 297 2 1287 0
2 1287 0 1 555 2 1287 0
0 1243 163 2 773 0 401 163 65 0 842 0
3 1244 157 2 168 0 1123 157 105 3 121 0
2 1287 0 1 105 2 1287 0
1 1063 821 2 105 0 550 821 56 1 513 0
1 1169 433 2 56 0 670 433 349 1 499 0
2 1287 0 1 501 2 1287 0
2 1287 0 1 501 2 1287 0
2 1226 224 2 180 0 445 224 226 2 781 0
2 1287 0 1 226 2 1287 0
0 1106 665 2 226 0 0 665 893 0 1106 0
3 1232 201 2 804 0 818 201 958 3 414 0
2 1287 0 1 99 2 1287 0
0 1083 749 2 99 0 796 749 17 0 287 0
2 1287 0 1 470 2 1287 0
2 1287 0 1 209 2 1287 0
2 1287 0 1 344 2 1287 0
2 1287 0 1 799 2 1287 0
1 1031 938 2 799 0 99 938 315 1 932 0
2 1128 582 2 315 0 155 582 1067 2 973 0
1 1262 93 2 332 0 0 93 452 1 1262 0
2 1287 0 1 316 2 1287 0
2 1287 0 1 553 2 1287 0
2 1287 0 1 1030 2 1287 0
2 1287 0 1 572 2 1287 0
2 1287 0 1 1056 2 1287 0
2 1287 0 1 968 2 1287 0
0 1049 873 2 968 0 946 873 547 0 103 0
2 1287 0 1 547 2 1287 0
-1
12 30
2 1212 643 2 363 0 744 643 135 2 468 0
1 1388 0 1 367 1 1388 0
1 1388 0 1 1139 1 1388 0
1 1388 0 1 536 1 1388 0
1 1388 0 1 849 1 1388 0
1 1388 0 1 1090 1 1388 0
1 1388 0 1 852 1 1388 0
2 1261 464 2 208 0 1143 463 296 2 118 1
1 1388 0 1 680 1 1388 0
1 1388 0 1 1073 1 1388 0
0 1161 832 2 581 0 50 832 722 0 1111 0
1 1388 0 1 1017 1 1388 0
1 1388 0 1 1019 1 1388 0
3 1289 360 2 91 0 1068 360 1174 3 221 0
1 1388 0 1 1011 1 1388 0
0 1269 436 1 162 0 1269 436
1 1388 0 1 331 1 1388 0
1 1388 0 1 246 1 1388 0
1 1388 0 1 1026 1 1388 0
1 1388 0 1 961 1 1388 0
2 1311 281 2 503 0 0 281 289 2 1311 0
1 1388 0 1 603 1 1388 0
0 1246 521 2 1199 0 519 521 1003 0 727 0
1 1388 0 1 553 1 1388 0
1 1388 0 1 959 1 1388 0
1 1388 0 1 413 1 1388 0
1 1388 0 1 1056 1 1388 0
1 1388 0 1 67 1 1388 0
1 1388 0 1 968 1 1388 0
1 1388 0 1 547 1 1388 0
-1
13 36
2 2597 0 1 126 2 2597 0
1 2515 301 2 1046 0 1271 301 975 1 1244 0
0 2531 244 1 975 0 2531 244
2 2531 241 2 807 0 1798 241 264 2 733 0
2 2597 0 1 1083 2 2597 0
2 2597 0 1 914 2 2597 0
2 2597 0 1 914 2 2597 0
2 2597 0 1 40 2 2597 0
2 2597 0 1 40 2 2597 0
2 2597 0 1 238 2 2597 0
1 2396 737 2 238 0 1767 736 943 1 629 1
0 2537 222 2 820 0 1767 221 268 0 770 1
2 2597 0 1 268 2 2597 0
2 2361 864 2 268 0 970 864 424 2 1391 0
1 2444 561 2 424 0 1933 561 887 1 511 0
2 2597 0 1 1010 2 2597 0
0 2432 606 2 1010 0 1132 606 886 0 1300 0
2 2597 0 1 850 2 2597 0
1 2337 952 2 850 0 1499 952 361 1 838 0
2 2421 644 2 361 0 2165 644 556 2 256 0
2 2597 0 1 556 2 2597 0
2 2597 0 1 549 2 2597 0
1 2479 433 3 127 0 0 207 812 0 2034 226 607 1 445 0
0 2493 383 2 607 0 0 222 298 0 2493 161
2 2597 0 1 1023 2 2597 0
0 2453 529 1 1175 0 2453 529
2 2597 0 1 743 2 2597 0
1 2546 188 2 38 0 1097 188 411 1 1449 0
0 2597 2 1 263 0 2597 2
1 2513 308 2 1121 0 1049 308 258 1 1464 0
2 2597 0 1 1157 2 2597 0
2 2597 0 1 1157 2 2597 0
2 2597 0 1 718 2 2597 0
2 2421 644 2 718 0 676 644 1154 2 1745 0
2 2597 0 1 1154 2 2597 0
3 2330 976 2 1154 0 992 976 55 3 1338 0
-1
14 36
0 2354 0 1 36 0 2354 0
2 2265 323 2 249 0 207 323 1055 2 2058 0
2 2162 700 2 1055 0 1331 700 1048 2 831 0
0 2288 241 1 1048 0 2288 241
0 2354 0 1 532 0 2354 0
0 2354 0 1 1007 0 2354 0
0 2354 0 1 1196 0 2354 0
2 2108 898 2 1196 0 968 898 480 2 1140 0
0 2213 516 1 480 0 2213 516
0 2354 0 1 141 0 2354 0
0 2240 417 2 788 0 1576 417 841 0 664 0
2 2128 825 2 841 0 714 825 790 2 1414 0
3 2301 191 2 287 0 798 191 495 3 1503 0
1 1966 1419 3 495 0 715 570 1064 0 217 849 505 1 1034 0
1 2136 797 2 974 0 1551 796 821 1 585 1
2 2113 880 2 821 0 834 880 842 2 1279 0
1 2130 818 3 842 0 136 655 925 0 1467 163 985 1 527 0
0 2354 0 1 640 0 2354 0
0 2354 0 1 461 0 2354 0
0 2217 501 2 247 0 1775 501 589 0 442 0
0 2354 0 1 1186 0 2354 0
0 2354 0 1 582 0 2354 0
3 2299 198 2 282 0 109 198 859 3 2190 0
0 2354 0 1 423 0 2354 0
0 2315 142 2 431 0 0 142 712 0 2315 0
0 2354 0 1 322 0 2354 0
0 2354 0 1 274 0 2354 0
1 2123 844 2 815 0 110 844 695 1 2013 0
2 2152 737 2 695 0 1710 737 490 2 442 0
2 2246 393 2 609 0 1746 393 854 2 500 0
0 2354 0 1 448 0 2354 0
2 2162 700 2 1086 0 1955 700 613 2 207 0
0 2081 999 3 613 0 158 862 735 0 1233 137 1028 0 690 0
0 2354 0 1 1028 0 2354 0
0 2354 0 1 599 0 2354 0
0 2354 0 1 839 0 2354 0
-1
15 26
2 2780 0 1 993 2 2780 0
2 2780 0 1 310 2 2780 0
2 2696 308 2 310 0 0 308 1012 2 2696 0
0 2510 991 2 1012 0 2235 991 242 0 275 0
2 2780 0 1 794 2 2780 0
2 2780 0 1 199 2 2780 0
0 2707 270 2 870 0 1078 121 16 0 1629 149
0 2623 577 2 1132 0 1215 577 200 0 1408 0
3 2573 757 3 200 0 267 629 650 0 1152 128 1162 3 1154 0
2 2780 0 1 11 2 2780 0
2 2681 363 2 805 0 2232 363 113 2 449 0
2 2780 0 1 188 2 2780 0
2 2780 0 1 459 2 2780 0
2 2727 194 2 970 0 1047 194 339 2 1680 0
2 2780 0 1 217 2 2780 0
2 2780 0 1 166 2 2780 0
2 2780 0 1 245 2 2780 0
2 2780 0 1 980 2 2780 0
2 2780 0 1 757 2 2780 0
1 2676 382 2 450 0 659 382 260 1 2017 0
2 2699 297 3 656 0 1170 130 309 0 1503 167 503 2 26 0
1 2596 675 2 360 0 2411 675 866 1 185 0
2 2780 0 1 1059 2 2780 0
2 2780 0 1 313 2 2780 0
2 2780 0 1 62 2 2780 0
0 2704 281 2 80 0 94 281 539 0 2610 0
-1
16 30
2 1044 0 1 75 2 1044 0
1 997 173 2 631 0 429 173 164 1 568 0
2 1044 0 1 984 2 1044 0
3 831 779 2 1037 0 438 779 1145 3 393 0
2 1044 0 1 438 2 1044 0
2 1044 0 1 972 2 1044 0
0 864 661 2 602 0 308 661 1109 0 556 0
1 927 429 2 493 0 649 429 481 1 278 0
2 1044 0 1 1144 2 1044 0
2 1044 0 1 26 2 1044 0
2 1044 0 1 433 2 1044 0
2 1044 0 1 15 2 1044 0
1 822 814 2 534 0 79 814 72 1 743 0
1 871 634 2 579 0 830 634 458 1 41 0
2 1044 0 1 817 2 1044 0
2 1044 0 1 887 2 1044 0
2 1044 0 1 269 2 1044 0
2 1044 0 1 474 2 1044 0
2 1044 0 1 1112 2 1044 0
2 1044 0 1 167 2 1044 0
2 1044 0 1 1146 2 1044 0
2 1044 0 1 54 2 1044 0
2 1044 0 1 127 2 1044 0
2 1044 0 1 607 2 1044 0
2 1044 0 1 404 2 1044 0
2 1044 0 1 1038 2 1044 0
2 1044 0 1 116 2 1044 0
2 1044 0 1 930 2 1044 0
2 1044 0 1 263 2 1044 0
2 1008 132 2 1104 0 356 132 1065 2 652 0
-1
17 27
3 1477 0 1 601 3 1477 0
3 1477 0 1 601 3 1477 0
3 1477 0 1 689 3 1477 0
2 1309 616 2 689 0 359 616 18 2 950 0
3 1477 0 1 18 3 1477 0
3 1477 0 1 68 3 1477 0
3 1477 0 1 1168 3 1477 0
3 1477 0 1 1168 3 1477 0
3 1477 0 1 1116 3 1477 0
1 1322 569 2 1116 0 197 569 1181 1 1125 0
1 1295 668 2 1181 0 183 668 466 1 1112 0
3 1477 0 1 730 3 1477 0
3 1477 0 1 93 3 1477 0
3 1477 0 1 358 3 1477 0
3 1477 0 1 31 3 1477 0
3 1477 0 1 31 3 1477 0
1 1283 712 2 48 0 649 712 566 1 634 0
3 1477 0 1 653 3 1477 0
0 1234 892 2 653 0 660 892 237 0 574 0
3 1477 0 1 782 3 1477 0
2 1318 583 2 605 0 249 583 301 2 1069 0
3 1477 0 1 396 3 1477 0
2 1055 1545 3 856 0 350 967 488 0 354 578 751 2 351 0
0 1475 10 1 751 0 1475 10
2 1434 158 2 774 0 1422 158 1130 2 12 0
3 1477 0 1 916 3 1477 0
1 1214 964 2 191 0 58 964 124 1 1156 0
-1
18 38
1 2137 184 2 528 0 1656 184 232 1 481 0
2 2187 0 1 232 2 2187 0
1 2047 514 2 232 0 1955 514 847 1 92 0
2 2187 0 1 847 2 2187 0
2 2098 326 2 847 0 652 326 926 2 1446 0
2 2187 0 1 926 2 2187 0
1 2030 576 2 926 0 1547 576 92 1 483 0
2 2187 0 1 92 2 2187 0
2 2187 0 1 92 2 2187 0
2 2187 0 1 92 2 2187 0
2 1932 933 2 92 0 1346 933 1097 2 586 0
2 2187 0 1 1097 2 2187 0
2 2187 0 1 1097 2 2187 0
2 2187 0 1 1097 2 2187 0
0 1937 917 2 1097 0 1098 917 1188 0 839 0
2 2187 0 1 1188 2 2187 0
2 2187 0 1 1188 2 2187 0
2 2187 0 1 653 2 2187 0
2 2187 0 1 237 2 2187 0
2 2082 385 2 782 0 1701 385 132 2 381 0
1 1956 847 2 301 0 1581 847 396 1 375 0
2 2187 0 1 396 2 2187 0
2 2187 0 1 333 2 2187 0
2 2187 0 1 333 2 2187 0
2 2187 0 1 1130 2 2187 0
1 2002 678 2 916 0 1222 678 293 1 780 0
2 2187 0 1 124 2 2187 0
2 2187 0 1 1079 2 2187 0
2 2187 0 1 376 2 2187 0
2 2187 0 1 376 2 2187 0
2 2187 0 1 810 2 2187 0
2 2187 0 1 810 2 2187 0
0 2053 493 2 810 0 59 493 1149 0 1994 0
2 2187 0 1 1149 2 2187 0
2 2187 0 1 1149 2 2187 0
1 1982 752 2 1149 0 396 752 521 1 1586 0
2 2120 245 2 521 0 618 245 644 2 1502 0
2 2187 0 1 644 2 2187 0
-1
19 29
1 2514 0 1 363 1 2514 0
1 2514 0 1 367 1 2514 0
1 2514 0 1 1139 1 2514 0
1 2514 0 1 536 1 2514 0
1 2514 0 1 849 1 2514 0
1 2514 0 1 1090 1 2514 0
2 2399 420 2 1025 0 1559 420 852 2 840 0
1 2514 0 1 208 1 2514 0
2 2420 343 2 419 0 2306 343 680 2 114 0
2 2418 351 2 138 0 2348 351 1073 2 70 0
1 2514 0 1 581 1 2514 0
3 2286 833 3 772 0 41 732 1066 0 909 101 1017 3 1336 0
1 2514 0 1 1019 1 2514 0
2 2426 321 2 987 0 256 321 91 2 2170 0
1 2437 282 2 537 0 652 282 1011 1 1785 0
1 2514 0 1 162 1 2514 0
1 2250 967 2 179 0 38 967 331 1 2212 0
1 2514 0 1 246 1 2514 0
2 2293 808 2 129 0 1598 808 1026 2 695 0
1 2344 623 2 1197 0 1487 622 961 1 857 1
0 2311 744 2 966 0 2268 460 503 0 43 284
3 2466 174 2 865 0 1566 174 603 3 900 0
1 2514 0 1 1199 1 2514 0
3 2397 427 2 940 0 36 427 553 3 2361 0
1 2460 198 2 629 0 1448 198 959 1 1012 0
1 2514 0 1 413 1 2514 0
1 2514 0 1 1056 1 2514 0
0 2332 667 2 1078 0 569 667 67 0 1763 0
2 2410 380 2 531 0 892 380 968 2 1518 0
-1
20 36
1 1070 0 1 622 1 1070 0
1 1070 0 1 622 1 1070 0
0 900 623 1 622 0 900 623
1 1070 0 1 57 1 1070 0
1 1070 0 1 57 1 1070 0
1 1070 0 1 57 1 1070 0
0 950 440 2 57 0 747 440 158 0 203 0
1 1070 0 1 158 1 1070 0
1 1070 0 1 158 1 1070 0
1 1070 0 1 158 1 1070 0
1 1070 0 1 158 1 1070 0
1 1070 0 1 158 1 1070 0
1 1070 0 1 158 1 1070 0
1 1070 0 1 158 1 1070 0
0 836 857 2 158 0 13 857 573 0 823 0
1 1070 0 1 573 1 1070 0
1 1070 0 1 573 1 1070 0
0 955 422 2 573 0 833 422 795 0 122 0
1 1070 0 1 79 1 1070 0
1 1070 0 1 1197 1 1070 0
1 1070 0 1 503 1 1070 0
0 1031 144 3 1105 0 0 78 560 0 0 66 360 0 1031 0
1 1070 0 1 1059 1 1070 0
1 1070 0 1 313 1 1070 0
1 1070 0 1 62 1 1070 0
1 1070 0 1 80 1 1070 0
1 809 955 3 512 0 757 220 539 0 19 735 1134 1 33 0
1 1070 0 1 1134 1 1070 0
1 1070 0 1 1049 1 1070 0
1 1070 0 1 758 1 1070 0
1 1070 0 1 758 1 1070 0
1 1031 142 2 604 0 934 142 578 1 97 0
1 1070 0 1 831 1 1070 0
1 1070 0 1 831 1 1070 0
1 1070 0 1 831 1 1070 0
1 1070 0 1 831 1 1070 0
-1
21 28
0 1322 0 1 377 0 1322 0
0 1322 0 1 377 0 1322 0
0 1322 0 1 590 0 1322 0
0 1247 274 2 798 0 271 274 816 0 976 0
3 1204 429 2 816 0 20 429 1094 3 1184 0
0 1322 0 1 1094 0 1322 0
0 1322 0 1 467 0 1322 0
0 1322 0 1 186 0 1322 0
0 1322 0 1 186 0 1322 0
1 1052 987 2 186 0 509 987 362 1 543 0
0 1322 0 1 362 0 1322 0
2 1136 678 2 466 0 859 678 998 2 277 0
0 1322 0 1 693 0 1322 0
0 1322 0 1 358 0 1322 0
0 1322 0 1 508 0 1322 0
0 1322 0 1 48 0 1322 0
0 1322 0 1 48 0 1322 0
0 1322 0 1 883 0 1322 0
0 1322 0 1 1000 0 1322 0
0 1322 0 1 1106 0 1322 0
0 1322 0 1 605 0 1322 0
1 1221 368 2 498 0 290 368 856 1 931 0
0 1322 0 1 856 0 1322 0
0 1322 0 1 29 0 1322 0
0 1322 0 1 530 0 1322 0
0 1322 0 1 916 0 1322 0
0 1322 0 1 191 0 1322 0
3 1205 425 2 597 0 934 425 1079 3 271 0
-1
22 31
2 986 0 1 610 2 986 0
2 986 0 1 610 2 986 0
2 986 0 1 610 2 986 0
2 986 0 1 753 2 986 0
2 986 0 1 753 2 986 0
2 986 0 1 235 2 986 0
2 986 0 1 235 2 986 0
2 986 0 1 235 2 986 0
2 986 0 1 235 2 986 0
0 747 876 2 235 0 40 876 1181 0 707 0
2 986 0 1 1181 2 986 0
2 986 0 1 579 2 986 0
2 986 0 1 579 2 986 0
2 986 0 1 1115 2 986 0
2 986 0 1 1115 2 986 0
2 986 0 1 1115 2 986 0
1 927 217 2 912 0 927 217 766 1 0 0
3 834 555 2 883 0 802 555 1112 3 32 0
2 986 0 1 653 2 986 0
2 904 300 2 59 0 622 300 782 2 282 0
2 986 0 1 301 2 986 0
2 986 0 1 856 2 986 0
2 986 0 1 856 2 986 0
2 986 0 1 29 2 986 0
0 802 675 2 530 0 800 675 1130 0 2 0
2 986 0 1 293 2 986 0
2 986 0 1 191 2 986 0
2 986 0 1 1079 2 986 0
0 898 324 2 1079 0 0 324 376 0 898 0
2 986 0 1 376 2 986 0
2 986 0 1 639 2 986 0
-1
23 28
1 2077 0 1 601 1 2077 0
1 2077 0 1 601 1 2077 0
1 1854 816 2 601 0 228 816 689 1 1626 0
1 2077 0 1 689 1 2077 0
1 2077 0 1 18 1 2077 0
1 1936 516 2 18 0 134 516 68 1 1802 0
0 1958 436 2 68 0 641 436 1168 0 1317 0
1 2077 0 1 1168 1 2077 0
0 1869 762 2 1168 0 503 762 1116 0 1366 0
1 2077 0 1 1116 1 2077 0
1 2077 0 1 1181 1 2077 0
1 2077 0 1 466 1 2077 0
1 2013 234 2 730 0 626 234 93 1 1387 0
2 2034 156 2 111 0 1404 156 358 2 630 0
0 1840 868 2 358 0 292 868 31 0 1548 0
1 2077 0 1 31 1 2077 0
2 1824 924 2 31 0 800 924 912 2 1024 0
1 2023 197 2 584 0 1391 197 653 1 632 0
1 2077 0 1 653 1 2077 0
1 2077 0 1 59 1 2077 0
1 2077 0 1 605 1 2077 0
1 2077 0 1 396 1 2077 0
1 1845 849 2 396 0 1518 849 856 1 327 0
1 2077 0 1 751 1 2077 0
1 2077 0 1 530 1 2077 0
1 2077 0 1 916 1 2077 0
1 2077 0 1 191 1 2077 0
1 2077 0 1 597 1 2077 0
-1
24 33
0 2251 0 1 136 0 2251 0
2 2104 536 2 687 0 1483 536 1173 2 621 0
0 2251 0 1 265 0 2251 0
2 2088 595 2 243 0 941 595 5 2 1147 0
0 2162 326 2 254 0 684 326 1035 0 1478 0
2 2144 390 2 911 0 1125 390 739 2 1019 0
0 2193 212 2 858 0 229 212 811 0 1964 0
2 2153 357 2 14 0 940 357 983 2 1213 0
0 2251 0 1 962 0 2251 0
0 2101 549 2 52 0 2021 549 366 0 80 0
2 2114 499 3 483 0 355 336 81 0 1467 163 184 2 292 0
0 2251 0 1 535 0 2251 0
0 2044 758 1 1153 0 2044 758
0 2251 0 1 1064 0 2251 0
0 2251 0 1 922 0 2251 0
0 2251 0 1 97 0 2251 0
0 2251 0 1 216 0 2251 0
0 2167 308 2 764 0 375 307 963 0 1792 1
0 2251 0 1 647 0 2251 0
0 2251 0 1 825 0 2251 0
2 2132 433 2 61 0 1681 433 382 2 451 0
0 2251 0 1 932 0 2251 0
0 2251 0 1 429 0 2251 0
0 2251 0 1 9 0 2251 0
0 2251 0 1 1014 0 2251 0
1 2132 435 2 504 0 1176 435 330 1 956 0
0 2251 0 1 405 0 2251 0
0 2251 0 1 101 0 2251 0
1 2183 248 2 345 0 1638 248 742 1 545 0
0 2251 0 1 95 0 2251 0
0 2251 0 1 178 0 2251 0
1 1996 932 3 178 0 239 821 469 0 999 111 314 1 758 0
0 2251 0 1 314 0 2251 0
-1
25 33
1 1538 0 1 622 1 1538 0
1 1538 0 1 622 1 1538 0
1 1538 0 1 622 1 1538 0
0 1476 228 2 622 0 0 228 387 0 1476 0
1 1538 0 1 387 1 1538 0
0 1503 129 1 387 0 1503 129
1 1436 373 2 387 0 0 373 159 1 1436 0
1 1538 0 1 159 1 1538 0
1 1538 0 1 159 1 1538 0
1 1538 0 1 159 1 1538 0
1 1538 0 1 159 1 1538 0
1 1277 955 2 159 0 1002 955 954 1 275 0
1 1538 0 1 954 1 1538 0
1 1538 0 1 954 1 1538 0
0 1430 396 2 954 0 210 396 144 0 1220 0
1 1538 0 1 144 1 1538 0
1 1538 0 1 144 1 1538 0
1 1538 0 1 144 1 1538 0
1 1538 0 1 516 1 1538 0
1 1538 0 1 450 1 1538 0
2 1507 112 2 747 0 1008 112 503 2 499 0
0 1440 359 1 1105 0 1440 359
3 1317 807 2 866 0 598 807 1059 3 719 0
1 1538 0 1 894 1 1538 0
1 1538 0 1 62 1 1538 0
0 1457 297 2 13 0 93 297 80 0 1364 0
1 1538 0 1 670 1 1538 0
1 1538 0 1 1134 1 1538 0
3 1286 920 2 1134 0 697 920 1049 3 589 0
0 1405 488 2 1049 0 1376 488 758 0 29 0
1 1538 0 1 758 1 1538 0
2 1393 529 2 758 0 1051 529 604 2 342 0
2 1495 156 2 578 0 1306 156 175 2 189 0
-1
26 34
3 1936 703 2 136 0 1337 703 687 3 599 0
2 2058 258 2 1173 0 1699 258 265 2 359 0
0 1958 626 2 265 0 274 625 243 0 1684 1
0 2129 0 1 5 0 2129 0
0 2129 0 1 1035 0 2129 0
0 2129 0 1 739 0 2129 0
3 2009 436 2 811 0 1960 436 486 3 49 0
0 2066 230 2 983 0 855 230 962 0 1211 0
3 1888 879 2 962 0 1710 879 52 3 178 0
0 2129 0 1 366 0 2129 0
0 2129 0 1 184 0 2129 0
0 2129 0 1 535 0 2129 0
2 2008 440 3 1153 0 0 121 125 0 1302 319 58 2 706 0
0 2129 0 1 1064 0 2129 0
0 1932 721 2 922 0 1499 721 97 0 433 0
0 2129 0 1 97 0 2129 0
0 2129 0 1 216 0 2129 0
0 2129 0 1 963 0 2129 0
0 2129 0 1 647 0 2129 0
1 1971 577 2 825 0 203 577 565 1 1768 0
2 2075 195 2 382 0 1302 195 932 2 773 0
1 1898 844 2 932 0 1831 844 452 1 67 0
0 2129 0 1 429 0 2129 0
0 2020 399 1 9 0 2020 399
0 2007 446 1 1014 0 2007 446
0 2003 461 2 330 0 135 461 755 0 1868 0
0 2129 0 1 405 0 2129 0
0 2129 0 1 101 0 2129 0
0 2129 0 1 742 0 2129 0
0 1952 648 2 95 0 1917 647 860 0 35 1
0 2129 0 1 178 0 2129 0
0 2129 0 1 314 0 2129 0
1 1879 914 2 314 0 348 914 272 1 1531 0
0 2129 0 1 906 0 2129 0
-1
27 25
3 1434 0 1 32 3 1434 0
3 1434 0 1 32 3 1434 0
3 1434 0 1 283 3 1434 0
3 1434 0 1 283 3 1434 0
0 1308 464 2 202 0 531 464 440 0 777 0
1 1368 243 2 938 0 875 243 408 1 493 0
3 1434 0 1 456 3 1434 0
0 1253 665 2 1082 0 1064 665 352 0 189 0
3 1434 0 1 352 3 1434 0
0 1274 588 2 960 0 386 588 180 0 888 0
3 1434 0 1 446 3 1434 0
3 1434 0 1 998 3 1434 0
0 1260 640 2 181 0 10 640 1107 0 1250 0
1 1234 734 2 1107 0 504 734 311 1 730 0
3 1434 0 1 1013 3 1434 0
0 1356 288 2 284 0 574 288 179 0 782 0
3 1434 0 1 473 3 1434 0
2 1246 689 2 246 0 36 689 344 2 1210 0
3 1434 0 1 1000 3 1434 0
3 1434 0 1 799 3 1434 0
3 1434 0 1 315 3 1434 0
0 1389 167 1 332 0 1389 167
3 1434 0 1 316 3 1434 0
2 1241 707 2 429 0 0 707 679 2 1241 0
3 1434 0 1 1030 3 1434 0
-1
28 34
1 1435 0 1 781 1 1435 0
1 1435 0 1 329 1 1435 0
1 1435 0 1 329 1 1435 0
0 1286 546 2 329 0 750 546 657 0 536 0
1 1395 147 2 657 0 192 147 844 1 1203 0
1 1435 0 1 844 1 1435 0
1 1435 0 1 844 1 1435 0
2 1313 446 2 844 0 0 446 14 2 1313 0
1 1435 0 1 189 1 1435 0
0 1347 323 2 189 0 876 323 366 0 471 0
0 1334 371 1 366 0 1334 371
1 1435 0 1 1153 1 1435 0
1 1435 0 1 1153 1 1435 0
1 1435 0 1 58 1 1435 0
1 1435 0 1 974 1 1435 0
1 1435 0 1 821 1 1435 0
1 1435 0 1 45 1 1435 0
0 1338 356 1 209 0 1338 356
1 1435 0 1 907 1 1435 0
2 1271 599 2 647 0 829 599 819 2 442 0
1 1435 0 1 819 1 1435 0
2 1398 135 2 732 0 965 135 409 2 433 0
1 1366 253 2 409 0 1247 253 741 1 119 0
1 1435 0 1 9 1 1435 0
1 1344 333 2 9 0 0 333 1014 1 1344 0
3 1285 547 2 1014 0 0 547 330 3 1285 0
2 1373 226 2 755 0 166 226 815 2 1207 0
1 1435 0 1 815 1 1435 0
1 1435 0 1 742 1 1435 0
1 1435 0 1 742 1 1435 0
1 1435 0 1 218 1 1435 0
2 1341 343 2 218 0 1056 343 613 2 285 0
1 1435 0 1 613 1 1435 0
0 1395 148 1 1081 0 1395 148
-1
29 34
3 1081 0 1 136 3 1081 0
3 1081 0 1 687 3 1081 0
3 1081 0 1 265 3 1081 0
3 1081 0 1 243 3 1081 0
0 971 406 2 5 0 376 406 254 0 595 0
1 965 427 2 1035 0 236 427 911 1 729 0
3 957 454 2 739 0 936 454 858 3 21 0
3 1081 0 1 486 3 1081 0
3 1081 0 1 962 3 1081 0
3 1081 0 1 52 3 1081 0
2 1012 254 2 366 0 0 254 483 2 1012 0
2 985 352 2 184 0 745 352 535 2 240 0
2 881 733 2 535 0 320 733 941 2 561 0
3 1081 0 1 58 3 1081 0
3 1081 0 1 922 3 1081 0
3 1081 0 1 97 3 1081 0
3 1081 0 1 97 3 1081 0
0 766 1156 3 216 0 33 660 209 0 0 496 764 0 733 0
3 1081 0 1 963 3 1081 0
3 1081 0 1 825 3 1081 0
1 1014 247 2 565 0 454 247 61 1 560 0
3 1081 0 1 932 3 1081 0
0 899 669 2 452 0 29 669 741 0 870 0
3 1081 0 1 429 3 1081 0
3 1081 0 1 1014 3 1081 0
3 1081 0 1 504 3 1081 0
3 1081 0 1 572 3 1081 0
3 1081 0 1 101 3 1081 0
3 1081 0 1 101 3 1081 0
0 932 548 1 742 0 932 548
3 1081 0 1 860 3 1081 0
3 1081 0 1 178 3 1081 0
3 1081 0 1 314 3 1081 0
1 1029 192 2 272 0 196 192 546 1 833 0
-1
30 30
0 2634 284 2 297 0 1267 284 555 0 1367 0
2 2584 464 2 555 0 1520 464 773 2 1064 0
1 2615 352 2 65 0 2326 352 168 1 289 0
2 2711 0 1 105 2 2711 0
2 2711 0 1 105 2 2711 0
2 2711 0 1 56 2 2711 0
2 2666 164 2 349 0 976 164 501 2 1690 0
2 2711 0 1 501 2 2711 0
0 2375 1231 3 501 0 730 857 379 0 962 374 180 0 683 0
2 2711 0 1 226 2 2711 0
0 2667 163 1 226 0 2667 163
2 2575 497 2 893 0 1586 497 804 2 989 0
2 2676 128 2 958 0 735 128 99 2 1941 0
2 2711 0 1 99 2 2711 0
2 2677 124 2 17 0 829 124 470 2 1848 0
2 2607 380 2 470 0 281 380 209 2 2326 0
2 2711 0 1 209 2 2711 0
2 2711 0 1 276 2 2711 0
2 2711 0 1 799 2 2711 0
2 2711 0 1 315 2 2711 0
0 2631 295 2 1067 0 1680 295 332 0 951 0
2 2711 0 1 452 2 2711 0
2 2638 267 2 335 0 2403 267 940 2 235 0
0 2602 401 2 1060 0 940 401 923 0 1662 0
3 2511 731 2 1030 0 277 731 646 3 2234 0
2 2711 0 1 572 2 2711 0
0 2458 928 3 405 0 1780 805 464 0 265 123 1078 0 413 0
2 2711 0 1 968 2 2711 0
2 2711 0 1 547 2 2711 0
2 2476 860 2 547 0 2246 860 436 2 230 0
-1
31 30
1 1295 0 1 75 1 1295 0
1 1295 0 1 672 1 1295 0
1 1295 0 1 1037 1 1295 0
1 1295 0 1 587 1 1295 0
1 1295 0 1 972 1 1295 0
1 1295 0 1 602 1 1295 0
1 1295 0 1 1109 1 1295 0
1 1295 0 1 1144 1 1295 0
1 1295 0 1 239 1 1295 0
1 1295 0 1 960 1 1295 0
1 1295 0 1 660 1 1295 0
1 1295 0 1 534 1 1295 0
1 1295 0 1 72 1 1295 0
1 1295 0 1 458 1 1295 0
1 1295 0 1 1034 1 1295 0
1 1295 0 1 876 1 1295 0
0 1140 568 2 269 0 104 568 1141 0 1036 0
1 1295 0 1 474 1 1295 0
1 1295 0 1 1000 1 1295 0
1 1295 0 1 167 1 1295 0
1 1295 0 1 19 1 1295 0
3 1190 382 2 54 0 370 382 498 3 820 0
1 1295 0 1 163 1 1295 0
2 1263 116 2 298 0 0 116 1099 2 1263 0
1 1295 0 1 404 1 1295 0
1 1295 0 1 1038 1 1295 0
1 1295 0 1 995 1 1295 0
1 1295 0 1 100 1 1295 0
0 1107 689 2 263 0 0 689 1036 0 1107 0
0 1248 173 2 1065 0 903 173 1102 0 345 0
-1
32 26
3 2500 484 2 993 0 221 484 310 3 2279 0
0 2448 677 1 310 0 2448 677
0 2633 0 1 1012 0 2633 0
0 2520 414 3 242 0 1072 300 193 0 1026 114 794 0 422 0
0 2491 520 2 794 0 123 520 199 0 2368 0
0 2364 984 2 199 0 2353 984 870 0 11 0
0 2633 0 1 1132 0 2633 0
0 2633 0 1 200 0 2633 0
2 2486 536 2 1162 0 2314 536 11 2 172 0
0 2459 637 2 11 0 1424 637 805 0 1035 0
0 2633 0 1 188 0 2633 0
2 2558 272 2 33 0 1824 272 459 2 734 0
2 2432 734 2 459 0 1735 734 970 2 697 0
1 2473 585 2 339 0 2221 584 217 1 252 1
0 2633 0 1 166 0 2633 0
0 2332 1102 3 166 0 89 889 721 0 1917 213 245 0 326 0
1 2512 442 2 245 0 0 442 506 1 2512 0
0 2498 494 2 980 0 311 494 757 0 2187 0
0 2535 359 2 516 0 1295 359 450 0 1240 0
0 2633 0 1 260 0 2633 0
0 2633 0 1 360 0 2633 0
0 2633 0 1 866 0 2633 0
0 2393 878 2 1059 0 1974 878 1003 0 419 0
0 2633 0 1 313 0 2633 0
0 2580 194 2 62 0 0 194 13 0 2580 0
0 2633 0 1 539 0 2633 0
-1
33 37
3 2906 0 1 36 3 2906 0
2 2745 590 2 36 0 47 590 249 2 2698 0
3 2906 0 1 1055 3 2906 0
3 2906 0 1 1048 3 2906 0
2 2789 429 2 1048 0 0 429 532 2 2789 0
1 2698 763 2 532 0 1722 763 1007 1 976 0
2 2875 114 2 482 0 1026 114 1196 2 1849 0
3 2906 0 1 1196 3 2906 0
3 2906 0 1 480 3 2906 0
2 2857 180 2 480 0 0 180 141 2 2857 0
2 2731 641 2 141 0 556 641 788 2 2175 0
3 2906 0 1 841 3 2906 0
2 2806 367 2 790 0 1887 367 287 2 919 0
3 2906 0 1 495 3 2906 0
0 2850 208 2 505 0 837 208 974 0 2013 0
3 2906 0 1 821 3 2906 0
3 2906 0 1 842 3 2906 0
3 2791 421 2 985 0 1692 421 640 3 1099 0
2 2733 634 2 640 0 2250 634 461 2 483 0
1 2733 635 2 461 0 0 635 247 1 2733 0
0 2834 267 2 589 0 392 267 1186 0 2442 0
3 2906 0 1 582 3 2906 0
1 2639 979 2 582 0 967 979 282 1 1672 0
2 2785 444 2 859 0 234 444 423 2 2551 0
0 2806 369 1 431 0 2806 369
0 2852 201 2 341 0 1809 201 322 0 1043 0
2 2727 656 2 322 0 938 656 274 2 1789 0
3 2906 0 1 815 3 2906 0
3 2906 0 1 695 3 2906 0
3 2752 564 2 490 0 964 564 609 3 1788 0
2 2793 415 2 854 0 1664 415 448 2 1129 0
3 2906 0 1 1086 3 2906 0
3 2906 0 1 613 3 2906 0
3 2906 0 1 1028 3 2906 0
3 2906 0 1 599 3 2906 0
3 2906 0 1 839 3 2906 0
0 2717 695 2 839 0 992 695 620 0 1725 0
-1
34 29
1 2021 0 1 75 1 2021 0
0 1974 173 2 164 0 988 173 672 0 986 0
0 1847 638 2 984 0 856 638 1037 0 991 0
0 1953 250 2 1145 0 1854 250 587 0 99 0
0 1930 334 2 438 0 265 334 972 0 1665 0
1 1719 1106 3 972 0 563 984 415 0 1098 122 602 1 58 0
1 2021 0 1 1109 1 2021 0
1 1988 121 2 481 0 810 121 1144 1 1178 0
1 1751 988 2 1144 0 1085 988 239 1 666 0
0 1905 426 2 26 0 1426 426 960 0 479 0
0 1962 217 2 433 0 907 217 660 0 1055 0
1 1903 432 2 15 0 239 432 534 1 1664 0
1 2021 0 1 72 1 2021 0
1 2021 0 1 458 1 2021 0
1 1866 568 2 817 0 1280 568 1034 1 586 0
2 1778 889 2 887 0 1492 889 876 2 286 0
1 2021 0 1 269 1 2021 0
1 2021 0 1 474 1 2021 0
1 1809 776 2 1112 0 1043 776 1000 1 766 0
1 2021 0 1 167 1 2021 0
2 1886 493 2 1146 0 740 493 19 2 1146 0
1 2021 0 1 54 1 2021 0
0 1840 664 1 127 0 1840 664
0 1841 660 1 607 0 1841 660
1 2021 0 1 404 1 2021 0
1 2021 0 1 1038 1 2021 0
1 1794 831 2 116 0 8 831 995 1 1786 0
0 1995 97 1 930 0 1995 97
1 2021 0 1 263 1 2021 0
-1
35 29
0 1877 201 2 447 0 749 201 631 0 1128 0
3 1931 0 1 984 3 1931 0
3 1931 0 1 1037 3 1931 0
0 1754 651 2 587 0 59 651 438 0 1695 0
3 1931 0 1 972 3 1931 0
3 1931 0 1 602 3 1931 0
3 1931 0 1 493 3 1931 0
3 1931 0 1 1144 3 1931 0
3 1787 527 2 239 0 428 527 26 3 1359 0
3 1931 0 1 550 3 1931 0
3 1931 0 1 15 3 1931 0
3 1931 0 1 534 3 1931 0
2 1716 788 2 72 0 678 788 579 2 1038 0
0 1738 709 2 458 0 669 709 817 0 1069 0
0 1850 299 2 328 0 339 299 887 0 1511 0
3 1931 0 1 269 3 1931 0
3 1931 0 1 676 3 1931 0
3 1931 0 1 1112 3 1931 0
3 1931 0 1 835 3 1931 0
2 1704 832 2 167 0 772 832 1146 2 932 0
3 1931 0 1 19 3 1931 0
0 1702 841 2 549 0 183 841 127 0 1519 0
3 1931 0 1 607 3 1931 0
0 1496 1595 3 679 0 286 986 1068 0 843 363 29 0 367 246
3 1713 798 2 1023 0 508 798 1038 3 1205 0
3 1931 0 1 116 3 1931 0
2 1738 707 2 995 0 928 707 280 2 810 0
3 1931 0 1 562 3 1931 0
0 1726 753 2 1036 0 894 753 1104 0 832 0
-1
36 26
2 2828 276 2 617 0 2484 276 32 2 344 0
0 2904 0 1 32 0 2904 0
1 2795 398 3 1052 0 93 117 703 0 2529 281 283 1 173 0
0 2904 0 1 283 0 2904 0
0 2904 0 1 202 0 2904 0
3 2769 491 3 1125 0 488 383 633 0 972 108 938 3 1309 0
0 2751 560 2 408 0 2598 560 456 0 153 0
0 2904 0 1 1082 0 2904 0
0 2904 0 1 352 0 2904 0
0 2904 0 1 960 0 2904 0
1 2780 453 2 982 0 1669 452 446 1 1111 1
0 2904 0 1 772 0 2904 0
2 2648 935 2 998 0 1886 935 181 2 762 0
0 2904 0 1 1107 0 2904 0
2 2718 678 2 311 0 281 678 1013 2 2437 0
2 2745 580 2 508 0 729 580 284 2 2016 0
0 2904 0 1 179 0 2904 0
0 2548 1303 4 506 0 860 503 144 0 409 694 840 0 954 106 614 0 325 0
1 2797 390 2 276 0 797 390 129 1 2000 0
0 2904 0 1 799 0 2904 0
0 2904 0 1 108 0 2904 0
0 2904 0 1 560 0 2904 0
0 2904 0 1 603 0 2904 0
0 2904 0 1 940 0 2904 0
0 2833 260 2 198 0 2340 260 923 0 493 0
0 2904 0 1 1175 0 2904 0
-1
37 28
2 1674 150 2 543 0 1350 150 778 2 324 0
1 1665 184 2 778 0 1330 184 587 1 335 0
2 1715 0 1 587 2 1715 0
1 1668 173 2 1057 0 1557 173 1125 1 111 0
2 1715 0 1 1125 2 1715 0
2 1715 0 1 1193 2 1715 0
2 1715 0 1 1193 2 1715 0
0 1678 137 1 1193 0 1678 137
3 1597 431 2 1193 0 0 431 348 3 1597 0
2 1498 794 4 348 0 218 202 550 0 88 486 204 0 954 106 903 2 238 0
2 1715 0 1 903 2 1715 0
3 1611 380 3 903 0 437 266 559 0 1026 114 1153 3 148 0
2 1715 0 1 58 2 1715 0
2 1715 0 1 817 2 1715 0
2 1715 0 1 887 2 1715 0
2 1715 0 1 1141 2 1715 0
1 1585 477 2 676 0 7 477 474 1 1578 0
2 1715 0 1 850 2 1715 0
1 1570 532 2 835 0 502 532 361 1 1068 0
2 1715 0 1 1146 2 1715 0
2 1715 0 1 127 2 1715 0
2 1715 0 1 127 2 1715 0
2 1715 0 1 679 2 1715 0
2 1715 0 1 431 2 1715 0
2 1715 0 1 1175 2 1715 0
2 1715 0 1 116 2 1715 0
1 1555 587 2 743 0 961 587 38 1 594 0
3 1538 647 2 562 0 987 647 263 3 551 0
-1
38 35
0 1655 0 1 136 0 1655 0
0 1655 0 1 687 0 1655 0
0 1655 0 1 265 0 1655 0
0 1655 0 1 243 0 1655 0
0 1655 0 1 254 0 1655 0
0 1655 0 1 911 0 1655 0
0 1655 0 1 858 0 1655 0
2 1583 262 2 486 0 1222 262 14 2 361 0
0 1655 0 1 962 0 1655 0
0 1655 0 1 52 0 1655 0
0 1655 0 1 483 0 1655 0
0 1655 0 1 535 0 1655 0
0 1621 125 2 941 0 562 125 1153 0 1059 0
2 1486 617 2 58 0 13 617 1064 2 1473 0
0 1655 0 1 922 0 1655 0
0 1655 0 1 97 0 1655 0
1 1526 471 2 97 0 0 471 216 1 1526 0
0 1655 0 1 764 0 1655 0
2 1450 748 2 963 0 1270 748 647 2 180 0
0 1655 0 1 825 0 1655 0
0 1655 0 1 61 0 1655 0
0 1655 0 1 932 0 1655 0
0 1655 0 1 429 0 1655 0
0 1584 260 1 429 0 1584 260
0 1655 0 1 1014 0 1655 0
0 1655 0 1 504 0 1655 0
1 1488 610 2 572 0 404 610 405 1 1084 0
0 1655 0 1 101 0 1655 0
0 1382 999 2 101 0 788 999 345 0 594 0
0 1655 0 1 95 0 1655 0
2 1574 295 2 860 0 1545 295 178 2 29 0
0 1655 0 1 178 0 1655 0
0 1655 0 1 314 0 1655 0
1 1562 340 3 546 0 238 185 436 0 1163 155 906 1 161 0
0 472 307 1 906 0 472 307
-1
39 31
0 930 0 1 610 0 930 0
0 930 0 1 610 0 930 0
0 930 0 1 610 0 930 0
1 744 680 2 610 0 366 680 753 1 378 0
0 930 0 1 753 0 930 0
0 811 436 2 753 0 639 436 235 0 172 0
0 930 0 1 235 0 930 0
0 930 0 1 235 0 930 0
0 930 0 1 235 0 930 0
0 930 0 1 235 0 930 0
0 930 0 1 1181 0 930 0
0 930 0 1 579 0 930 0
0 930 0 1 579 0 930 0
1 826 380 2 93 0 552 380 1115 1 274 0
0 930 0 1 1115 0 930 0
0 930 0 1 1115 0 930 0
0 930 0 1 31 0 930 0
2 714 789 2 1188 0 334 789 584 2 380 0
0 930 0 1 1000 0 930 0
0 930 0 1 1106 0 930 0
0 930 0 1 301 0 930 0
0 930 0 1 498 0 930 0
0 930 0 1 856 0 930 0
0 830 366 2 34 0 429 366 29 0 401 0
0 930 0 1 530 0 930 0
0 742 688 2 1130 0 0 688 293 0 742 0
3 758 627 2 293 0 267 627 191 3 491 0
2 811 434 2 930 0 0 434 597 2 811 0
0 887 158 1 1079 0 887 158
0 930 0 1 376 0 930 0
1 709 808 2 376 0 78 808 1102 1 631 0
-1
40 27
0 2865 0 1 377 0 2865 0
1 2630 859 2 377 0 2222 859 590 1 408 0
1 2794 259 2 590 0 600 259 798 1 2194 0
0 2865 0 1 816 0 2865 0
0 2865 0 1 1094 0 2865 0
2 2681 671 2 1094 0 665 671 467 2 2016 0
1 2700 603 2 467 0 2087 603 1082 1 613 0
0 2865 0 1 186 0 2865 0
0 2865 0 1 186 0 2865 0
0 2865 0 1 362 0 2865 0
2 2701 598 2 362 0 651 598 466 2 2050 0
0 2865 0 1 998 0 2865 0
2 2777 320 2 693 0 1558 320 358 2 1219 0
0 2865 0 1 358 0 2865 0
0 2865 0 1 508 0 2865 0
0 2865 0 1 48 0 2865 0
1 2826 142 2 766 0 1277 142 1188 1 1549 0
0 2865 0 1 1112 0 2865 0
2 2727 503 2 237 0 1764 503 1106 2 963 0
1 2816 178 2 132 0 1219 178 605 1 1597 0
2 2619 898 2 19 0 1352 898 498 2 1267 0
0 2865 0 1 856 0 2865 0
0 2865 0 1 34 0 2865 0
2 2541 1184 4 29 0 0 96 333 0 1598 664 751 0 0 424 530 2 943 0
0 2837 102 1 1130 0 2837 102
0 2865 0 1 293 0 2865 0
1 2709 570 3 124 0 101 383 280 0 871 187 930 1 1737 0
-1
