1 45
2 1920 0 1 166 2 1920 0
2 1920 0 1 1 2 1920 0
2 1920 0 1 13 2 1920 0
2 1731 681 2 162 0 1669 681 91 2 62 0
2 1920 0 1 20 2 1920 0
2 1585 1207 2 20 0 1018 1207 199 2 567 0
2 1920 0 1 199 2 1920 0
2 1920 0 1 143 2 1920 0
2 1920 0 1 116 2 1920 0
2 1920 0 1 51 2 1920 0
1 1748 621 2 171 0 1571 621 191 1 177 0
2 1920 0 1 191 2 1920 0
2 1920 0 1 24 2 1920 0
2 1920 0 1 153 2 1920 0
2 1920 0 1 45 2 1920 0
2 1920 0 1 197 2 1920 0
2 1780 504 2 103 0 374 504 193 2 1406 0
2 1920 0 1 138 2 1920 0
2 1920 0 1 60 2 1920 0
2 1920 0 1 60 2 1920 0
0 1707 770 2 59 0 0 770 184 0 1707 0
2 1920 0 1 62 2 1920 0
0 1600 1156 2 62 0 521 1156 104 0 1079 0
2 1920 0 1 111 2 1920 0
2 1920 0 1 63 2 1920 0
2 1920 0 1 63 2 1920 0
2 1920 0 1 126 2 1920 0
1 1684 852 2 98 0 906 852 36 1 778 0
2 1920 0 1 56 2 1920 0
2 1920 0 1 118 2 1920 0
2 1920 0 1 81 2 1920 0
2 1920 0 1 110 2 1920 0
2 1920 0 1 146 2 1920 0
2 1920 0 1 156 2 1920 0
2 1920 0 1 152 2 1920 0
0 1845 273 2 31 0 0 272 173 0 1845 1
2 1920 0 1 61 2 1920 0
0 1564 1286 2 61 0 865 1286 160 0 699 0
0 1693 821 2 86 0 536 820 148 0 1157 1
2 1920 0 1 6 2 1920 0
2 1920 0 1 64 2 1920 0
0 1664 925 2 82 0 570 925 28 0 1094 0
0 1509 1484 2 28 0 1053 1484 19 0 456 0
0 1908 46 2 19 0 0 46 198 0 1908 0
2 1767 551 2 27 0 177 551 78 2 1590 0
-1
2 38
0 3230 0 1 40 0 3230 0
0 3230 0 1 136 0 3230 0
0 3230 0 1 52 0 3230 0
0 3230 0 1 84 0 3230 0
0 3230 0 1 115 0 3230 0
0 2965 955 2 90 0 1860 955 145 0 1105 0
0 3230 0 1 128 0 3230 0
0 3230 0 1 17 0 3230 0
1 3052 640 2 196 0 934 640 73 1 2118 0
0 3230 0 1 141 0 3230 0
0 3230 0 1 69 0 3230 0
0 3230 0 1 32 0 3230 0
0 3230 0 1 94 0 3230 0
0 3222 29 1 15 0 3222 29
0 3230 0 1 2 0 3230 0
0 3230 0 1 186 0 3230 0
2 3065 592 2 174 0 332 592 170 2 2733 0
0 3230 0 1 14 0 3230 0
2 2905 1168 2 96 0 1295 1168 21 2 1610 0
1 3078 546 2 169 0 2959 546 34 1 119 0
0 3029 724 2 75 0 791 724 83 0 2238 0
0 3230 0 1 127 0 3230 0
2 3160 249 2 187 0 0 249 85 2 3160 0
0 3230 0 1 22 0 3230 0
0 3230 0 1 88 0 3230 0
1 3078 546 2 147 0 1332 546 41 1 1746 0
0 3230 0 1 168 0 3230 0
0 3050 648 2 161 0 2712 648 192 0 338 0
0 3230 0 1 16 0 3230 0
1 2988 871 2 137 0 2149 871 155 1 839 0
0 3230 0 1 123 0 3230 0
0 3230 0 1 102 0 3230 0
1 3064 597 2 46 0 2037 596 182 1 1027 1
0 2882 1254 1 156 0 2882 1254
0 3230 0 1 163 0 3230 0
0 3230 0 1 194 0 3230 0
0 3230 0 1 176 0 3230 0
0 3230 0 1 160 0 3230 0
-1
3 45
1 3256 728 2 166 0 2056 728 1 1 1200 0
1 3161 1070 2 1 0 2195 1070 13 1 966 0
0 3144 1133 2 13 0 2996 1133 162 0 148 0
1 3458 0 1 91 1 3458 0
1 3458 0 1 20 1 3458 0
1 3458 0 1 199 1 3458 0
1 3108 1261 2 199 0 1087 1261 143 1 2021 0
2 3120 1217 2 143 0 2688 1216 116 2 432 1
0 3178 1010 2 116 0 2431 1010 51 0 747 0
0 3432 95 1 51 0 3432 95
1 3458 0 1 191 1 3458 0
0 3323 487 1 191 0 3323 487
1 3259 717 2 24 0 490 717 153 1 2769 0
1 3100 1290 2 153 0 2606 1290 45 1 494 0
1 3458 0 1 45 1 3458 0
0 3409 177 1 197 0 3409 177
0 3425 120 1 193 0 3425 120
1 3458 0 1 138 1 3458 0
1 3458 0 1 60 1 3458 0
1 3056 1448 2 60 0 1110 1448 59 1 1946 0
1 3458 0 1 184 1 3458 0
1 3458 0 1 62 1 3458 0
1 3458 0 1 104 1 3458 0
1 3458 0 1 111 1 3458 0
1 3458 0 1 63 1 3458 0
1 3049 1474 2 63 0 504 1473 129 1 2545 1
0 3310 534 2 126 0 860 534 98 0 2450 0
1 3458 0 1 36 1 3458 0
1 3458 0 1 56 1 3458 0
1 3254 735 2 118 0 2407 735 81 1 847 0
0 3286 621 1 81 0 3286 621
1 3458 0 1 110 1 3458 0
1 3458 0 1 146 1 3458 0
1 3458 0 1 156 1 3458 0
2 3230 820 2 152 0 1996 820 31 2 1234 0
1 3458 0 1 173 1 3458 0
1 3458 0 1 61 1 3458 0
1 3458 0 1 160 1 3458 0
1 3458 0 1 148 1 3458 0
1 3458 0 1 6 1 3458 0
1 3458 0 1 64 1 3458 0
1 3458 0 1 28 1 3458 0
1 3458 0 1 19 1 3458 0
1 3458 0 1 198 1 3458 0
1 3458 0 1 78 1 3458 0
-1
4 60
2 1624 0 1 190 2 1624 0
2 1624 0 1 190 2 1624 0
0 1349 994 2 190 0 220 994 135 0 1129 0
2 1624 0 1 135 2 1624 0
2 1624 0 1 119 2 1624 0
2 1624 0 1 119 2 1624 0
0 1316 1113 2 119 0 522 1112 49 0 794 1
2 1624 0 1 49 2 1624 0
2 1624 0 1 109 2 1624 0
2 1624 0 1 109 2 1624 0
2 1624 0 1 122 2 1624 0
2 1624 0 1 122 2 1624 0
2 1624 0 1 18 2 1624 0
2 1624 0 1 189 2 1624 0
2 1469 559 2 189 0 395 559 89 2 1074 0
2 1624 0 1 89 2 1624 0
2 1624 0 1 33 2 1624 0
2 1624 0 1 33 2 1624 0
2 1624 0 1 33 2 1624 0
2 1624 0 1 7 2 1624 0
2 1624 0 1 7 2 1624 0
2 1624 0 1 7 2 1624 0
2 1624 0 1 154 2 1624 0
2 1624 0 1 154 2 1624 0
2 1624 0 1 195 2 1624 0
2 1414 757 2 195 0 1044 757 38 2 370 0
2 1624 0 1 38 2 1624 0
2 1624 0 1 38 2 1624 0
2 1624 0 1 167 2 1624 0
2 1624 0 1 167 2 1624 0
2 1624 0 1 113 2 1624 0
2 1453 616 2 113 0 1181 616 159 2 272 0
2 1624 0 1 66 2 1624 0
2 1624 0 1 66 2 1624 0
2 1624 0 1 74 2 1624 0
2 1624 0 1 121 2 1624 0
2 1624 0 1 121 2 1624 0
2 1624 0 1 97 2 1624 0
2 1624 0 1 97 2 1624 0
2 1624 0 1 97 2 1624 0
1 1218 1465 2 97 0 87 1464 179 1 1131 1
2 1624 0 1 4 2 1624 0
2 1624 0 1 4 2 1624 0
0 1350 990 2 4 0 184 990 117 0 1166 0
2 1624 0 1 117 2 1624 0
2 1624 0 1 117 2 1624 0
2 1624 0 1 133 2 1624 0
1 1373 906 2 133 0 410 906 107 1 963 0
2 1624 0 1 107 2 1624 0
2 1624 0 1 107 2 1624 0
2 1624 0 1 68 2 1624 0
2 1624 0 1 68 2 1624 0
1 1323 1086 2 68 0 4 1086 114 1 1319 0
2 1624 0 1 58 2 1624 0
2 1624 0 1 58 2 1624 0
2 1624 0 1 149 2 1624 0
2 1624 0 1 149 2 1624 0
1 1257 1324 2 149 0 911 1324 164 1 346 0
2 1624 0 1 164 2 1624 0
0 1239 766 1 8 0 1239 766
-1
5 52
0 2083 0 1 120 0 2083 0
0 2083 0 1 120 0 2083 0
1 1904 644 2 120 0 1630 644 37 1 274 0
0 2083 0 1 37 0 2083 0
0 2083 0 1 37 0 2083 0
0 2083 0 1 37 0 2083 0
1 1862 796 2 37 0 631 795 70 1 1231 1
0 2083 0 1 70 0 2083 0
0 2083 0 1 70 0 2083 0
0 2083 0 1 70 0 2083 0
1 1675 1470 3 70 0 1087 951 99 0 0 518 39 1 588 1
0 2083 0 1 39 0 2083 0
0 2083 0 1 39 0 2083 0
1 1932 543 2 39 0 141 543 47 1 1791 0
2 1918 592 2 47 0 545 592 3 2 1373 0
0 2083 0 1 3 0 2083 0
0 2083 0 1 3 0 2083 0
0 2083 0 1 34 0 2083 0
0 2083 0 1 34 0 2083 0
0 2083 0 1 83 0 2083 0
0 2083 0 1 132 0 2083 0
0 2083 0 1 132 0 2083 0
0 2083 0 1 158 0 2083 0
0 2083 0 1 79 0 2083 0
0 2083 0 1 131 0 2083 0
0 2083 0 1 131 0 2083 0
0 2083 0 1 30 0 2083 0
0 2083 0 1 30 0 2083 0
0 2083 0 1 139 0 2083 0
2 1852 830 2 139 0 345 830 100 2 1507 0
0 2083 0 1 43 0 2083 0
0 2083 0 1 42 0 2083 0
0 2083 0 1 42 0 2083 0
0 2083 0 1 157 0 2083 0
0 2077 22 1 11 0 2077 22
0 2083 0 1 12 0 2083 0
0 2083 0 1 188 0 2083 0
0 2083 0 1 144 0 2083 0
0 2083 0 1 181 0 2083 0
2 1829 913 2 181 0 0 913 179 2 1829 0
2 1857 812 2 179 0 1617 812 50 2 240 0
0 2083 0 1 44 0 2083 0
0 2083 0 1 48 0 2083 0
0 2083 0 1 48 0 2083 0
0 2083 0 1 87 0 2083 0
0 1717 1319 2 87 0 475 1319 29 0 1242 0
0 1969 411 1 29 0 1969 411
0 2083 0 1 72 0 2083 0
2 1901 654 2 72 0 395 654 177 2 1506 0
0 2083 0 1 177 0 2083 0
0 2083 0 1 177 0 2083 0
1 1810 983 2 177 0 1359 983 8 1 451 0
-1
6 37
2 3264 562 2 40 0 302 562 136 2 2962 0
0 3058 1307 2 136 0 586 1307 125 0 2472 0
2 3420 0 1 52 2 3420 0
2 3159 941 2 84 0 676 941 25 2 2483 0
0 3209 763 2 115 0 1457 763 90 0 1752 0
2 3420 0 1 145 2 3420 0
2 3420 0 1 128 2 3420 0
0 3343 280 1 17 0 3343 280
2 3420 0 1 73 2 3420 0
2 3420 0 1 141 2 3420 0
2 3256 591 2 69 0 1072 591 23 2 2184 0
2 3420 0 1 32 2 3420 0
2 3420 0 1 94 2 3420 0
1 3089 1194 3 15 0 0 578 10 0 57 616 183 1 3032 0
2 3174 886 2 2 0 1533 886 178 2 1641 0
2 3181 861 2 186 0 3170 861 174 2 11 0
2 3420 0 1 170 2 3420 0
0 3123 1073 2 14 0 711 1073 96 0 2412 0
2 3420 0 1 21 2 3420 0
2 3420 0 1 59 2 3420 0
2 3420 0 1 83 2 3420 0
1 3233 675 2 127 0 316 675 187 1 2917 0
2 3420 0 1 85 2 3420 0
2 3420 0 1 22 2 3420 0
2 3420 0 1 88 2 3420 0
2 3420 0 1 41 2 3420 0
2 3420 0 1 168 2 3420 0
2 3420 0 1 16 2 3420 0
0 3033 1397 2 16 0 938 1397 71 0 2095 0
2 3420 0 1 155 2 3420 0
2 3420 0 1 123 2 3420 0
2 3420 0 1 159 2 3420 0
1 3151 971 2 182 0 419 971 42 1 2732 0
2 3420 0 1 172 2 3420 0
0 3097 1167 2 163 0 2628 1167 11 0 469 0
0 3079 1231 2 194 0 836 1231 105 0 2243 0
2 3420 0 1 176 2 3420 0
-1
7 36
0 3457 0 1 136 0 3457 0
2 3279 639 2 125 0 3279 639 52 2 0 0
0 3200 927 2 52 0 154 926 84 0 3046 1
0 3299 570 2 25 0 2645 570 115 0 654 0
0 3457 0 1 90 0 3457 0
0 3457 0 1 145 0 3457 0
0 3457 0 1 128 0 3457 0
1 3299 568 2 17 0 0 568 196 1 3299 0
1 3226 832 2 73 0 1947 832 141 1 1279 0
0 3457 0 1 141 0 3457 0
0 3457 0 1 23 0 3457 0
0 3056 1446 2 32 0 2093 1446 94 0 963 0
2 3101 1281 2 94 0 2388 1281 15 2 713 0
1 3313 518 2 183 0 1629 518 2 1 1684 0
0 3457 0 1 178 0 3457 0
0 3457 0 1 174 0 3457 0
0 3457 0 1 170 0 3457 0
0 3457 0 1 96 0 3457 0
0 3216 869 2 21 0 2787 869 169 0 429 0
0 3457 0 1 59 0 3457 0
2 3056 1443 2 83 0 2055 1443 127 2 1001 0
0 3457 0 1 187 0 3457 0
1 3185 979 2 85 0 2227 979 22 1 958 0
0 3457 0 1 22 0 3457 0
0 3081 1355 2 88 0 1025 1355 147 0 2056 0
0 3457 0 1 41 0 3457 0
0 3194 948 2 168 0 1600 948 161 0 1594 0
0 3457 0 1 16 0 3457 0
2 3155 1086 2 71 0 2510 1086 93 2 645 0
0 3457 0 1 155 0 3457 0
0 3132 1172 2 123 0 2361 1171 43 0 771 1
1 3230 817 2 159 0 1430 817 46 1 1800 0
0 3457 0 1 42 0 3457 0
0 3457 0 1 172 0 3457 0
0 3457 0 1 11 0 3457 0
0 3457 0 1 105 0 3457 0
-1
8 44
0 1738 0 1 1 0 1738 0
0 1738 0 1 13 0 1738 0
0 1738 0 1 162 0 1738 0
0 1738 0 1 91 0 1738 0
0 1738 0 1 20 0 1738 0
0 1738 0 1 199 0 1738 0
0 1738 0 1 143 0 1738 0
0 1738 0 1 116 0 1738 0
0 1738 0 1 51 0 1738 0
1 1443 1062 2 51 0 0 1062 171 1 1443 0
0 1738 0 1 191 0 1738 0
1 1466 979 2 191 0 0 979 24 1 1466 0
0 1738 0 1 153 0 1738 0
0 1738 0 1 45 0 1738 0
0 1738 0 1 45 0 1738 0
1 1587 543 2 197 0 0 543 103 1 1587 0
1 1622 417 2 193 0 0 417 138 1 1622 0
0 1738 0 1 138 0 1738 0
0 1738 0 1 60 0 1738 0
0 1738 0 1 59 0 1738 0
0 1738 0 1 184 0 1738 0
0 1738 0 1 62 0 1738 0
0 1568 613 2 104 0 970 612 111 0 598 1
0 1738 0 1 111 0 1738 0
0 1738 0 1 63 0 1738 0
0 1738 0 1 129 0 1738 0
0 1738 0 1 98 0 1738 0
1 1591 529 2 36 0 523 529 56 1 1068 0
0 1695 155 1 56 0 1695 155
0 1738 0 1 81 0 1738 0
2 1590 531 2 81 0 0 531 110 2 1590 0
2 1415 1162 2 110 0 911 1162 146 2 504 0
0 1442 1067 2 146 0 1142 1067 156 0 300 0
1 1695 154 2 156 0 0 153 172 1 1695 1
0 1738 0 1 31 0 1738 0
0 1738 0 1 173 0 1738 0
0 1738 0 1 61 0 1738 0
1 1383 1278 2 160 0 552 1278 86 1 831 0
2 1560 639 2 148 0 1144 639 6 2 416 0
1 1443 1062 2 6 0 1185 1062 64 1 258 0
0 1462 995 2 64 0 741 995 82 0 721 0
0 1738 0 1 28 0 1738 0
0 1738 0 1 19 0 1738 0
0 1738 0 1 198 0 1738 0
-1
9 59
1 3437 0 1 151 1 3437 0
1 3437 0 1 151 1 3437 0
2 3129 1109 2 151 0 3105 1109 92 2 24 0
1 3437 0 1 92 1 3437 0
0 3263 629 2 92 0 2197 629 180 0 1066 0
1 3437 0 1 180 1 3437 0
1 3437 0 1 180 1 3437 0
1 3437 0 1 180 1 3437 0
0 3053 1386 2 180 0 1085 1385 9 0 1968 1
1 3437 0 1 9 1 3437 0
1 3175 945 2 9 0 3108 945 124 1 67 0
1 3437 0 1 124 1 3437 0
1 3437 0 1 124 1 3437 0
2 3156 1012 2 124 0 2164 1012 142 2 992 0
1 3437 0 1 142 1 3437 0
1 3437 0 1 142 1 3437 0
0 3165 982 2 142 0 968 982 67 0 2197 0
1 3437 0 1 67 1 3437 0
0 3203 845 2 67 0 1970 845 140 0 1233 0
1 3437 0 1 140 1 3437 0
1 3437 0 1 140 1 3437 0
1 3437 0 1 140 1 3437 0
2 3069 1325 2 140 0 378 1325 106 2 2691 0
1 3437 0 1 106 1 3437 0
1 3201 851 2 106 0 1528 851 112 1 1673 0
1 3437 0 1 112 1 3437 0
1 3261 635 2 112 0 603 635 76 1 2658 0
2 3276 579 2 76 0 2552 579 137 2 724 0
1 3437 0 1 137 1 3437 0
1 3437 0 1 5 1 3437 0
0 3263 629 2 5 0 2214 628 65 0 1049 1
1 3437 0 1 65 1 3437 0
1 3437 0 1 65 1 3437 0
1 3437 0 1 65 1 3437 0
1 3074 1309 2 65 0 418 1308 105 1 2656 1
1 3157 1009 2 105 0 733 1009 176 1 2424 0
2 3036 1444 2 176 0 2393 1444 160 2 643 0
1 3437 0 1 86 1 3437 0
1 3437 0 1 175 1 3437 0
1 3262 631 2 175 0 2241 631 82 1 1021 0
1 3437 0 1 82 1 3437 0
1 3437 0 1 28 1 3437 0
1 3437 0 1 198 1 3437 0
1 3085 1269 2 198 0 878 1269 27 1 2207 0
1 3437 0 1 78 1 3437 0
0 3346 330 1 101 0 3346 330
0 3381 203 2 101 0 0 203 133 0 3381 0
1 3437 0 1 165 1 3437 0
1 3437 0 1 165 1 3437 0
0 3182 921 2 165 0 1413 921 114 0 1769 0
1 3437 0 1 114 1 3437 0
1 3437 0 1 114 1 3437 0
1 3437 0 1 54 1 3437 0
1 3276 581 2 54 0 1791 581 134 1 1485 0
1 3437 0 1 134 1 3437 0
1 3207 829 2 134 0 2537 829 164 1 670 0
1 3437 0 1 164 1 3437 0
1 3437 0 1 164 1 3437 0
1 3437 0 1 8 1 3437 0
-1
10 47
0 3189 0 1 55 0 3189 0
0 3189 0 1 55 0 3189 0
0 2775 1492 2 55 0 2445 1491 108 0 330 1
0 3189 0 1 108 0 3189 0
1 2905 1022 2 108 0 1092 1022 80 1 1813 0
0 3189 0 1 80 0 3189 0
2 3083 379 2 80 0 0 379 185 2 3083 0
0 3189 0 1 185 0 3189 0
0 2816 1344 2 185 0 1226 1344 130 0 1590 0
0 3189 0 1 130 0 3189 0
0 3151 137 1 99 0 3151 137
0 3189 0 1 32 0 3189 0
0 3189 0 1 35 0 3189 0
0 3189 0 1 10 0 3189 0
0 3189 0 1 178 0 3189 0
0 3189 0 1 77 0 3189 0
0 3189 0 1 77 0 3189 0
0 3189 0 1 14 0 3189 0
0 3189 0 1 34 0 3189 0
1 2789 1440 2 34 0 889 1440 75 1 1900 0
0 3189 0 1 83 0 3189 0
0 3189 0 1 132 0 3189 0
0 2785 1456 2 132 0 1114 1456 158 0 1671 0
0 3189 0 1 79 0 3189 0
0 3189 0 1 88 0 3189 0
0 3189 0 1 131 0 3189 0
0 3189 0 1 192 0 3189 0
1 2887 1087 2 192 0 248 1086 30 1 2639 1
0 3189 0 1 71 0 3189 0
0 3189 0 1 139 0 3189 0
0 3189 0 1 43 0 3189 0
1 3018 615 2 102 0 783 614 159 1 2235 1
0 3189 0 1 182 0 3189 0
0 3189 0 1 157 0 3189 0
1 2882 1105 2 157 0 68 1104 163 1 2814 1
0 3189 0 1 194 0 3189 0
1 3016 622 2 12 0 1208 621 188 1 1808 1
2 2791 1431 2 121 0 1402 1431 160 2 1389 0
0 2954 847 2 144 0 976 846 181 0 1978 1
0 3095 338 1 181 0 3095 338
0 3189 0 1 50 0 3189 0
2 2820 1327 2 50 0 288 1327 44 2 2532 0
0 3189 0 1 53 0 3189 0
2 2995 696 2 95 0 2518 696 48 2 477 0
1 2866 1162 2 48 0 1701 1162 87 1 1165 0
0 3189 0 1 87 0 3189 0
0 3189 0 1 29 0 3189 0
-1
11 46
0 2298 0 1 55 0 2298 0
0 2298 0 1 55 0 2298 0
0 2298 0 1 108 0 2298 0
0 2298 0 1 108 0 2298 0
0 2298 0 1 80 0 2298 0
0 2113 667 1 80 0 2113 667
0 2298 0 1 185 0 2298 0
0 2298 0 1 185 0 2298 0
0 2298 0 1 130 0 2298 0
2 2042 921 2 130 0 1212 921 99 2 830 0
0 2298 0 1 23 0 2298 0
0 2298 0 1 35 0 2298 0
0 2298 0 1 10 0 2298 0
0 2298 0 1 178 0 2298 0
0 2085 768 1 178 0 2085 768
0 2298 0 1 77 0 2298 0
0 2298 0 1 14 0 2298 0
0 2298 0 1 34 0 2298 0
0 2298 0 1 34 0 2298 0
0 2298 0 1 75 0 2298 0
1 2082 778 2 26 0 1560 778 132 1 522 0
0 2298 0 1 132 0 2298 0
0 2298 0 1 79 0 2298 0
1 1933 1315 2 79 0 1607 1314 88 1 326 1
0 2298 0 1 131 0 2298 0
2 1888 1476 2 131 0 3 1476 192 2 1885 0
0 2298 0 1 192 0 2298 0
1 2085 767 2 30 0 106 767 71 1 1979 0
0 2152 527 2 93 0 459 526 139 0 1693 1
0 2144 555 2 100 0 2006 555 43 0 138 0
0 1995 1093 1 43 0 1995 1093
0 2298 0 1 182 0 2298 0
0 2298 0 1 157 0 2298 0
0 2298 0 1 157 0 2298 0
0 2298 0 1 194 0 2298 0
0 2298 0 1 12 0 2298 0
0 2298 0 1 121 0 2298 0
0 2298 0 1 144 0 2298 0
0 2298 0 1 181 0 2298 0
0 2298 0 1 50 0 2298 0
0 2298 0 1 50 0 2298 0
1 2093 738 2 44 0 211 738 53 1 1882 0
0 2298 0 1 95 0 2298 0
0 2298 0 1 48 0 2298 0
0 2298 0 1 87 0 2298 0
0 2298 0 1 29 0 2298 0
-1
12 46
2 2572 0 1 166 2 2572 0
2 2572 0 1 1 2 2572 0
2 2572 0 1 13 2 2572 0
2 2572 0 1 162 2 2572 0
0 2343 828 2 91 0 2191 828 20 0 152 0
2 2572 0 1 20 2 2572 0
2 2572 0 1 199 2 2572 0
2 2572 0 1 143 2 2572 0
2 2572 0 1 116 2 2572 0
2 2572 0 1 51 2 2572 0
2 2572 0 1 171 2 2572 0
2 2572 0 1 191 2 2572 0
2 2572 0 1 24 2 2572 0
2 2572 0 1 153 2 2572 0
2 2572 0 1 45 2 2572 0
1 2173 1439 2 45 0 1025 1439 197 1 1148 0
2 2572 0 1 103 2 2572 0
2 2572 0 1 138 2 2572 0
1 2166 1464 2 138 0 1860 1464 60 1 306 0
2 2572 0 1 60 2 2572 0
0 2387 669 1 59 0 2387 669
0 2295 1001 2 184 0 2105 1001 62 0 190 0
2 2572 0 1 62 2 2572 0
2 2572 0 1 111 2 2572 0
1 2222 1263 2 111 0 1085 1263 63 1 1137 0
2 2572 0 1 63 2 2572 0
1 2428 520 2 129 0 405 520 126 1 2023 0
2 2572 0 1 98 2 2572 0
2 2572 0 1 56 2 2572 0
1 2285 1036 2 56 0 0 1036 118 1 2285 0
2 2572 0 1 81 2 2572 0
2 2572 0 1 110 2 2572 0
2 2572 0 1 146 2 2572 0
2 2572 0 1 156 2 2572 0
1 2297 992 2 172 0 362 992 152 1 1935 0
0 2480 334 1 31 0 2480 334
2 2315 926 2 173 0 1301 926 61 2 1014 0
2 2572 0 1 61 2 2572 0
2 2572 0 1 86 2 2572 0
2 2572 0 1 6 2 2572 0
2 2572 0 1 64 2 2572 0
2 2572 0 1 82 2 2572 0
2 2572 0 1 28 2 2572 0
0 2339 842 1 19 0 2339 842
2 2572 0 1 27 2 2572 0
1 2285 1036 2 78 0 826 1035 101 1 1459 1
-1
13 49
2 1812 0 1 57 2 1812 0
2 1812 0 1 57 2 1812 0
2 1812 0 1 57 2 1812 0
0 1603 755 2 57 0 1353 755 150 0 250 0
2 1812 0 1 150 2 1812 0
2 1812 0 1 150 2 1812 0
2 1812 0 1 150 2 1812 0
2 1812 0 1 150 2 1812 0
2 1536 994 2 150 0 1440 994 99 2 96 0
2 1812 0 1 99 2 1812 0
2 1812 0 1 35 2 1812 0
2 1812 0 1 35 2 1812 0
0 1521 1051 2 35 0 344 1051 47 0 1177 0
2 1812 0 1 47 2 1812 0
2 1812 0 1 3 2 1812 0
2 1812 0 1 3 2 1812 0
0 1225 2118 3 3 0 1001 1130 77 0 216 988 96 0 8 0
2 1812 0 1 96 2 1812 0
2 1812 0 1 26 2 1812 0
2 1812 0 1 26 2 1812 0
2 1812 0 1 26 2 1812 0
2 1812 0 1 132 2 1812 0
0 1671 510 2 158 0 836 510 79 0 835 0
2 1812 0 1 79 2 1812 0
2 1812 0 1 131 2 1812 0
2 1812 0 1 131 2 1812 0
2 1812 0 1 192 2 1812 0
2 1812 0 1 93 2 1812 0
2 1812 0 1 93 2 1812 0
2 1571 868 2 155 0 93 868 100 2 1478 0
2 1812 0 1 43 2 1812 0
2 1812 0 1 182 2 1812 0
1 1449 1309 2 42 0 1425 1309 163 1 24 0
2 1812 0 1 163 2 1812 0
2 1633 645 2 11 0 0 645 188 2 1633 0
2 1812 0 1 188 2 1812 0
1 1552 938 2 188 0 1110 938 144 1 442 0
2 1812 0 1 144 2 1812 0
2 1812 0 1 181 2 1812 0
2 1812 0 1 50 2 1812 0
2 1812 0 1 50 2 1812 0
2 1812 0 1 44 2 1812 0
0 1650 586 2 53 0 202 586 95 0 1448 0
2 1812 0 1 48 2 1812 0
2 1812 0 1 87 2 1812 0
2 1812 0 1 29 2 1812 0
1 1602 758 2 29 0 0 757 72 1 1602 1
2 1812 0 1 72 2 1812 0
2 1812 0 1 177 2 1812 0
-1
14 59
1 2736 0 1 190 1 2736 0
1 2736 0 1 190 1 2736 0
1 2736 0 1 135 1 2736 0
0 2513 805 2 135 0 1744 804 119 0 769 1
1 2736 0 1 119 1 2736 0
1 2736 0 1 119 1 2736 0
1 2736 0 1 49 1 2736 0
1 2544 692 2 49 0 1071 691 109 1 1473 1
1 2736 0 1 109 1 2736 0
2 2468 964 2 109 0 1222 964 122 2 1246 0
1 2736 0 1 122 1 2736 0
1 2481 919 2 122 0 1025 918 18 1 1456 1
2 2570 597 2 18 0 2299 597 189 2 271 0
1 2736 0 1 189 1 2736 0
1 2736 0 1 89 1 2736 0
2 2546 683 2 89 0 708 683 33 2 1838 0
1 2736 0 1 33 1 2736 0
1 2736 0 1 33 1 2736 0
1 2350 1391 2 33 0 327 1391 7 1 2023 0
1 2736 0 1 7 1 2736 0
1 2736 0 1 7 1 2736 0
2 2320 1498 2 7 0 1106 1498 154 2 1214 0
1 2736 0 1 154 1 2736 0
0 2481 920 2 154 0 1075 920 195 0 1406 0
1 2736 0 1 195 1 2736 0
1 2736 0 1 38 1 2736 0
1 2736 0 1 38 1 2736 0
1 2451 1027 2 38 0 145 1027 167 1 2306 0
1 2736 0 1 167 1 2736 0
1 2411 1171 2 167 0 2243 1171 139 1 168 0
1 2736 0 1 113 1 2736 0
1 2736 0 1 66 1 2736 0
1 2736 0 1 66 1 2736 0
0 2418 1147 2 66 0 1597 1147 74 0 821 0
2 2594 510 2 74 0 2143 510 121 2 451 0
1 2736 0 1 121 1 2736 0
1 2736 0 1 121 1 2736 0
1 2736 0 1 97 1 2736 0
1 2736 0 1 97 1 2736 0
1 2736 0 1 97 1 2736 0
1 2736 0 1 179 1 2736 0
1 2736 0 1 4 1 2736 0
1 2736 0 1 4 1 2736 0
1 2736 0 1 117 1 2736 0
1 2736 0 1 117 1 2736 0
0 2384 1270 2 117 0 1529 1269 87 0 855 1
1 2736 0 1 133 1 2736 0
1 2736 0 1 107 1 2736 0
1 2736 0 1 107 1 2736 0
2 2395 1227 2 107 0 1353 1227 68 2 1042 0
1 2736 0 1 68 1 2736 0
1 2736 0 1 68 1 2736 0
0 2406 1190 2 114 0 745 1190 58 0 1661 0
1 2736 0 1 58 1 2736 0
2 2493 874 2 58 0 216 874 149 2 2277 0
1 2736 0 1 149 1 2736 0
1 2736 0 1 149 1 2736 0
1 2736 0 1 164 1 2736 0
2 2340 1426 2 164 0 577 1426 8 2 1763 0
-1
15 38
1 1525 0 1 40 1 1525 0
1 1525 0 1 136 1 1525 0
1 1525 0 1 52 1 1525 0
1 1525 0 1 84 1 1525 0
1 1525 0 1 115 1 1525 0
1 1525 0 1 90 1 1525 0
1 1241 1023 2 145 0 1223 1023 128 1 18 0
1 1208 1142 2 128 0 150 1142 17 1 1058 0
1 1525 0 1 196 1 1525 0
1 1525 0 1 141 1 1525 0
2 1123 1447 2 141 0 108 1447 69 2 1015 0
1 1274 904 2 23 0 195 904 32 1 1079 0
1 1525 0 1 94 1 1525 0
1 1525 0 1 15 1 1525 0
1 1525 0 1 2 1 1525 0
2 1347 640 2 178 0 0 640 186 2 1347 0
1 1525 0 1 174 1 1525 0
0 1199 1176 2 170 0 970 1176 14 0 229 0
1 1525 0 1 96 1 1525 0
1 1525 0 1 169 1 1525 0
1 1525 0 1 75 1 1525 0
1 1525 0 1 127 1 1525 0
0 1356 610 1 187 0 1356 610
1 1525 0 1 22 1 1525 0
1 1133 1413 2 22 0 123 1413 88 1 1010 0
1 1525 0 1 147 1 1525 0
0 1230 1064 2 41 0 950 1064 168 0 280 0
1 1525 0 1 161 1 1525 0
1 1525 0 1 16 1 1525 0
1 1525 0 1 137 1 1525 0
1 1525 0 1 123 1 1525 0
2 1520 17 2 43 0 0 16 102 2 1520 1
1 1525 0 1 46 1 1525 0
1 1525 0 1 156 1 1525 0
1 1525 0 1 152 1 1525 0
1 1525 0 1 194 1 1525 0
1 1525 0 1 176 1 1525 0
1 1525 0 1 160 1 1525 0
-1
