1 65
1 2341 5 1 662 1 2341 5
1 2259 1399 2 662 0 1120 1394 271 1 1139 5
1 2265 1297 2 271 0 1449 1297 744 1 816 0
1 2299 719 2 345 0 1716 714 873 1 583 5
1 2341 5 1 721 1 2341 5
1 2341 5 1 603 1 2341 5
1 2341 5 1 1028 1 2341 5
1 2341 5 1 1097 1 2341 5
1 2341 5 1 466 1 2341 5
1 2341 5 1 1033 1 2341 5
0 2300 709 2 1101 0 1694 709 227 0 606 0
0 2264 1321 2 227 0 2127 1318 109 0 137 3
1 2341 5 1 109 1 2341 5
1 2274 1144 2 720 0 1335 1144 1137 1 939 0
1 2341 5 1 1137 1 2341 5
1 2280 1042 2 49 0 1226 1042 61 1 1054 0
1 2341 5 1 756 1 2341 5
0 2295 794 2 743 0 1026 793 287 0 1269 1
1 2341 5 1 591 1 2341 5
1 2341 5 1 1138 1 2341 5
1 2341 5 1 759 1 2341 5
1 2341 5 1 719 1 2341 5
1 2341 5 1 614 1 2341 5
1 2341 5 1 418 1 2341 5
1 2341 5 1 415 1 2341 5
1 2341 5 1 1009 1 2341 5
0 2285 964 2 938 0 1370 959 612 0 915 5
1 2341 5 1 246 1 2341 5
1 2341 5 1 573 1 2341 5
1 2341 5 1 555 1 2341 5
1 2341 5 1 220 1 2341 5
1 2341 5 1 270 1 2341 5
1 2341 5 1 1037 1 2341 5
1 2341 5 1 43 1 2341 5
1 2341 5 1 1019 1 2341 5
1 2292 838 2 499 0 150 836 800 1 2142 2
0 2312 505 2 281 0 519 499 1122 0 1793 6
1 2341 5 1 1071 1 2341 5
2 2278 1070 2 934 0 806 1067 734 2 1472 3
1 2271 1195 2 734 0 179 1195 332 1 2092 0
1 2341 5 1 41 1 2341 5
1 2291 855 2 1036 0 1777 850 898 1 514 5
1 2341 5 1 929 1 2341 5
1 2341 5 1 361 1 2341 5
1 2341 5 1 36 1 2341 5
1 2341 5 1 692 1 2341 5
1 2341 5 1 286 1 2341 5
1 2341 5 1 195 1 2341 5
1 2341 5 1 773 1 2341 5
0 2337 80 1 344 0 2337 80
1 2341 5 1 311 1 2341 5
1 2341 5 1 1048 1 2341 5
0 2312 505 2 732 0 1415 501 545 0 897 4
0 2293 828 2 238 0 1945 825 28 0 348 3
1 2341 5 1 799 1 2341 5
1 2341 5 1 621 1 2341 5
0 2287 930 2 872 0 1515 928 353 0 772 2
1 2341 5 1 1136 1 2341 5
1 2341 5 1 1126 1 2341 5
1 2291 855 2 714 0 805 852 226 1 1486 3
1 2341 5 1 823 1 2341 5
1 2341 5 1 64 1 2341 5
1 2256 1450 2 64 0 845 1447 175 1 1411 3
1 2264 1314 2 175 0 1285 1311 1013 1 979 3
0 2273 1168 2 1013 0 385 1163 52 0 1888 5
-1
2 78
1 2116 3 1 63 1 2116 3
1 2116 3 1 1189 1 2116 3
1 2054 1057 2 1189 0 474 1056 772 1 1580 1
1 2116 3 1 897 1 2116 3
1 2116 3 1 797 1 2116 3
1 2116 3 1 761 1 2116 3
1 2116 3 1 1065 1 2116 3
0 2048 1165 2 1065 0 1983 1164 12 0 65 1
1 2116 3 1 12 1 2116 3
1 2116 3 1 740 1 2116 3
1 2116 3 1 122 1 2116 3
1 2033 1414 2 122 0 629 1409 695 1 1404 5
1 2057 1006 2 695 0 2055 1006 1064 1 2 0
1 2079 632 2 1064 0 19 629 979 1 2060 3
1 2116 3 1 979 1 2116 3
1 2116 3 1 206 1 2116 3
1 2116 3 1 78 1 2116 3
1 2116 3 1 616 1 2116 3
1 2051 1108 2 616 0 682 1105 1169 1 1369 3
1 2070 785 2 1169 0 38 780 1124 1 2032 5
2 2114 31 2 1124 0 0 31 1130 2 2114 0
1 2082 581 2 140 0 2049 576 483 1 33 5
1 2116 3 1 434 1 2116 3
1 2116 3 1 434 1 2116 3
1 2116 3 1 895 1 2116 3
1 2116 3 1 723 1 2116 3
0 2031 1454 2 723 0 115 1454 570 0 1916 0
1 2116 3 1 1043 1 2116 3
1 2116 3 1 1043 1 2116 3
1 2116 3 1 7 1 2116 3
1 2116 3 1 765 1 2116 3
1 2116 3 1 1160 1 2116 3
1 2116 3 1 542 1 2116 3
1 2116 3 1 861 1 2116 3
1 2116 3 1 455 1 2116 3
1 2116 3 1 776 1 2116 3
1 2054 1057 2 776 0 42 1054 343 1 2012 3
1 2057 1006 2 343 0 1411 1004 601 1 646 2
1 2116 3 1 601 1 2116 3
1 2116 3 1 130 1 2116 3
1 2116 3 1 72 1 2116 3
2 2052 1085 2 72 0 2008 1082 1011 2 44 3
1 2116 3 1 1011 1 2116 3
1 2116 3 1 170 1 2116 3
1 2116 3 1 170 1 2116 3
1 2070 785 2 1093 0 1711 782 894 1 359 3
1 2116 3 1 894 1 2116 3
1 2116 3 1 777 1 2116 3
1 2116 3 1 338 1 2116 3
1 2116 3 1 954 1 2116 3
1 2116 3 1 149 1 2116 3
1 2116 3 1 359 1 2116 3
1 2116 3 1 46 1 2116 3
1 2116 3 1 793 1 2116 3
1 2116 3 1 376 1 2116 3
1 2116 3 1 1091 1 2116 3
1 2116 3 1 943 1 2116 3
1 2116 3 1 810 1 2116 3
1 2116 3 1 711 1 2116 3
1 2116 3 1 750 1 2116 3
1 2116 3 1 181 1 2116 3
1 2116 3 1 181 1 2116 3
1 2116 3 1 640 1 2116 3
1 2116 3 1 16 1 2116 3
1 2116 3 1 1172 1 2116 3
1 2116 3 1 763 1 2116 3
1 2116 3 1 779 1 2116 3
1 2116 3 1 1004 1 2116 3
1 2116 3 1 959 1 2116 3
1 2052 1091 2 959 0 678 1088 667 1 1374 3
1 2116 3 1 540 1 2116 3
1 2109 122 2 540 0 0 122 154 1 2109 0
1 2116 3 1 282 1 2116 3
1 2116 3 1 350 1 2116 3
1 2116 3 1 1014 1 2116 3
1 2116 3 1 1153 1 2116 3
1 2116 3 1 1153 1 2116 3
1 2116 3 1 1153 1 2116 3
-1
3 67
0 1720 5 1 662 0 1720 5
0 1720 5 1 271 0 1720 5
0 1686 583 2 744 0 746 583 345 0 940 0
0 1720 5 1 873 0 1720 5
0 1720 5 1 721 0 1720 5
2 1677 724 2 603 0 530 723 1028 2 1147 1
0 1682 651 1 1028 0 1682 651
0 1720 5 1 962 0 1720 5
0 1720 5 1 466 0 1720 5
1 1668 883 2 1033 0 743 882 1101 1 925 1
0 1720 5 1 227 0 1720 5
0 1720 5 1 109 0 1720 5
0 1720 5 1 720 0 1720 5
0 1720 5 1 1137 0 1720 5
0 1720 5 1 49 0 1720 5
0 1720 5 1 61 0 1720 5
0 1720 5 1 743 0 1720 5
0 1720 5 1 287 0 1720 5
0 1720 5 1 591 0 1720 5
0 1720 5 1 384 0 1720 5
1 1657 1070 2 759 0 1588 1068 719 1 69 2
0 1720 5 1 614 0 1720 5
0 1691 498 2 114 0 1189 495 418 0 502 3
0 1720 5 1 418 0 1720 5
0 1649 1212 2 415 0 1441 1208 1009 0 208 4
0 1720 5 1 938 0 1720 5
0 1720 5 1 246 0 1720 5
0 1720 5 1 1113 0 1720 5
0 1720 5 1 555 0 1720 5
0 1720 5 1 220 0 1720 5
0 1720 5 1 270 0 1720 5
0 1720 5 1 1037 0 1720 5
0 1720 5 1 579 0 1720 5
0 1720 5 1 283 0 1720 5
0 1720 5 1 499 0 1720 5
2 1672 809 2 800 0 1436 805 281 2 236 4
1 1677 730 2 1122 0 1102 725 1071 1 575 5
0 1720 5 1 934 0 1720 5
0 1720 5 1 734 0 1720 5
1 1672 815 2 332 0 1531 812 41 1 141 3
0 1720 5 1 1036 0 1720 5
0 1720 5 1 898 0 1720 5
0 1720 5 1 929 0 1720 5
0 1720 5 1 36 0 1720 5
0 1720 5 1 692 0 1720 5
0 1639 1382 2 692 0 1009 1379 286 0 630 3
2 1644 1285 2 286 0 1202 1284 195 2 442 1
0 1720 5 1 195 0 1720 5
0 1720 5 1 344 0 1720 5
0 1720 5 1 1181 0 1720 5
0 1720 5 1 311 0 1720 5
0 1720 5 1 1048 0 1720 5
0 1720 5 1 238 0 1720 5
0 1720 5 1 28 0 1720 5
0 1720 5 1 799 0 1720 5
0 1720 5 1 872 0 1720 5
0 1720 5 1 353 0 1720 5
0 1720 5 1 1136 0 1720 5
0 1720 5 1 714 0 1720 5
0 1720 5 1 226 0 1720 5
0 1720 5 1 823 0 1720 5
0 1720 5 1 64 0 1720 5
0 1720 5 1 175 0 1720 5
0 1720 5 1 1013 0 1720 5
0 1720 5 1 492 0 1720 5
0 1720 5 1 492 0 1720 5
0 1720 5 1 52 0 1720 5
-1
4 78
1 2737 1 1 280 1 2737 1
1 2737 1 1 280 1 2737 1
1 2737 1 1 280 1 2737 1
1 2672 1106 2 280 0 1722 1101 392 1 950 5
1 2737 1 1 392 1 2737 1
1 2737 1 1 392 1 2737 1
1 2737 1 1 392 1 2737 1
0 2670 1146 2 392 0 1203 1144 674 0 1467 2
1 2737 1 1 674 1 2737 1
1 2737 1 1 674 1 2737 1
2 2686 862 2 674 0 833 860 1000 2 1853 2
1 2737 1 1 1000 1 2737 1
2 2700 623 2 1000 0 1014 620 523 2 1686 3
1 2737 1 1 523 1 2737 1
1 2737 1 1 523 1 2737 1
0 2685 891 2 523 0 882 889 131 0 1803 2
1 2737 1 1 244 1 2737 1
1 2737 1 1 244 1 2737 1
1 2694 732 2 244 0 1076 726 202 1 1618 6
1 2737 1 1 202 1 2737 1
1 2737 1 1 202 1 2737 1
0 2656 1384 2 202 0 2253 1379 488 0 403 5
1 2737 1 1 488 1 2737 1
1 2737 1 1 488 1 2737 1
2 2698 657 2 488 0 70 654 748 2 2628 3
1 2737 1 1 748 1 2737 1
1 2737 1 1 748 1 2737 1
1 2737 1 1 748 1 2737 1
1 2651 1463 2 748 0 2350 1460 1168 1 301 3
1 2737 1 1 1168 1 2737 1
1 2737 1 1 572 1 2737 1
1 2737 1 1 572 1 2737 1
1 2737 1 1 572 1 2737 1
1 2737 1 1 268 1 2737 1
1 2737 1 1 268 1 2737 1
1 2685 885 2 268 0 2489 883 932 1 196 2
1 2737 1 1 932 1 2737 1
1 2737 1 1 932 1 2737 1
0 2697 687 2 932 0 501 682 741 0 2196 5
0 2653 1435 2 741 0 1998 1431 482 0 655 4
1 2737 1 1 482 1 2737 1
1 2737 1 1 482 1 2737 1
1 2737 1 1 482 1 2737 1
1 2737 1 1 482 1 2737 1
1 2660 1310 2 482 0 246 1309 102 1 2414 1
1 2737 1 1 102 1 2737 1
1 2737 1 1 581 1 2737 1
1 2703 579 2 581 0 2473 578 937 1 230 1
1 2737 1 1 937 1 2737 1
1 2737 1 1 937 1 2737 1
1 2737 1 1 528 1 2737 1
1 2737 1 1 528 1 2737 1
1 2737 1 1 528 1 2737 1
1 2737 1 1 528 1 2737 1
2 2598 2357 3 528 0 1396 1368 552 0 732 986 880 2 470 3
1 2737 1 1 880 1 2737 1
1 2737 1 1 880 1 2737 1
1 2737 1 1 25 1 2737 1
1 2737 1 1 360 1 2737 1
1 2737 1 1 360 1 2737 1
1 2705 545 2 928 0 1437 545 48 1 1268 0
0 2698 670 2 48 0 700 667 500 0 1998 3
1 2669 1157 2 500 0 722 1151 313 1 1947 6
1 2737 1 1 313 1 2737 1
1 2737 1 1 313 1 2737 1
1 2737 1 1 313 1 2737 1
1 2656 1378 2 313 0 2285 1374 991 1 371 4
0 2674 1078 2 1197 0 132 1076 829 0 2542 2
1 2737 1 1 829 1 2737 1
1 2737 1 1 829 1 2737 1
1 2737 1 1 829 1 2737 1
0 2659 1333 2 829 0 998 1328 611 0 1661 5
1 2737 1 1 611 1 2737 1
1 2737 1 1 241 1 2737 1
0 2730 126 1 241 0 2730 126
1 2652 1446 2 678 0 160 1445 315 1 2492 1
1 2737 1 1 315 1 2737 1
2 2694 725 2 31 0 2004 723 54 2 690 2
-1
5 77
2 1151 2 1 63 2 1151 2
2 1151 2 1 63 2 1151 2
2 1151 2 1 1189 2 1151 2
2 1151 2 1 772 2 1151 2
2 1151 2 1 897 2 1151 2
2 1151 2 1 797 2 1151 2
2 1151 2 1 761 2 1151 2
2 1151 2 1 1065 2 1151 2
2 1151 2 1 12 2 1151 2
2 1095 954 2 12 0 792 953 740 2 303 1
2 1151 2 1 740 2 1151 2
2 1151 2 1 122 2 1151 2
2 1151 2 1 695 2 1151 2
2 1151 2 1 1064 2 1151 2
2 1151 2 1 979 2 1151 2
0 1086 1119 2 979 0 299 1118 206 0 787 1
2 1151 2 1 206 2 1151 2
2 1151 2 1 78 2 1151 2
2 1151 2 1 616 2 1151 2
2 1151 2 1 1169 2 1151 2
2 1151 2 1 1124 2 1151 2
2 1151 2 1 1130 2 1151 2
2 1151 2 1 483 2 1151 2
2 1151 2 1 434 2 1151 2
2 1151 2 1 434 2 1151 2
0 1112 677 2 895 0 374 677 723 0 738 0
2 1151 2 1 723 2 1151 2
2 1151 2 1 570 2 1151 2
2 1151 2 1 1043 2 1151 2
2 1151 2 1 1043 2 1151 2
2 1151 2 1 7 2 1151 2
2 1151 2 1 765 2 1151 2
2 1151 2 1 1160 2 1151 2
1 1115 620 2 542 0 1063 618 861 1 52 2
2 1102 835 2 861 0 850 831 455 2 252 4
2 1151 2 1 455 2 1151 2
2 1151 2 1 776 2 1151 2
2 1151 2 1 343 2 1151 2
2 1151 2 1 601 2 1151 2
1 1094 977 2 601 0 408 974 130 1 686 3
2 1151 2 1 130 2 1151 2
2 1151 2 1 72 2 1151 2
2 1151 2 1 1011 2 1151 2
2 1151 2 1 1011 2 1151 2
2 1151 2 1 170 2 1151 2
0 1074 1323 2 170 0 206 1318 1093 0 868 5
2 1151 2 1 894 2 1151 2
2 1095 954 2 894 0 524 954 777 2 571 0
0 1102 847 2 777 0 420 843 338 0 682 4
2 1151 2 1 338 2 1151 2
2 1122 495 2 954 0 213 494 149 2 909 1
2 1151 2 1 149 2 1151 2
2 1151 2 1 359 2 1151 2
2 1151 2 1 46 2 1151 2
2 1151 2 1 793 2 1151 2
2 1119 546 2 376 0 247 542 1091 2 872 4
2 1151 2 1 1091 2 1151 2
2 1151 2 1 943 2 1151 2
2 1151 2 1 810 2 1151 2
2 1151 2 1 711 2 1151 2
2 1151 2 1 750 2 1151 2
2 1151 2 1 181 2 1151 2
0 1112 677 1 181 0 1112 677
2 1151 2 1 640 2 1151 2
2 1111 682 2 16 0 7 680 1172 2 1104 2
1 1100 875 2 1172 0 166 872 763 1 934 3
2 1151 2 1 763 2 1151 2
1 1114 637 2 779 0 331 634 1004 1 783 3
2 1151 2 1 1004 2 1151 2
2 1151 2 1 959 2 1151 2
2 1151 2 1 667 2 1151 2
2 1151 2 1 540 2 1151 2
2 1151 2 1 154 2 1151 2
2 1151 2 1 282 2 1151 2
2 1151 2 1 350 2 1151 2
0 1120 541 2 1014 0 361 536 868 0 759 5
2 1151 2 1 1153 2 1151 2
-1
6 100
0 2231 0 1 26 0 2231 0
0 2178 901 2 26 0 1425 898 157 0 753 3
0 2231 0 1 157 0 2231 0
0 2231 0 1 157 0 2231 0
1 2147 1422 2 157 0 926 1417 309 1 1221 5
1 2194 623 2 309 0 2163 617 250 1 31 6
0 2231 0 1 250 0 2231 0
0 2231 0 1 250 0 2231 0
0 2231 0 1 377 0 2231 0
0 2231 0 1 377 0 2231 0
0 2187 748 2 377 0 0 747 1141 0 2187 1
0 2231 0 1 1141 0 2231 0
0 2231 0 1 1141 0 2231 0
1 2143 1490 2 1141 0 77 1484 919 1 2066 6
0 2231 0 1 919 0 2231 0
2 2194 616 2 919 0 0 615 446 2 2194 1
0 2231 0 1 446 0 2231 0
0 2166 1105 2 446 0 1083 1103 394 0 1083 2
0 2231 0 1 394 0 2231 0
0 2231 0 1 706 0 2231 0
0 2231 0 1 706 0 2231 0
0 2167 1088 2 706 0 692 1084 642 0 1475 4
0 2231 0 1 642 0 2231 0
0 2231 0 1 642 0 2231 0
0 2148 1411 2 642 0 159 1411 633 0 1989 0
0 2231 0 1 633 0 2231 0
0 2231 0 1 633 0 2231 0
0 2231 0 1 53 0 2231 0
0 2231 0 1 53 0 2231 0
0 2162 1173 2 53 0 238 1168 167 0 1924 5
0 2231 0 1 167 0 2231 0
0 2231 0 1 167 0 2231 0
0 2231 0 1 1121 0 2231 0
0 2231 0 1 1121 0 2231 0
0 2231 0 1 941 0 2231 0
0 2231 0 1 941 0 2231 0
0 2231 0 1 941 0 2231 0
0 2231 0 1 844 0 2231 0
0 2231 0 1 844 0 2231 0
1 2149 1388 2 844 0 2131 1382 364 1 18 6
0 2231 0 1 364 0 2231 0
0 2231 0 1 303 0 2231 0
0 2231 0 1 303 0 2231 0
1 2158 1235 2 303 0 1538 1233 630 1 620 2
0 2231 0 1 630 0 2231 0
0 2231 0 1 630 0 2231 0
0 2231 0 1 284 0 2231 0
0 2231 0 1 624 0 2231 0
0 2231 0 1 624 0 2231 0
0 2231 0 1 624 0 2231 0
0 2231 0 1 586 0 2231 0
1 2185 776 2 586 0 2157 775 1177 1 28 1
0 2231 0 1 1177 0 2231 0
0 2231 0 1 1177 0 2231 0
0 2155 1292 2 1177 0 498 1291 1110 0 1657 1
1 2192 657 2 1110 0 2007 652 232 1 185 5
0 2231 0 1 232 0 2231 0
0 2231 0 1 232 0 2231 0
0 2231 0 1 1195 0 2231 0
1 2180 861 2 1195 0 1457 861 522 1 723 0
0 2231 0 1 522 0 2231 0
0 2182 833 2 522 0 71 828 985 0 2111 5
0 2198 561 2 985 0 725 556 117 0 1473 5
2 2195 599 2 117 0 1732 597 833 2 463 2
2 2199 531 2 833 0 2119 531 259 2 80 0
0 2231 0 1 259 0 2231 0
0 2231 0 1 1070 0 2231 0
0 2231 0 1 1070 0 2231 0
0 2231 0 1 1070 0 2231 0
0 2231 0 1 780 0 2231 0
0 2231 0 1 780 0 2231 0
0 2150 1377 2 780 0 1570 1373 707 0 580 4
0 2231 0 1 707 0 2231 0
0 2231 0 1 698 0 2231 0
0 2231 0 1 698 0 2231 0
2 2156 1262 2 698 0 1620 1260 547 2 536 2
0 2231 0 1 547 0 2231 0
0 2231 0 1 547 0 2231 0
0 2231 0 1 1184 0 2231 0
0 2231 0 1 1184 0 2231 0
0 2231 0 1 1184 0 2231 0
0 2231 0 1 1132 0 2231 0
0 2187 748 2 1132 0 817 744 1001 0 1370 4
0 2231 0 1 1001 0 2231 0
0 2171 1020 2 1001 0 1162 1017 927 0 1009 3
2 2196 582 2 927 0 2016 579 627 2 180 3
0 2231 0 1 627 0 2231 0
0 2231 0 1 627 0 2231 0
0 2231 0 1 575 0 2231 0
0 2231 0 1 575 0 2231 0
0 2231 0 1 47 0 2231 0
0 2231 0 1 47 0 2231 0
0 2231 0 1 47 0 2231 0
0 2231 0 1 279 0 2231 0
0 2231 0 1 279 0 2231 0
0 2231 0 1 940 0 2231 0
0 2231 0 1 940 0 2231 0
0 2231 0 1 749 0 2231 0
0 2231 0 1 1164 0 2231 0
0 2231 0 1 1164 0 2231 0
-1
7 107
0 1774 5 1 352 0 1774 5
0 1774 5 1 352 0 1774 5
0 1774 5 1 352 0 1774 5
0 1774 5 1 352 0 1774 5
0 1774 5 1 352 0 1774 5
0 1774 5 1 352 0 1774 5
0 1774 5 1 352 0 1774 5
0 1694 1365 2 352 0 146 1361 993 0 1548 4
0 1774 5 1 993 0 1774 5
0 1774 5 1 993 0 1774 5
0 1774 5 1 993 0 1774 5
0 1774 5 1 993 0 1774 5
1 1717 968 2 993 0 266 966 1018 1 1451 2
0 1774 5 1 1018 0 1774 5
0 1774 5 1 1018 0 1774 5
0 1774 5 1 1018 0 1774 5
0 1774 5 1 1018 0 1774 5
0 1774 5 1 1018 0 1774 5
0 1774 5 1 1018 0 1774 5
1 1690 1427 2 1018 0 990 1422 34 1 700 5
0 1774 5 1 34 0 1774 5
0 1774 5 1 34 0 1774 5
0 1774 5 1 34 0 1774 5
0 1774 5 1 34 0 1774 5
0 1774 5 1 34 0 1774 5
0 1712 1059 2 34 0 212 1057 562 0 1500 2
0 1774 5 1 562 0 1774 5
0 1774 5 1 562 0 1774 5
0 1774 5 1 562 0 1774 5
0 1774 5 1 562 0 1774 5
0 1774 5 1 562 0 1774 5
0 1774 5 1 562 0 1774 5
0 1696 1331 2 562 0 87 1327 1079 0 1609 4
0 1774 5 1 1079 0 1774 5
0 1774 5 1 1079 0 1774 5
0 1774 5 1 1079 0 1774 5
0 1774 5 1 1079 0 1774 5
0 1774 5 1 1079 0 1774 5
0 1707 1144 2 1079 0 60 1142 76 0 1647 2
0 1774 5 1 76 0 1774 5
0 1774 5 1 76 0 1774 5
0 1774 5 1 76 0 1774 5
0 1774 5 1 76 0 1774 5
1 1713 1036 2 76 0 743 1032 629 1 970 4
0 1774 5 1 629 0 1774 5
0 1774 5 1 629 0 1774 5
0 1774 5 1 629 0 1774 5
1 1728 781 2 629 0 880 778 1060 1 848 3
0 1774 5 1 1060 0 1774 5
0 1774 5 1 1060 0 1774 5
0 1774 5 1 1060 0 1774 5
0 1774 5 1 1060 0 1774 5
2 1715 996 2 1060 0 1199 993 272 2 516 3
0 1774 5 1 272 0 1774 5
0 1774 5 1 272 0 1774 5
0 1774 5 1 272 0 1774 5
0 1774 5 1 272 0 1774 5
2 1719 928 2 272 0 927 926 1123 2 792 2
0 1774 5 1 1123 0 1774 5
0 1774 5 1 1123 0 1774 5
2 1742 537 2 1123 0 599 537 447 2 1143 0
0 1774 5 1 688 0 1774 5
0 1774 5 1 688 0 1774 5
0 1774 5 1 688 0 1774 5
0 1738 617 2 688 0 366 617 1089 0 1372 0
0 1774 5 1 1089 0 1774 5
0 1774 5 1 1089 0 1774 5
1 1733 696 2 1089 0 1398 692 349 1 335 4
0 1774 5 1 349 0 1774 5
0 1774 5 1 349 0 1774 5
0 1774 5 1 349 0 1774 5
0 1774 5 1 349 0 1774 5
1 1718 951 2 349 0 1325 949 425 1 393 2
0 1722 889 2 425 0 328 884 137 0 1394 5
0 1774 5 1 137 0 1774 5
0 1774 5 1 137 0 1774 5
0 1774 5 1 137 0 1774 5
0 1774 5 1 137 0 1774 5
0 1774 5 1 137 0 1774 5
0 1733 702 1 137 0 1733 702
2 1738 605 2 137 0 0 601 112 2 1738 4
0 1774 5 1 641 0 1774 5
2 1737 622 2 903 0 352 619 730 2 1385 3
0 1774 5 1 964 0 1774 5
0 1774 5 1 964 0 1774 5
0 1774 5 1 964 0 1774 5
0 1774 5 1 964 0 1774 5
0 1774 5 1 964 0 1774 5
0 1774 5 1 422 0 1774 5
0 1774 5 1 422 0 1774 5
0 1774 5 1 808 0 1774 5
0 1774 5 1 675 0 1774 5
0 1774 5 1 657 0 1774 5
0 1774 5 1 1159 0 1774 5
0 1774 5 1 512 0 1774 5
0 1774 5 1 512 0 1774 5
1 1716 985 2 512 0 1073 980 277 1 643 5
0 1774 5 1 277 0 1774 5
0 1774 5 1 277 0 1774 5
0 1709 1110 2 277 0 1208 1110 796 0 501 0
0 1774 5 1 796 0 1774 5
0 1774 5 1 796 0 1774 5
0 1774 5 1 796 0 1774 5
0 1774 5 1 796 0 1774 5
2 1721 894 2 796 0 602 891 100 2 1119 3
0 1774 5 1 100 0 1774 5
0 1774 5 1 100 0 1774 5
-1
8 118
1 1122 1 1 594 1 1122 1
1 1122 1 1 594 1 1122 1
1 1122 1 1 594 1 1122 1
1 1122 1 1 594 1 1122 1
2 1040 1389 2 594 0 808 1386 913 2 232 3
1 1122 1 1 913 1 1122 1
1 1122 1 1 913 1 1122 1
1 1122 1 1 860 1 1122 1
1 1122 1 1 860 1 1122 1
1 1122 1 1 858 1 1122 1
1 1122 1 1 858 1 1122 1
1 1122 1 1 858 1 1122 1
1 1122 1 1 858 1 1122 1
1 1122 1 1 782 1 1122 1
1 1122 1 1 782 1 1122 1
1 1122 1 1 782 1 1122 1
1 1122 1 1 893 1 1122 1
1 1122 1 1 893 1 1122 1
2 1085 624 2 893 0 392 620 807 2 693 4
1 1122 1 1 807 1 1122 1
1 1122 1 1 807 1 1122 1
1 1122 1 1 807 1 1122 1
1 1122 1 1 501 1 1122 1
1 1122 1 1 501 1 1122 1
1 1122 1 1 501 1 1122 1
1 1122 1 1 644 1 1122 1
1 1122 1 1 644 1 1122 1
1 1122 1 1 656 1 1122 1
1 1122 1 1 656 1 1122 1
1 1122 1 1 656 1 1122 1
1 1122 1 1 656 1 1122 1
1 1122 1 1 656 1 1122 1
1 1122 1 1 1 1 1122 1
1 1122 1 1 1 1 1122 1
1 1122 1 1 1083 1 1122 1
1 1122 1 1 1083 1 1122 1
2 1078 743 2 1083 0 1050 739 1152 2 28 4
1 1122 1 1 1152 1 1122 1
1 1122 1 1 1152 1 1122 1
1 1122 1 1 1152 1 1122 1
1 1122 1 1 838 1 1122 1
1 1122 1 1 838 1 1122 1
1 1122 1 1 838 1 1122 1
1 1122 1 1 890 1 1122 1
1 1122 1 1 890 1 1122 1
1 1080 715 2 890 0 850 711 728 1 230 4
1 1122 1 1 728 1 1122 1
2 1091 522 2 728 0 478 519 626 2 613 3
1 1122 1 1 626 1 1122 1
1 1122 1 1 626 1 1122 1
1 1122 1 1 580 1 1122 1
1 1122 1 1 580 1 1122 1
1 1122 1 1 580 1 1122 1
1 1122 1 1 580 1 1122 1
1 1122 1 1 214 1 1122 1
1 1122 1 1 214 1 1122 1
1 1122 1 1 214 1 1122 1
0 1065 976 2 214 0 782 974 550 0 283 2
1 1122 1 1 550 1 1122 1
1 1122 1 1 550 1 1122 1
1 1071 868 2 550 0 966 865 1180 1 105 3
1 1122 1 1 1180 1 1122 1
1 1122 1 1 1180 1 1122 1
1 1122 1 1 1180 1 1122 1
1 1122 1 1 1180 1 1122 1
1 1122 1 1 476 1 1122 1
1 1122 1 1 476 1 1122 1
1 1122 1 1 476 1 1122 1
1 1122 1 1 476 1 1122 1
1 1122 1 1 179 1 1122 1
1 1122 1 1 179 1 1122 1
1 1085 630 2 179 0 232 627 1166 1 853 3
1 1122 1 1 1166 1 1122 1
1 1122 1 1 1166 1 1122 1
0 1072 857 2 1166 0 323 856 8 0 749 1
1 1122 1 1 8 1 1122 1
1 1122 1 1 8 1 1122 1
1 1122 1 1 8 1 1122 1
1 1122 1 1 8 1 1122 1
1 1122 1 1 217 1 1122 1
1 1122 1 1 217 1 1122 1
1 1122 1 1 217 1 1122 1
1 1122 1 1 217 1 1122 1
2 1049 1236 2 217 0 0 1236 210 2 1049 0
1 1122 1 1 210 1 1122 1
1 1122 1 1 210 1 1122 1
1 1122 1 1 210 1 1122 1
1 1122 1 1 210 1 1122 1
1 1122 1 1 1147 1 1122 1
1 1122 1 1 1147 1 1122 1
1 1122 1 1 1147 1 1122 1
1 1113 154 2 1147 0 0 153 105 1 1113 1
1 1122 1 1 105 1 1122 1
1 1122 1 1 105 1 1122 1
1 1122 1 1 105 1 1122 1
1 1052 1191 2 105 0 504 1191 113 1 548 0
1 1122 1 1 113 1 1122 1
1 1122 1 1 113 1 1122 1
1 1122 1 1 113 1 1122 1
1 1122 1 1 113 1 1122 1
1 1039 1412 2 113 0 466 1409 1057 1 573 3
1 1122 1 1 1057 1 1122 1
1 1122 1 1 1057 1 1122 1
1 1122 1 1 1057 1 1122 1
1 1122 1 1 1057 1 1122 1
1 1122 1 1 119 1 1122 1
1 1122 1 1 119 1 1122 1
2 1083 658 2 119 0 637 655 1088 2 446 3
1 1122 1 1 1088 1 1122 1
1 1122 1 1 1088 1 1122 1
1 1122 1 1 1063 1 1122 1
1 1122 1 1 1063 1 1122 1
1 1122 1 1 1063 1 1122 1
1 1122 1 1 1063 1 1122 1
1 1122 1 1 1063 1 1122 1
1 1122 1 1 543 1 1122 1
1 1122 1 1 543 1 1122 1
1 1122 1 1 543 1 1122 1
-1
9 79
0 1187 2 1 98 0 1187 2
0 1187 2 1 879 0 1187 2
0 1187 2 1 254 0 1187 2
2 1123 1078 2 254 0 1014 1077 454 2 109 1
0 1187 2 1 454 0 1187 2
0 1187 2 1 479 0 1187 2
0 1136 869 2 479 0 208 866 1052 0 928 3
0 1187 2 1 1052 0 1187 2
0 1187 2 1 37 0 1187 2
0 1187 2 1 463 0 1187 2
0 1187 2 1 410 0 1187 2
0 1187 2 1 410 0 1187 2
0 1187 2 1 420 0 1187 2
0 1187 2 1 420 0 1187 2
0 1187 2 1 429 0 1187 2
1 1119 1152 2 429 0 547 1148 94 1 572 4
2 1147 670 2 94 0 284 666 587 2 863 4
0 1187 2 1 511 0 1187 2
0 1187 2 1 32 0 1187 2
0 1187 2 1 151 0 1187 2
0 1187 2 1 151 0 1187 2
0 1187 2 1 1133 0 1187 2
0 1187 2 1 431 0 1187 2
0 1187 2 1 431 0 1187 2
0 1187 2 1 999 0 1187 2
0 1187 2 1 648 0 1187 2
0 1187 2 1 648 0 1187 2
0 1187 2 1 666 0 1187 2
0 1187 2 1 184 0 1187 2
0 1187 2 1 184 0 1187 2
0 1187 2 1 599 0 1187 2
1 1110 1305 2 599 0 492 1300 120 1 618 5
0 1187 2 1 120 0 1187 2
2 1150 619 2 916 0 893 615 369 2 257 4
2 1146 687 2 369 0 778 686 30 2 368 1
0 1187 2 1 30 0 1187 2
0 1187 2 1 258 0 1187 2
0 1187 2 1 655 0 1187 2
0 1187 2 1 655 0 1187 2
0 1187 2 1 125 0 1187 2
0 1187 2 1 125 0 1187 2
0 1187 2 1 742 0 1187 2
2 1109 1316 2 742 0 779 1315 590 2 330 1
0 1187 2 1 590 0 1187 2
0 1187 2 1 1081 0 1187 2
0 1187 2 1 1081 0 1187 2
0 1187 2 1 951 0 1187 2
0 1187 2 1 951 0 1187 2
0 1187 2 1 412 0 1187 2
0 1187 2 1 770 0 1187 2
0 1187 2 1 819 0 1187 2
0 1187 2 1 85 0 1187 2
0 1187 2 1 995 0 1187 2
0 1187 2 1 875 0 1187 2
0 1187 2 1 368 0 1187 2
0 1187 2 1 670 0 1187 2
0 1187 2 1 670 0 1187 2
0 1187 2 1 1142 0 1187 2
0 1187 2 1 850 0 1187 2
0 1187 2 1 850 0 1187 2
0 1187 2 1 221 0 1187 2
0 1187 2 1 840 0 1187 2
0 1187 2 1 840 0 1187 2
0 1187 2 1 527 0 1187 2
0 1187 2 1 527 0 1187 2
0 1134 903 2 842 0 288 898 1156 0 846 5
2 1131 942 2 1156 0 579 938 824 2 552 4
0 1187 2 1 824 0 1187 2
1 1104 1407 2 824 0 603 1404 816 1 501 3
0 1187 2 1 816 0 1187 2
1 1101 1458 2 755 0 506 1458 337 1 595 0
1 1142 761 2 337 0 1071 760 1176 1 71 1
0 1187 2 1 1176 0 1187 2
0 1187 2 1 375 0 1187 2
0 1187 2 1 375 0 1187 2
1 1102 1441 2 375 0 625 1437 1055 1 477 4
0 1187 2 1 1055 0 1187 2
0 1187 2 1 1055 0 1187 2
0 1187 2 1 1055 0 1187 2
-1
10 76
2 2449 0 1 63 2 2449 0
1 2371 1332 2 63 0 1071 1332 1189 1 1300 0
2 2449 0 1 1189 2 2449 0
2 2408 697 2 772 0 1504 696 897 2 904 1
1 2396 907 2 897 0 1952 903 797 1 444 4
1 2400 839 2 797 0 1828 835 761 1 572 4
0 2401 828 2 761 0 1601 824 1065 0 800 4
2 2449 0 1 1065 2 2449 0
2 2449 0 1 12 2 2449 0
2 2449 0 1 740 2 2449 0
2 2449 0 1 122 2 2449 0
2 2449 0 1 122 2 2449 0
2 2449 0 1 695 2 2449 0
2 2449 0 1 1064 2 2449 0
2 2449 0 1 979 2 2449 0
2 2449 0 1 206 2 2449 0
2 2449 0 1 78 2 2449 0
0 2383 1134 2 78 0 804 1129 616 0 1579 5
2 2449 0 1 616 2 2449 0
2 2449 0 1 1169 2 2449 0
0 2402 811 1 1124 0 2402 811
2 2449 0 1 140 2 2449 0
0 2420 505 2 483 0 1359 504 434 0 1061 1
2 2449 0 1 434 2 2449 0
2 2449 0 1 895 2 2449 0
2 2449 0 1 723 2 2449 0
2 2449 0 1 723 2 2449 0
1 2410 669 2 570 0 890 666 1043 1 1520 3
2 2449 0 1 1043 2 2449 0
2 2449 0 1 7 2 2449 0
0 2379 1202 2 7 0 1361 1201 765 0 1018 1
2 2449 0 1 1160 2 2449 0
2 2449 0 1 542 2 2449 0
2 2449 0 1 861 2 2449 0
2 2449 0 1 455 2 2449 0
0 2380 1185 2 455 0 665 1185 776 0 1715 0
2 2449 0 1 776 2 2449 0
2 2449 0 1 343 2 2449 0
2 2449 0 1 601 2 2449 0
2 2449 0 1 130 2 2449 0
0 2366 1423 2 130 0 2365 1423 72 0 1 0
2 2449 0 1 72 2 2449 0
2 2449 0 1 1011 2 2449 0
2 2374 1275 2 1011 0 503 1271 170 2 1871 4
2 2449 0 1 170 2 2449 0
2 2449 0 1 1093 2 2449 0
2 2449 0 1 894 2 2449 0
2 2449 0 1 777 2 2449 0
2 2449 0 1 338 2 2449 0
0 2380 1185 2 338 0 210 1182 954 0 2170 3
2 2449 0 1 149 2 2449 0
2 2449 0 1 359 2 2449 0
0 2384 1117 2 359 0 2156 1117 46 0 228 0
1 2402 805 2 46 0 1703 801 793 1 699 4
2 2449 0 1 376 2 2449 0
2 2449 0 1 1091 2 2449 0
1 2372 1315 2 1091 0 1179 1311 943 1 1193 4
2 2449 0 1 810 2 2449 0
2 2449 0 1 711 2 2449 0
0 2390 1015 2 711 0 67 1015 750 0 2323 0
2 2391 986 2 750 0 1246 983 181 2 1145 3
2 2449 0 1 181 2 2449 0
2 2449 0 1 640 2 2449 0
2 2449 0 1 16 2 2449 0
2 2449 0 1 1172 2 2449 0
2 2449 0 1 763 2 2449 0
2 2449 0 1 779 2 2449 0
2 2449 0 1 1004 2 2449 0
1 2374 1281 2 1004 0 981 1280 959 1 1393 1
2 2449 0 1 959 2 2449 0
0 2405 760 2 667 0 2304 760 540 0 101 0
0 2406 743 1 540 0 2406 743
2 2449 0 1 282 2 2449 0
2 2449 0 1 350 2 2449 0
0 2400 845 2 350 0 0 842 1014 0 2400 3
0 2419 522 2 868 0 1922 521 1153 0 497 1
-1
11 80
2 2581 1 1 433 2 2581 1
2 2581 1 1 433 2 2581 1
2 2581 1 1 477 2 2581 1
2 2581 1 1 477 2 2581 1
2 2581 1 1 477 2 2581 1
2 2581 1 1 493 2 2581 1
2 2581 1 1 493 2 2581 1
1 2514 1146 2 493 0 1857 1144 9 1 657 2
2 2581 1 1 9 2 2581 1
2 2581 1 1 961 2 2581 1
2 2581 1 1 931 2 2581 1
2 2581 1 1 931 2 2581 1
0 2519 1067 2 931 0 1363 1067 148 0 1156 0
2 2581 1 1 148 2 2581 1
2 2581 1 1 148 2 2581 1
0 2499 1407 2 148 0 2390 1407 348 0 109 0
2 2581 1 1 348 2 2581 1
2 2581 1 1 348 2 2581 1
0 2509 1237 2 348 0 1907 1237 553 0 602 0
0 2575 115 1 553 0 2575 115
2 2581 1 1 672 2 2581 1
2 2581 1 1 672 2 2581 1
2 2581 1 1 672 2 2581 1
0 2496 1458 2 672 0 103 1455 539 0 2393 3
2 2581 1 1 399 2 2581 1
2 2581 1 1 399 2 2581 1
2 2581 1 1 145 2 2581 1
2 2581 1 1 145 2 2581 1
2 2581 1 1 145 2 2581 1
0 2494 1492 2 145 0 927 1491 66 0 1567 1
2 2581 1 1 66 2 2581 1
0 2522 1016 2 66 0 2321 1011 96 0 201 5
2 2581 1 1 96 2 2581 1
2 2581 1 1 96 2 2581 1
0 2544 642 1 96 0 2544 642
2 2581 1 1 977 2 2581 1
2 2581 1 1 977 2 2581 1
2 2581 1 1 159 2 2581 1
2 2581 1 1 159 2 2581 1
2 2581 1 1 159 2 2581 1
0 2505 1305 2 159 0 25 1304 203 0 2480 1
2 2581 1 1 203 2 2581 1
2 2581 1 1 203 2 2581 1
2 2504 1310 2 203 0 175 1307 57 2 2329 3
2 2581 1 1 57 2 2581 1
2 2581 1 1 1021 2 2581 1
2 2581 1 1 1021 2 2581 1
1 2509 1231 2 1021 0 2011 1230 722 1 498 1
2 2581 1 1 722 2 2581 1
0 2518 1084 2 722 0 1555 1084 1074 0 963 0
2 2581 1 1 1074 2 2581 1
2 2581 1 1 1074 2 2581 1
2 2581 1 1 1074 2 2581 1
2 2581 1 1 725 2 2581 1
2 2535 783 2 725 0 1999 783 124 2 536 0
2 2581 1 1 124 2 2581 1
2 2581 1 1 124 2 2581 1
2 2581 1 1 124 2 2581 1
2 2581 1 1 774 2 2581 1
1 2557 415 2 774 0 0 411 56 1 2557 4
2 2581 1 1 56 2 2581 1
2 2581 1 1 56 2 2581 1
2 2581 1 1 192 2 2581 1
2 2581 1 1 192 2 2581 1
2 2581 1 1 1069 2 2581 1
1 2543 653 2 1069 0 1896 653 1008 1 647 0
2 2581 1 1 1008 2 2581 1
0 2535 795 2 1008 0 1251 791 851 0 1284 4
2 2581 1 1 851 2 2581 1
2 2581 1 1 186 2 2581 1
0 2516 1118 2 186 0 64 1113 33 0 2452 5
2 2581 1 1 33 2 2581 1
2 2581 1 1 75 2 2581 1
2 2581 1 1 75 2 2581 1
2 2581 1 1 75 2 2581 1
2 2581 1 1 118 2 2581 1
2 2581 1 1 118 2 2581 1
0 2529 897 2 118 0 92 896 588 0 2437 1
2 2581 1 1 588 2 2581 1
0 299 883 1 588 0 299 883
-1
12 68
0 2231 0 1 662 0 2231 0
0 2231 0 1 271 0 2231 0
0 2231 0 1 744 0 2231 0
0 2231 0 1 873 0 2231 0
0 2231 0 1 721 0 2231 0
0 2231 0 1 603 0 2231 0
0 2231 0 1 1028 0 2231 0
2 2178 888 2 1097 0 1952 888 962 2 226 0
0 2231 0 1 466 0 2231 0
0 2231 0 1 1033 0 2231 0
0 2231 0 1 227 0 2231 0
0 2231 0 1 109 0 2231 0
0 2155 1292 2 109 0 56 1288 720 0 2099 4
0 2231 0 1 1137 0 2231 0
1 2144 1473 2 1137 0 873 1471 49 1 1271 2
0 2231 0 1 61 0 2231 0
0 2231 0 1 756 0 2231 0
0 2231 0 1 287 0 2231 0
0 2231 0 1 591 0 2231 0
2 2193 633 2 1138 0 2122 633 384 2 71 0
0 2231 0 1 759 0 2231 0
0 2182 833 2 719 0 1333 828 614 0 849 5
1 2163 1150 2 614 0 324 1147 114 1 1839 3
0 2231 0 1 418 0 2231 0
0 2231 0 1 415 0 2231 0
1 2178 895 2 1009 0 1807 894 938 1 371 1
0 2231 0 1 612 0 2231 0
1 2174 963 2 246 0 925 963 1113 1 1249 0
0 2231 0 1 573 0 2231 0
0 2231 0 1 555 0 2231 0
0 2231 0 1 220 0 2231 0
1 2164 1133 2 270 0 1961 1133 1037 1 203 0
0 2168 1071 2 1037 0 222 1069 579 0 1946 2
0 2231 0 1 43 0 2231 0
2 2193 633 2 1019 0 1692 630 499 2 501 3
0 2231 0 1 800 0 2231 0
0 2231 0 1 1122 0 2231 0
0 2186 765 2 1071 0 278 764 934 0 1908 1
0 2231 0 1 734 0 2231 0
0 2231 0 1 332 0 2231 0
0 2231 0 1 41 0 2231 0
0 2231 0 1 898 0 2231 0
0 2231 0 1 929 0 2231 0
0 2231 0 1 361 0 2231 0
0 2231 0 1 36 0 2231 0
0 2231 0 1 692 0 2231 0
0 2231 0 1 286 0 2231 0
0 2231 0 1 195 0 2231 0
0 2231 0 1 773 0 2231 0
1 2179 878 2 344 0 0 876 1181 1 2179 2
0 2231 0 1 311 0 2231 0
0 2231 0 1 1048 0 2231 0
0 2231 0 1 545 0 2231 0
0 2231 0 1 28 0 2231 0
0 2231 0 1 799 0 2231 0
0 2231 0 1 621 0 2231 0
0 2231 0 1 353 0 2231 0
0 2231 0 1 1136 0 2231 0
0 2209 374 1 1126 0 2209 374
0 2231 0 1 226 0 2231 0
0 2231 0 1 823 0 2231 0
0 2231 0 1 64 0 2231 0
0 2231 0 1 175 0 2231 0
0 2231 0 1 1013 0 2231 0
0 2231 0 1 492 0 2231 0
0 2231 0 1 492 0 2231 0
0 2231 0 1 52 0 2231 0
0 2173 986 2 52 0 195 984 110 0 1978 2
-1
13 108
1 1933 5 1 1077 1 1933 5
1 1933 5 1 1077 1 1933 5
1 1933 5 1 1077 1 1933 5
1 1933 5 1 1077 1 1933 5
0 1876 980 2 1077 0 1237 977 133 0 639 3
1 1933 5 1 133 1 1933 5
1 1933 5 1 133 1 1933 5
1 1933 5 1 133 1 1933 5
1 1891 719 2 133 0 156 715 1017 1 1735 4
1 1933 5 1 1017 1 1933 5
1 1933 5 1 1017 1 1933 5
2 1892 696 2 1017 0 750 692 587 2 1142 4
1 1933 5 1 587 1 1933 5
1 1933 5 1 587 1 1933 5
1 1933 5 1 587 1 1933 5
1 1933 5 1 587 1 1933 5
1 1933 5 1 587 1 1933 5
1 1933 5 1 593 1 1933 5
1 1933 5 1 593 1 1933 5
1 1933 5 1 593 1 1933 5
0 1891 725 2 593 0 840 723 745 0 1051 2
1 1933 5 1 745 1 1933 5
1 1933 5 1 745 1 1933 5
1 1933 5 1 745 1 1933 5
0 1887 793 2 745 0 392 788 1117 0 1495 5
1 1933 5 1 1117 1 1933 5
2 1903 509 2 1117 0 1242 509 666 2 661 0
0 1900 572 2 666 0 1383 568 507 0 517 4
1 1933 5 1 507 1 1933 5
1 1933 5 1 507 1 1933 5
0 1901 555 2 507 0 700 551 762 0 1201 4
1 1933 5 1 762 1 1933 5
1 1933 5 1 762 1 1933 5
1 1933 5 1 762 1 1933 5
1 1933 5 1 762 1 1933 5
0 1870 1082 2 762 0 990 1079 383 0 880 3
1 1933 5 1 383 1 1933 5
1 1933 5 1 383 1 1933 5
2 1898 594 2 383 0 706 593 502 2 1192 1
1 1933 5 1 502 1 1933 5
0 1904 504 2 502 0 1444 502 451 0 460 2
1 1933 5 1 451 1 1933 5
1 1933 5 1 451 1 1933 5
1 1933 5 1 451 1 1933 5
1 1933 5 1 451 1 1933 5
1 1933 5 1 451 1 1933 5
1 1933 5 1 451 1 1933 5
1 1848 1450 2 451 0 1265 1449 366 1 583 1
1 1933 5 1 366 1 1933 5
1 1933 5 1 366 1 1933 5
1 1933 5 1 366 1 1933 5
1 1933 5 1 366 1 1933 5
1 1933 5 1 366 1 1933 5
0 1858 1286 2 366 0 1545 1285 368 0 313 1
1 1933 5 1 368 1 1933 5
1 1933 5 1 1090 1 1933 5
1 1933 5 1 1090 1 1933 5
1 1933 5 1 1090 1 1933 5
1 1933 5 1 1090 1 1933 5
1 1933 5 1 1090 1 1933 5
0 1866 1150 2 1090 0 905 1150 1100 0 961 0
1 1933 5 1 1100 1 1933 5
1 1933 5 1 1100 1 1933 5
1 1933 5 1 842 1 1933 5
1 1933 5 1 842 1 1933 5
1 1933 5 1 1156 1 1933 5
1 1933 5 1 755 1 1933 5
1 1933 5 1 755 1 1933 5
1 1933 5 1 755 1 1933 5
1 1933 5 1 755 1 1933 5
1 1933 5 1 520 1 1933 5
1 1933 5 1 520 1 1933 5
1 1933 5 1 520 1 1933 5
1 1933 5 1 595 1 1933 5
1 1933 5 1 595 1 1933 5
0 1898 606 2 595 0 1649 603 1096 0 249 3
1 1933 5 1 1096 1 1933 5
1 1933 5 1 1096 1 1933 5
1 1933 5 1 1096 1 1933 5
1 1933 5 1 1096 1 1933 5
1 1933 5 1 1096 1 1933 5
1 1861 1229 2 1096 0 1394 1229 508 1 467 0
1 1933 5 1 508 1 1933 5
1 1933 5 1 508 1 1933 5
1 1933 5 1 508 1 1933 5
1 1887 787 2 508 0 930 785 841 1 957 2
1 1933 5 1 841 1 1933 5
1 1933 5 1 841 1 1933 5
1 1933 5 1 841 1 1933 5
1 1933 5 1 841 1 1933 5
0 1873 1031 2 841 0 783 1031 1086 0 1090 0
1 1933 5 1 1086 1 1933 5
1 1933 5 1 1086 1 1933 5
1 1933 5 1 1086 1 1933 5
1 1933 5 1 1086 1 1933 5
1 1933 5 1 1086 1 1933 5
1 1862 1212 2 1086 0 337 1208 330 1 1525 4
1 1933 5 1 330 1 1933 5
1 1933 5 1 330 1 1933 5
1 1933 5 1 330 1 1933 5
1 1933 5 1 330 1 1933 5
1 1933 5 1 330 1 1933 5
0 1856 1320 2 330 0 945 1320 1024 0 911 0
1 1933 5 1 1024 1 1933 5
1 1933 5 1 1024 1 1933 5
0 1891 725 2 1024 0 1827 724 602 0 64 1
1 1933 5 1 602 1 1933 5
1 1933 5 1 602 1 1933 5
-1
14 97
0 2377 0 1 108 0 2377 0
0 2377 0 1 108 0 2377 0
0 2377 0 1 108 0 2377 0
0 2377 0 1 108 0 2377 0
1 2305 1217 2 108 0 1427 1215 115 1 878 2
0 2377 0 1 115 0 2377 0
0 2377 0 1 115 0 2377 0
0 2377 0 1 115 0 2377 0
2 2314 1058 2 115 0 1503 1055 448 2 811 3
0 2377 0 1 448 0 2377 0
0 2377 0 1 448 0 2377 0
0 2377 0 1 448 0 2377 0
0 2377 0 1 448 0 2377 0
1 2299 1319 2 448 0 1568 1318 1006 1 731 1
0 2377 0 1 1006 0 2377 0
0 2377 0 1 1006 0 2377 0
0 2377 0 1 1006 0 2377 0
0 2314 1071 2 1006 0 1767 1069 212 0 547 2
0 2377 0 1 212 0 2377 0
0 2377 0 1 212 0 2377 0
0 2377 0 1 212 0 2377 0
1 2318 996 2 212 0 1286 994 835 1 1032 2
0 2377 0 1 835 0 2377 0
0 2377 0 1 835 0 2377 0
0 2377 0 1 835 0 2377 0
0 2377 0 1 835 0 2377 0
0 2296 1377 2 835 0 1834 1373 305 0 462 4
0 2377 0 1 305 0 2377 0
0 2377 0 1 305 0 2377 0
1 2341 605 2 305 0 247 603 1165 1 2094 2
0 2377 0 1 1165 0 2377 0
0 2377 0 1 1165 0 2377 0
0 2377 0 1 1165 0 2377 0
0 2377 0 1 1165 0 2377 0
2 2290 1466 2 1165 0 1591 1464 849 2 699 2
0 2377 0 1 849 0 2377 0
2 2345 531 2 849 0 1719 531 638 2 626 0
0 2377 0 1 638 0 2377 0
0 2377 0 1 638 0 2377 0
0 2377 0 1 638 0 2377 0
0 2377 0 1 638 0 2377 0
2 2307 1177 2 638 0 448 1176 325 2 1859 1
0 2377 0 1 325 0 2377 0
0 2377 0 1 325 0 2377 0
0 2377 0 1 87 0 2377 0
0 2377 0 1 87 0 2377 0
1 2340 622 2 87 0 799 617 165 1 1541 5
0 2377 0 1 165 0 2377 0
0 2377 0 1 165 0 2377 0
0 2377 0 1 165 0 2377 0
0 2307 1190 2 165 0 2064 1188 558 0 243 2
0 2377 0 1 558 0 2377 0
0 2347 510 2 558 0 1961 507 1039 0 386 3
0 2377 0 1 1039 0 2377 0
0 2377 0 1 1039 0 2377 0
0 2377 0 1 1039 0 2377 0
0 2325 884 2 1039 0 412 878 231 0 1913 6
0 2377 0 1 231 0 2377 0
0 2377 0 1 231 0 2377 0
0 2377 0 1 231 0 2377 0
1 2310 1132 2 231 0 1171 1129 44 1 1139 3
0 2377 0 1 44 0 2377 0
0 2377 0 1 44 0 2377 0
0 2377 0 1 44 0 2377 0
0 2377 0 1 44 0 2377 0
0 2307 1190 2 44 0 89 1190 82 0 2218 0
0 2377 0 1 82 0 2377 0
2 2335 701 2 82 0 1714 701 239 2 621 0
0 2377 0 1 239 0 2377 0
0 2377 0 1 239 0 2377 0
0 2377 0 1 239 0 2377 0
0 2377 0 1 239 0 2377 0
0 2309 1156 2 239 0 228 1151 472 0 2081 5
0 2377 0 1 472 0 2377 0
2 2337 667 2 472 0 1572 665 911 2 765 2
0 2377 0 1 911 0 2377 0
0 2377 0 1 911 0 2377 0
0 2377 0 1 911 0 2377 0
0 2324 901 2 911 0 202 898 538 0 2122 3
0 2377 0 1 538 0 2377 0
0 2335 714 2 538 0 1936 712 24 0 399 2
0 2377 0 1 24 0 2377 0
0 2377 0 1 24 0 2377 0
0 2377 0 1 24 0 2377 0
0 2377 0 1 24 0 2377 0
0 2377 0 1 24 0 2377 0
1 2290 1472 2 24 0 955 1469 828 1 1335 3
0 2377 0 1 828 0 2377 0
0 2344 561 2 828 0 1354 560 77 0 990 1
0 2377 0 1 77 0 2377 0
0 2377 0 1 77 0 2377 0
0 2377 0 1 77 0 2377 0
0 2377 0 1 77 0 2377 0
0 2297 1360 2 77 0 1697 1354 255 0 600 6
0 2377 0 1 255 0 2377 0
0 2377 0 1 255 0 2377 0
0 2377 0 1 255 0 2377 0
-1
15 68
1 1725 5 1 662 1 1725 5
1 1725 5 1 271 1 1725 5
1 1725 5 1 345 1 1725 5
1 1669 957 2 873 0 608 955 721 1 1061 2
1 1644 1382 2 721 0 1613 1378 603 1 31 4
1 1725 5 1 1028 1 1725 5
1 1725 5 1 1097 1 1725 5
1 1725 5 1 466 1 1725 5
2 1641 1426 2 466 0 420 1425 1033 2 1221 1
1 1725 5 1 1101 1 1725 5
1 1725 5 1 227 1 1725 5
1 1725 5 1 109 1 1725 5
1 1725 5 1 720 1 1725 5
1 1725 5 1 1137 1 1725 5
1 1725 5 1 49 1 1725 5
1 1666 1008 2 61 0 533 1004 756 1 1133 4
1 1725 5 1 743 1 1725 5
1 1661 1093 2 287 0 1093 1089 591 1 568 4
0 1656 1184 2 591 0 360 1182 1138 0 1296 2
1 1725 5 1 759 1 1725 5
1 1725 5 1 719 1 1725 5
1 1725 5 1 614 1 1725 5
1 1725 5 1 418 1 1725 5
1 1725 5 1 415 1 1725 5
1 1725 5 1 1009 1 1725 5
1 1725 5 1 938 1 1725 5
1 1725 5 1 246 1 1725 5
1 1725 5 1 573 1 1725 5
1 1725 5 1 555 1 1725 5
1 1725 5 1 220 1 1725 5
1 1725 5 1 270 1 1725 5
1 1725 5 1 1037 1 1725 5
1 1725 5 1 43 1 1725 5
1 1725 5 1 1019 1 1725 5
1 1725 5 1 499 1 1725 5
1 1725 5 1 281 1 1725 5
1 1725 5 1 1071 1 1725 5
1 1725 5 1 934 1 1725 5
1 1725 5 1 734 1 1725 5
1 1725 5 1 41 1 1725 5
1 1725 5 1 1036 1 1725 5
1 1725 5 1 929 1 1725 5
1 1725 5 1 361 1 1725 5
1 1725 5 1 36 1 1725 5
1 1725 5 1 692 1 1725 5
1 1725 5 1 286 1 1725 5
1 1725 5 1 195 1 1725 5
1 1725 5 1 773 1 1725 5
1 1725 5 1 344 1 1725 5
0 1673 895 2 1181 0 649 892 311 0 1024 3
1 1725 5 1 1048 1 1725 5
1 1725 5 1 732 1 1725 5
1 1725 5 1 238 1 1725 5
1 1725 5 1 799 1 1725 5
1 1725 5 1 621 1 1725 5
1 1725 5 1 872 1 1725 5
1 1725 5 1 1136 1 1725 5
1 1725 5 1 1126 1 1725 5
1 1725 5 1 714 1 1725 5
1 1725 5 1 823 1 1725 5
0 1641 1439 2 823 0 862 1436 64 0 779 3
1 1725 5 1 64 1 1725 5
1 1725 5 1 175 1 1725 5
1 1725 5 1 1013 1 1725 5
1 1725 5 1 492 1 1725 5
1 1651 1263 2 492 0 376 1258 52 1 1275 5
1 1725 5 1 52 1 1725 5
1 1725 5 1 537 1 1725 5
-1
16 77
0 2080 3 1 63 0 2080 3
0 2080 3 1 63 0 2080 3
0 2080 3 1 1189 0 2080 3
0 2080 3 1 772 0 2080 3
0 2080 3 1 897 0 2080 3
0 2080 3 1 797 0 2080 3
0 2080 3 1 761 0 2080 3
0 2080 3 1 1065 0 2080 3
0 2080 3 1 12 0 2080 3
0 2080 3 1 740 0 2080 3
2 2026 909 2 740 0 147 908 122 2 1879 1
0 2080 3 1 122 0 2080 3
0 2080 3 1 695 0 2080 3
0 2080 3 1 1064 0 2080 3
0 2080 3 1 979 0 2080 3
0 2080 3 1 206 0 2080 3
0 2022 989 2 206 0 358 985 78 0 1664 4
0 2080 3 1 78 0 2080 3
0 2080 3 1 616 0 2080 3
0 2080 3 1 1169 0 2080 3
0 2080 3 1 1124 0 2080 3
0 2050 513 2 1130 0 1339 510 140 0 711 3
0 2080 3 1 483 0 2080 3
0 2080 3 1 434 0 2080 3
1 1996 1425 2 434 0 810 1424 895 1 1186 1
0 2080 3 1 723 0 2080 3
0 2080 3 1 723 0 2080 3
0 2080 3 1 570 0 2080 3
0 2080 3 1 1043 0 2080 3
0 1997 1414 2 1043 0 269 1413 7 0 1728 1
0 2080 3 1 7 0 2080 3
1 2043 626 2 765 0 1373 623 1160 1 670 3
1 2025 932 2 1160 0 2023 927 542 1 2 5
0 2080 3 1 861 0 2080 3
0 2080 3 1 455 0 2080 3
0 2080 3 1 455 0 2080 3
0 2080 3 1 776 0 2080 3
0 2080 3 1 343 0 2080 3
0 2080 3 1 601 0 2080 3
0 2080 3 1 130 0 2080 3
0 2080 3 1 130 0 2080 3
0 2080 3 1 72 0 2080 3
0 2080 3 1 1011 0 2080 3
0 2080 3 1 1011 0 2080 3
0 2080 3 1 170 0 2080 3
0 2080 3 1 1093 0 2080 3
0 2080 3 1 894 0 2080 3
0 2080 3 1 777 0 2080 3
0 2080 3 1 338 0 2080 3
0 2080 3 1 338 0 2080 3
0 2080 3 1 149 0 2080 3
2 2011 1164 2 149 0 1845 1164 359 2 166 0
0 2080 3 1 359 0 2080 3
0 2080 3 1 46 0 2080 3
0 2042 649 2 793 0 1916 645 376 0 126 4
0 2080 3 1 1091 0 2080 3
0 2080 3 1 1091 0 2080 3
1 2047 558 2 943 0 621 556 810 1 1426 2
1 2029 864 2 810 0 673 862 711 1 1356 2
0 2080 3 1 711 0 2080 3
0 2080 3 1 750 0 2080 3
0 2080 3 1 181 0 2080 3
0 2041 666 2 181 0 0 662 640 0 2041 4
0 2027 904 2 640 0 437 902 16 0 1590 2
0 2080 3 1 1172 0 2080 3
0 2080 3 1 763 0 2080 3
0 2016 1091 2 763 0 1155 1088 779 0 861 3
0 2080 3 1 1004 0 2080 3
0 2080 3 1 1004 0 2080 3
0 2080 3 1 959 0 2080 3
0 2080 3 1 667 0 2080 3
0 2080 3 1 540 0 2080 3
2 2047 552 2 154 0 1723 552 282 2 324 0
2 2031 824 2 282 0 1378 820 350 2 653 4
0 2075 88 1 350 0 2075 88
0 2080 3 1 868 0 2080 3
0 2080 3 1 1153 0 2080 3
-1
17 91
1 1362 3 1 440 1 1362 3
1 1362 3 1 440 1 1362 3
1 1362 3 1 59 1 1362 3
1 1362 3 1 59 1 1362 3
1 1362 3 1 59 1 1362 3
1 1279 1414 2 59 0 884 1410 901 1 395 4
1 1362 3 1 901 1 1362 3
1 1362 3 1 204 1 1362 3
1 1321 700 2 9 0 842 696 795 1 479 4
1 1362 3 1 795 1 1362 3
1 1362 3 1 637 1 1362 3
1 1362 3 1 637 1 1362 3
1 1362 3 1 637 1 1362 3
1 1362 3 1 1050 1 1362 3
0 1328 587 2 1050 0 932 582 805 0 396 5
1 1362 3 1 805 1 1362 3
1 1362 3 1 805 1 1362 3
1 1362 3 1 805 1 1362 3
1 1362 3 1 141 1 1362 3
1 1362 3 1 141 1 1362 3
1 1362 3 1 141 1 1362 3
1 1362 3 1 539 1 1362 3
1 1362 3 1 539 1 1362 3
1 1297 1108 2 539 0 219 1108 1080 1 1078 0
1 1362 3 1 1080 1 1362 3
1 1362 3 1 1080 1 1362 3
1 1362 3 1 445 1 1362 3
1 1362 3 1 445 1 1362 3
1 1362 3 1 240 1 1362 3
1 1362 3 1 240 1 1362 3
1 1362 3 1 240 1 1362 3
1 1362 3 1 335 1 1362 3
1 1362 3 1 335 1 1362 3
1 1362 3 1 335 1 1362 3
1 1278 1431 2 335 0 1013 1426 739 1 265 5
1 1362 3 1 739 1 1362 3
1 1362 3 1 739 1 1362 3
1 1362 3 1 1178 1 1362 3
1 1319 734 2 1178 0 795 733 495 1 524 1
1 1362 3 1 495 1 1362 3
1 1362 3 1 495 1 1362 3
1 1362 3 1 857 1 1362 3
0 1325 638 2 857 0 54 637 400 0 1271 1
1 1362 3 1 400 1 1362 3
1 1362 3 1 758 1 1362 3
1 1362 3 1 758 1 1362 3
1 1362 3 1 758 1 1362 3
1 1362 3 1 293 1 1362 3
1 1362 3 1 722 1 1362 3
1 1362 3 1 532 1 1362 3
2 1319 728 2 532 0 512 726 525 2 807 2
1 1362 3 1 525 1 1362 3
1 1362 3 1 474 1 1362 3
1 1362 3 1 474 1 1362 3
1 1362 3 1 474 1 1362 3
0 1282 1369 2 474 0 549 1366 663 0 733 3
1 1362 3 1 663 1 1362 3
1 1362 3 1 317 1 1362 3
1 1362 3 1 317 1 1362 3
1 1298 1091 2 317 0 616 1086 178 1 682 5
1 1362 3 1 178 1 1362 3
1 1362 3 1 178 1 1362 3
1 1362 3 1 178 1 1362 3
1 1362 3 1 1016 1 1362 3
1 1362 3 1 1016 1 1362 3
0 1297 1114 2 1016 0 472 1110 126 0 825 4
1 1362 3 1 126 1 1362 3
0 1316 791 1 126 0 1316 791
2 1311 864 2 851 0 250 863 186 2 1061 1
1 1362 3 1 186 1 1362 3
1 1362 3 1 733 1 1362 3
1 1362 3 1 733 1 1362 3
0 1296 1131 2 733 0 442 1127 288 0 854 4
1 1362 3 1 288 1 1362 3
1 1362 3 1 288 1 1362 3
1 1362 3 1 671 1 1362 3
1 1362 3 1 671 1 1362 3
1 1362 3 1 1174 1 1362 3
1 1362 3 1 1174 1 1362 3
0 1300 1063 2 1174 0 176 1061 922 0 1124 2
1 1362 3 1 922 1 1362 3
1 1362 3 1 95 1 1362 3
1 1362 3 1 95 1 1362 3
2 1325 626 2 95 0 0 622 560 2 1325 4
1 1362 3 1 560 1 1362 3
1 1362 3 1 1034 1 1362 3
1 1362 3 1 1034 1 1362 3
1 1362 3 1 970 1 1362 3
1 1362 3 1 970 1 1362 3
1 1362 3 1 970 1 1362 3
1 1362 3 1 970 1 1362 3
-1
18 62
0 1412 5 1 176 0 1412 5
0 1412 5 1 984 0 1412 5
0 1412 5 1 635 0 1412 5
0 1412 5 1 635 0 1412 5
0 1412 5 1 652 0 1412 5
0 1412 5 1 465 0 1412 5
0 1366 787 2 813 0 947 781 251 0 419 6
0 1412 5 1 457 0 1412 5
2 1346 1114 2 457 0 1028 1114 535 2 318 0
0 1412 5 1 535 0 1412 5
0 1412 5 1 1119 0 1412 5
0 1412 5 1 510 0 1412 5
0 1412 5 1 316 0 1412 5
0 1412 5 1 883 0 1412 5
0 1398 243 2 883 0 0 238 131 0 1398 5
0 1412 5 1 371 0 1412 5
0 1412 5 1 783 0 1412 5
1 1326 1460 2 783 0 780 1456 582 1 546 4
0 1412 5 1 582 0 1412 5
1 1341 1205 2 526 0 905 1203 15 1 436 2
0 1412 5 1 15 0 1412 5
0 1412 5 1 715 0 1412 5
0 1351 1042 2 715 0 444 1041 1163 0 907 1
0 1412 5 1 1163 0 1412 5
0 1412 5 1 1042 0 1412 5
0 1412 5 1 6 0 1412 5
1 1301 1885 3 6 0 886 1361 612 0 126 520 234 1 289 4
0 1368 753 2 234 0 154 752 568 0 1214 1
0 1412 5 1 568 0 1412 5
2 1360 876 2 1168 0 313 876 968 2 1047 0
0 1412 5 1 968 0 1412 5
0 1412 5 1 904 0 1412 5
0 1412 5 1 936 0 1412 5
0 1412 5 1 283 0 1412 5
0 1412 5 1 577 0 1412 5
1 1368 746 2 497 0 1181 744 485 1 187 2
0 1412 5 1 485 0 1412 5
0 1412 5 1 882 0 1412 5
0 1412 5 1 741 0 1412 5
0 1412 5 1 563 0 1412 5
0 1327 1450 2 563 0 493 1444 1067 0 834 6
0 1359 906 2 1067 0 987 903 134 0 372 3
0 1412 5 1 134 0 1412 5
0 1412 5 1 1007 0 1412 5
0 1412 5 1 1066 0 1412 5
0 1412 5 1 596 0 1412 5
0 1412 5 1 811 0 1412 5
0 1412 5 1 169 0 1412 5
0 1412 5 1 150 0 1412 5
0 1412 5 1 937 0 1412 5
0 1350 1059 2 819 0 966 1056 188 0 384 3
0 1412 5 1 168 0 1412 5
0 1412 5 1 168 0 1412 5
0 1412 5 1 552 0 1412 5
2 1377 587 2 957 0 498 586 615 2 879 1
0 1412 5 1 880 0 1412 5
0 1412 5 1 25 0 1412 5
0 1412 5 1 1040 0 1412 5
0 1355 974 1 129 0 1355 974
0 1412 5 1 928 0 1412 5
0 1383 498 1 1111 0 1383 498
0 1412 5 1 500 0 1412 5
-1
19 74
1 2817 4 1 98 1 2817 4
0 2813 78 1 879 0 2813 78
1 2817 4 1 254 1 2817 4
1 2817 4 1 454 1 2817 4
1 2817 4 1 454 1 2817 4
1 2817 4 1 479 1 2817 4
1 2817 4 1 1052 1 2817 4
1 2817 4 1 1052 1 2817 4
1 2783 582 2 37 0 2633 581 463 1 150 1
1 2817 4 1 463 1 2817 4
1 2817 4 1 410 1 2817 4
1 2817 4 1 410 1 2817 4
1 2817 4 1 420 1 2817 4
1 2742 1279 2 420 0 1691 1279 429 1 1051 0
1 2817 4 1 429 1 2817 4
1 2817 4 1 94 1 2817 4
2 2742 1273 2 587 0 66 1272 511 2 2676 1
1 2767 854 2 511 0 1430 851 32 1 1337 3
1 2780 633 2 32 0 781 628 151 1 1999 5
1 2817 4 1 151 1 2817 4
0 2737 1370 2 151 0 464 1369 1133 0 2273 1
1 2817 4 1 1133 1 2817 4
1 2817 4 1 431 1 2817 4
0 2760 979 2 431 0 984 979 999 0 1776 0
2 2765 882 2 999 0 2602 882 648 2 163 0
1 2817 4 1 648 1 2817 4
1 2817 4 1 648 1 2817 4
1 2817 4 1 55 1 2817 4
1 2817 4 1 184 1 2817 4
0 2766 877 2 184 0 264 874 599 0 2502 3
1 2817 4 1 599 1 2817 4
1 2817 4 1 120 1 2817 4
0 2769 826 2 120 0 473 821 916 0 2296 5
1 2817 4 1 369 1 2817 4
1 2817 4 1 30 1 2817 4
0 2773 758 2 30 0 92 755 258 0 2681 3
2 2764 899 2 258 0 1868 898 655 2 896 1
1 2817 4 1 655 1 2817 4
0 2741 1303 2 655 0 891 1298 125 0 1850 5
1 2817 4 1 125 1 2817 4
1 2738 1347 2 125 0 416 1347 742 1 2322 0
1 2817 4 1 742 1 2817 4
1 2817 4 1 590 1 2817 4
1 2762 939 2 590 0 1741 934 1081 1 1021 5
1 2817 4 1 1081 1 2817 4
1 2733 1432 2 1081 0 1991 1430 951 1 742 2
1 2817 4 1 951 1 2817 4
1 2741 1296 2 951 0 1037 1296 412 1 1704 0
1 2817 4 1 412 1 2817 4
1 2817 4 1 770 1 2817 4
1 2817 4 1 85 1 2817 4
0 2771 792 2 85 0 768 790 995 0 2003 2
1 2817 4 1 995 1 2817 4
1 2781 616 2 875 0 1975 615 368 1 806 1
1 2817 4 1 368 1 2817 4
1 2817 4 1 670 1 2817 4
1 2749 1160 2 670 0 2365 1157 1142 1 384 3
1 2780 633 2 1142 0 1734 628 850 1 1046 5
1 2817 4 1 850 1 2817 4
0 2745 1234 2 850 0 166 1230 221 0 2579 4
1 2768 837 2 221 0 1421 836 840 1 1347 1
1 2817 4 1 840 1 2817 4
2 2734 1409 2 840 0 1440 1409 1100 2 1294 0
1 2817 4 1 527 1 2817 4
0 2748 1183 2 527 0 1114 1182 842 0 1634 1
1 2817 4 1 1156 1 2817 4
1 2817 4 1 824 1 2817 4
1 2817 4 1 824 1 2817 4
1 2817 4 1 816 1 2817 4
1 2772 769 2 816 0 59 764 755 1 2713 5
1 2817 4 1 337 1 2817 4
1 2817 4 1 1176 1 2817 4
0 2721 1642 3 1176 0 453 762 520 0 2208 875 375 0 60 5
1 2817 4 1 375 1 2817 4
-1
20 64
1 2353 1 1 176 1 2353 1
1 2353 1 1 984 1 2353 1
2 2284 1168 2 984 0 1070 1165 635 2 1214 3
1 2353 1 1 635 1 2353 1
1 2353 1 1 652 1 2353 1
1 2353 1 1 465 1 2353 1
1 2353 1 1 813 1 2353 1
0 2318 603 2 251 0 1011 599 457 0 1307 4
1 2353 1 1 457 1 2353 1
1 2353 1 1 535 1 2353 1
1 2353 1 1 1119 1 2353 1
1 2353 1 1 510 1 2353 1
1 2353 1 1 316 1 2353 1
1 2353 1 1 883 1 2353 1
0 2290 1079 1 883 0 2290 1079
1 2353 1 1 371 1 2353 1
1 2353 1 1 783 1 2353 1
1 2353 1 1 783 1 2353 1
1 2353 1 1 582 1 2353 1
1 2353 1 1 526 1 2353 1
1 2353 1 1 15 1 2353 1
0 2267 1470 2 15 0 1051 1468 715 0 1216 2
1 2353 1 1 715 1 2353 1
1 2353 1 1 1163 1 2353 1
1 2353 1 1 1042 1 2353 1
1 2353 1 1 6 1 2353 1
1 2353 1 1 6 1 2353 1
1 2353 1 1 234 1 2353 1
1 2353 1 1 568 1 2353 1
1 2353 1 1 1168 1 2353 1
1 2353 1 1 968 1 2353 1
1 2353 1 1 904 1 2353 1
2 2272 1372 2 572 0 864 1369 936 2 1408 3
1 2342 188 2 936 0 0 187 283 1 2342 1
1 2353 1 1 577 1 2353 1
1 2353 1 1 497 1 2353 1
1 2353 1 1 485 1 2353 1
1 2353 1 1 882 1 2353 1
1 2353 1 1 741 1 2353 1
1 2353 1 1 563 1 2353 1
1 2353 1 1 563 1 2353 1
1 2353 1 1 1067 1 2353 1
1 2353 1 1 134 1 2353 1
1 2353 1 1 1007 1 2353 1
0 2291 1062 2 325 0 720 1061 1066 0 1571 1
1 2260 1582 3 1066 0 1498 938 102 0 643 642 596 1 119 2
1 2353 1 1 811 1 2353 1
1 2353 1 1 169 1 2353 1
1 2353 1 1 150 1 2353 1
1 2353 1 1 937 1 2353 1
1 2353 1 1 819 1 2353 1
1 2353 1 1 188 1 2353 1
1 2353 1 1 168 1 2353 1
1 2353 1 1 552 1 2353 1
1 2353 1 1 957 1 2353 1
2 2308 760 2 615 0 1953 760 880 2 355 0
1 2353 1 1 25 1 2353 1
1 2353 1 1 1040 1 2353 1
1 2323 511 2 1106 0 1785 510 129 1 538 1
1 2280 1242 2 360 0 1719 1237 928 1 561 5
1 2353 1 1 1111 1 2353 1
1 2353 1 1 500 1 2353 1
1 2353 1 1 1197 1 2353 1
1 2353 1 1 1197 1 2353 1
-1
21 61
0 1602 2 1 176 0 1602 2
0 1602 2 1 984 0 1602 2
0 1602 2 1 635 0 1602 2
1 1530 1220 2 635 0 661 1216 652 1 869 4
0 1602 2 1 652 0 1602 2
1 1565 625 2 465 0 251 624 813 1 1314 1
0 1602 2 1 251 0 1602 2
0 1602 2 1 457 0 1602 2
0 1602 2 1 535 0 1602 2
0 1545 971 2 535 0 656 967 1119 0 889 4
0 1602 2 1 1119 0 1602 2
0 1602 2 1 510 0 1602 2
0 1602 2 1 316 0 1602 2
0 1602 2 1 883 0 1602 2
0 1602 2 1 131 0 1602 2
0 1602 2 1 371 0 1602 2
0 1602 2 1 783 0 1602 2
0 1602 2 1 582 0 1602 2
0 1602 2 1 582 0 1602 2
0 1602 2 1 15 0 1602 2
0 1602 2 1 15 0 1602 2
0 1602 2 1 715 0 1602 2
0 1602 2 1 1163 0 1602 2
0 1602 2 1 1163 0 1602 2
0 1602 2 1 1042 0 1602 2
0 1602 2 1 6 0 1602 2
0 1602 2 1 234 0 1602 2
0 1602 2 1 568 0 1602 2
0 1602 2 1 568 0 1602 2
0 1602 2 1 968 0 1602 2
0 1602 2 1 968 0 1602 2
0 1558 750 2 904 0 692 747 572 0 866 3
0 1602 2 1 936 0 1602 2
0 1539 1073 2 283 0 809 1071 577 0 730 2
0 1552 852 2 577 0 768 847 497 0 784 5
0 1602 2 1 485 0 1602 2
0 1549 903 2 485 0 230 903 882 0 1319 0
2 1549 890 2 882 0 530 888 741 2 1019 2
0 1602 2 1 741 0 1602 2
0 1602 2 1 563 0 1602 2
0 1602 2 1 1067 0 1602 2
0 1602 2 1 134 0 1602 2
2 1542 1009 2 134 0 991 1007 1007 2 551 2
0 1602 2 1 1007 0 1602 2
0 1602 2 1 1066 0 1602 2
0 1602 2 1 596 0 1602 2
0 1602 2 1 811 0 1602 2
0 1527 1277 2 169 0 62 1277 150 0 1465 0
0 1544 988 2 150 0 1257 985 937 0 287 3
2 1522 1350 3 937 0 40 1347 819 2 1482 2 188 0 0 1
0 1602 2 1 188 0 1602 2
0 1602 2 1 168 0 1602 2
1 1535 1135 2 168 0 1103 1133 552 1 432 2
0 1602 2 1 552 0 1602 2
0 1602 2 1 615 0 1602 2
0 1602 2 1 880 0 1602 2
0 1602 2 1 25 0 1602 2
2 1569 550 2 1040 0 1197 550 1106 2 372 0
1 1578 404 2 129 0 0 398 360 1 1578 6
0 1602 2 1 928 0 1602 2
0 1550 886 2 1111 0 0 883 500 0 1550 3
-1
22 65
0 1480 3 1 662 0 1480 3
0 1480 3 1 271 0 1480 3
0 1480 3 1 744 0 1480 3
0 1480 3 1 873 0 1480 3
0 1480 3 1 721 0 1480 3
0 1480 3 1 603 0 1480 3
0 1480 3 1 1028 0 1480 3
0 1480 3 1 962 0 1480 3
0 1480 3 1 466 0 1480 3
0 1480 3 1 1033 0 1480 3
0 1480 3 1 227 0 1480 3
0 1480 3 1 109 0 1480 3
0 1480 3 1 720 0 1480 3
0 1480 3 1 1137 0 1480 3
0 1480 3 1 49 0 1480 3
0 1480 3 1 61 0 1480 3
1 1438 711 2 756 0 728 706 743 1 710 5
0 1480 3 1 287 0 1480 3
0 1480 3 1 591 0 1480 3
0 1480 3 1 384 0 1480 3
0 1480 3 1 759 0 1480 3
0 1480 3 1 614 0 1480 3
0 1480 3 1 114 0 1480 3
0 1480 3 1 418 0 1480 3
0 1480 3 1 415 0 1480 3
0 1480 3 1 938 0 1480 3
0 1480 3 1 612 0 1480 3
0 1480 3 1 1113 0 1480 3
0 1424 955 2 573 0 902 955 555 0 522 0
2 1409 1198 2 555 0 260 1195 220 2 1149 3
2 1401 1334 2 220 0 900 1333 270 2 501 1
0 1480 3 1 1037 0 1480 3
0 1480 3 1 579 0 1480 3
2 1438 705 2 43 0 48 702 283 2 1390 3
0 1480 3 1 499 0 1480 3
0 1480 3 1 800 0 1480 3
0 1480 3 1 1122 0 1480 3
0 1480 3 1 934 0 1480 3
0 1480 3 1 734 0 1480 3
0 1480 3 1 332 0 1480 3
2 1418 1045 2 41 0 965 1042 1036 2 453 3
0 1480 3 1 898 0 1480 3
0 1480 3 1 929 0 1480 3
0 1428 887 2 361 0 522 883 36 0 906 4
0 1400 1363 2 36 0 1379 1358 692 0 21 5
0 1480 3 1 692 0 1480 3
0 1480 3 1 286 0 1480 3
0 1480 3 1 195 0 1480 3
2 1426 909 2 773 0 606 909 344 2 820 0
0 1480 3 1 1181 0 1480 3
0 1480 3 1 311 0 1480 3
0 1480 3 1 1048 0 1480 3
2 1450 501 2 545 0 1408 500 238 2 42 1
0 1480 3 1 28 0 1480 3
0 1480 3 1 799 0 1480 3
0 1429 870 2 621 0 28 869 872 0 1401 1
0 1480 3 1 353 0 1480 3
0 1480 3 1 1136 0 1480 3
2 1452 467 2 1126 0 0 463 714 2 1452 4
0 1480 3 1 226 0 1480 3
0 1480 3 1 823 0 1480 3
0 1480 3 1 64 0 1480 3
0 1480 3 1 175 0 1480 3
0 1480 3 1 1013 0 1480 3
0 1480 3 1 492 0 1480 3
-1
23 82
0 1332 1 1 433 0 1332 1
0 1332 1 1 433 0 1332 1
2 1274 975 2 433 0 981 975 477 2 293 0
0 1332 1 1 477 0 1332 1
0 1332 1 1 477 0 1332 1
1 1258 1253 2 477 0 614 1253 493 1 644 0
0 1332 1 1 493 0 1332 1
0 1332 1 1 493 0 1332 1
0 1332 1 1 9 0 1332 1
0 1332 1 1 961 0 1332 1
0 1301 528 2 961 0 855 528 931 0 446 0
0 1332 1 1 931 0 1332 1
0 1332 1 1 931 0 1332 1
0 1332 1 1 148 0 1332 1
0 1332 1 1 148 0 1332 1
0 1332 1 1 148 0 1332 1
0 1332 1 1 348 0 1332 1
0 1332 1 1 348 0 1332 1
0 1332 1 1 348 0 1332 1
0 1332 1 1 553 0 1332 1
1 1309 386 2 553 0 0 385 672 1 1309 1
0 1332 1 1 672 0 1332 1
0 1332 1 1 672 0 1332 1
0 1332 1 1 672 0 1332 1
0 1332 1 1 399 0 1332 1
0 1332 1 1 399 0 1332 1
0 1278 919 2 399 0 450 916 145 0 828 3
0 1332 1 1 145 0 1332 1
0 1332 1 1 145 0 1332 1
0 1332 1 1 145 0 1332 1
0 1332 1 1 66 0 1332 1
0 1332 1 1 66 0 1332 1
0 1332 1 1 96 0 1332 1
0 1332 1 1 96 0 1332 1
0 1332 1 1 96 0 1332 1
1 1292 675 2 96 0 0 671 977 1 1292 4
0 1332 1 1 977 0 1332 1
1 1273 998 2 977 0 1254 998 159 1 19 0
0 1332 1 1 159 0 1332 1
0 1332 1 1 159 0 1332 1
0 1332 1 1 159 0 1332 1
0 1332 1 1 203 0 1332 1
0 1332 1 1 203 0 1332 1
0 1332 1 1 203 0 1332 1
0 1332 1 1 57 0 1332 1
1 1291 692 2 57 0 0 689 1021 1 1291 3
0 1332 1 1 1021 0 1332 1
0 1332 1 1 1021 0 1332 1
0 1332 1 1 722 0 1332 1
0 1332 1 1 722 0 1332 1
0 1332 1 1 1074 0 1332 1
0 1332 1 1 1074 0 1332 1
0 1332 1 1 1074 0 1332 1
2 1248 1417 2 1074 0 81 1415 725 2 1167 2
0 1332 1 1 725 0 1332 1
0 1332 1 1 124 0 1332 1
0 1332 1 1 124 0 1332 1
0 1332 1 1 124 0 1332 1
2 1247 1434 2 124 0 650 1431 774 2 597 3
0 1327 86 1 774 0 1327 86
0 1332 1 1 56 0 1332 1
0 1332 1 1 56 0 1332 1
0 1259 1242 2 56 0 853 1241 192 0 406 1
0 1332 1 1 192 0 1332 1
1 1279 896 2 192 0 1160 892 1069 1 119 4
0 1332 1 1 1069 0 1332 1
0 1332 1 1 1008 0 1332 1
0 1332 1 1 1008 0 1332 1
0 1332 1 1 851 0 1332 1
0 1332 1 1 186 0 1332 1
0 1332 1 1 186 0 1332 1
0 1332 1 1 33 0 1332 1
1 1285 794 2 33 0 815 791 75 1 470 3
0 1332 1 1 75 0 1332 1
0 1332 1 1 75 0 1332 1
1 1254 1321 2 75 0 1068 1320 118 1 186 1
0 1332 1 1 118 0 1332 1
0 1332 1 1 118 0 1332 1
0 1332 1 1 588 0 1332 1
0 1332 1 1 588 0 1332 1
0 1332 1 1 1034 0 1332 1
0 1332 1 1 1034 0 1332 1
-1
24 80
2 3160 3 1 5 2 3160 3
2 3160 3 1 5 2 3160 3
1 3102 996 2 5 0 2676 994 564 1 426 2
2 3160 3 1 564 2 3160 3
2 3160 3 1 564 2 3160 3
0 3101 1019 2 564 0 2492 1019 1062 0 609 0
2 3160 3 1 1062 2 3160 3
2 3160 3 1 1062 2 3160 3
2 3099 1040 2 1062 0 2463 1038 955 2 636 2
2 3160 3 1 955 2 3160 3
2 3160 3 1 955 2 3160 3
0 3108 900 2 955 0 1165 895 731 0 1943 5
0 3133 475 1 731 0 3133 475
0 3156 84 2 731 0 0 84 956 0 3156 0
2 3160 3 1 956 2 3160 3
2 3105 938 2 956 0 2142 937 600 2 963 1
2 3160 3 1 600 2 3160 3
2 3160 3 1 600 2 3160 3
2 3109 870 2 600 0 604 870 526 2 2505 0
2 3160 3 1 526 2 3160 3
2 3160 3 1 202 2 3160 3
2 3160 3 1 23 2 3160 3
2 3160 3 1 23 2 3160 3
2 3100 1023 2 23 0 2937 1023 166 2 163 0
2 3160 3 1 166 2 3160 3
2 3122 650 2 166 0 2532 648 966 2 590 2
2 3160 3 1 966 2 3160 3
1 3123 639 2 966 0 2024 637 760 1 1099 2
2 3160 3 1 760 2 3160 3
2 3160 3 1 760 2 3160 3
2 3160 3 1 760 2 3160 3
0 3079 1393 2 760 0 2050 1393 700 0 1029 0
2 3160 3 1 700 2 3160 3
0 3121 679 2 700 0 1947 679 790 0 1174 0
2 3160 3 1 790 2 3160 3
2 3160 3 1 790 2 3160 3
1 3106 928 2 790 0 899 927 887 1 2207 1
2 3160 3 1 887 2 3160 3
2 3160 3 1 887 2 3160 3
2 3096 1091 2 887 0 1323 1088 684 2 1773 3
2 3160 3 1 684 2 3160 3
2 3160 3 1 684 2 3160 3
2 3160 3 1 684 2 3160 3
2 3076 1431 2 684 0 1708 1429 596 2 1368 2
2 3160 3 1 596 2 3160 3
2 3160 3 1 596 2 3160 3
2 3160 3 1 169 2 3160 3
2 3160 3 1 169 2 3160 3
2 3160 3 1 690 2 3160 3
2 3160 3 1 690 2 3160 3
2 3160 3 1 690 2 3160 3
0 3042 2022 3 690 0 1692 1233 188 0 348 784 680 0 1002 5
2 3160 3 1 680 2 3160 3
2 3160 3 1 680 2 3160 3
2 3160 3 1 680 2 3160 3
0 3080 1376 2 680 0 2013 1375 129 0 1067 1
2 3160 3 1 129 2 3160 3
2 3160 3 1 129 2 3160 3
2 3160 3 1 129 2 3160 3
2 3160 3 1 1111 2 3160 3
2 3160 3 1 1111 2 3160 3
2 3160 3 1 189 2 3160 3
2 3160 3 1 189 2 3160 3
1 3102 996 2 189 0 2694 996 914 1 408 0
2 3160 3 1 914 2 3160 3
2 3160 3 1 914 2 3160 3
2 3160 3 1 914 2 3160 3
1 3077 1421 2 914 0 2921 1415 319 1 156 6
2 3160 3 1 319 2 3160 3
1 3124 622 2 319 0 2315 617 1045 1 809 5
2 3160 3 1 1045 2 3160 3
2 3160 3 1 1045 2 3160 3
1 3103 979 2 1045 0 1776 979 923 1 1327 0
2 3160 3 1 923 2 3160 3
2 3160 3 1 923 2 3160 3
2 3160 3 1 923 2 3160 3
1 3082 1336 2 923 0 1246 1331 395 1 1836 5
2 3160 3 1 1188 2 3160 3
2 3160 3 1 1188 2 3160 3
1 3101 1013 2 1188 0 2793 1007 1068 1 308 6
-1
25 83
1 1460 1 1 171 1 1460 1
1 1460 1 1 171 1 1460 1
1 1460 1 1 334 1 1460 1
1 1460 1 1 334 1 1460 1
1 1373 1480 2 334 0 209 1475 661 1 1164 5
1 1460 1 1 661 1 1460 1
1 1460 1 1 747 1 1460 1
1 1460 1 1 945 1 1460 1
1 1460 1 1 945 1 1460 1
1 1460 1 1 945 1 1460 1
0 1431 500 2 452 0 1256 500 329 0 175 0
1 1460 1 1 329 1 1460 1
1 1387 1242 2 329 0 886 1240 14 1 501 2
1 1460 1 1 14 1 1460 1
1 1397 1072 2 14 0 120 1068 200 1 1277 4
1 1460 1 1 200 1 1460 1
1 1460 1 1 469 1 1460 1
1 1460 1 1 469 1 1460 1
0 1384 1299 2 469 0 322 1298 736 0 1062 1
1 1460 1 1 736 1 1460 1
1 1460 1 1 336 1 1460 1
1 1460 1 1 336 1 1460 1
1 1460 1 1 22 1 1460 1
0 1416 755 2 22 0 593 754 135 0 823 1
0 1425 602 2 135 0 781 597 1085 0 644 5
1 1460 1 1 1085 1 1460 1
1 1460 1 1 390 1 1460 1
1 1460 1 1 390 1 1460 1
2 1382 1320 2 390 0 837 1318 379 2 545 2
1 1460 1 1 379 1 1460 1
2 1402 980 2 379 0 0 979 975 2 1402 1
1 1425 596 2 975 0 173 594 460 1 1252 2
1 1460 1 1 460 1 1460 1
1 1460 1 1 460 1 1460 1
0 1430 517 2 198 0 1075 515 827 0 355 2
1 1460 1 1 827 1 1460 1
1 1460 1 1 86 1 1460 1
1 1460 1 1 86 1 1460 1
2 1380 1354 2 86 0 81 1354 156 2 1299 0
1 1460 1 1 156 1 1460 1
1 1460 1 1 156 1 1460 1
1 1460 1 1 489 1 1460 1
1 1460 1 1 489 1 1460 1
1 1460 1 1 404 1 1460 1
1 1460 1 1 404 1 1460 1
1 1460 1 1 404 1 1460 1
1 1460 1 1 992 1 1460 1
1 1460 1 1 222 1 1460 1
1 1460 1 1 139 1 1460 1
1 1460 1 1 529 1 1460 1
1 1460 1 1 529 1 1460 1
1 1385 1276 2 529 0 970 1270 219 1 415 6
1 1460 1 1 219 1 1460 1
1 1460 1 1 443 1 1460 1
1 1460 1 1 443 1 1460 1
0 1390 1197 2 443 0 29 1197 322 0 1361 0
1 1460 1 1 322 1 1460 1
1 1460 1 1 983 1 1460 1
1 1460 1 1 983 1 1460 1
1 1460 1 1 285 1 1460 1
1 1460 1 1 285 1 1460 1
1 1460 1 1 659 1 1460 1
2 1414 776 2 659 0 787 773 886 2 627 3
1 1460 1 1 886 1 1460 1
1 1460 1 1 546 1 1460 1
1 1460 1 1 546 1 1460 1
2 1385 1269 2 546 0 12 1267 554 2 1373 2
1 1460 1 1 347 1 1460 1
1 1460 1 1 347 1 1460 1
0 1423 636 2 185 0 305 632 505 0 1118 4
1 1460 1 1 505 1 1460 1
1 1460 1 1 620 1 1460 1
1 1381 1344 2 620 0 1244 1344 127 1 137 0
1 1392 1157 2 127 0 828 1156 678 1 564 1
1 1460 1 1 678 1 1460 1
1 1460 1 1 678 1 1460 1
2 1426 572 2 42 0 1361 571 315 2 65 1
1 1460 1 1 310 1 1460 1
1 1460 1 1 310 1 1460 1
1 1460 1 1 1068 1 1460 1
1 1460 1 1 632 1 1460 1
1 1460 1 1 112 1 1460 1
1 1460 1 1 903 1 1460 1
-1
26 90
2 2844 3 1 65 2 2844 3
2 2844 3 1 65 2 2844 3
0 2803 712 2 65 0 761 711 248 0 2042 1
1 2813 536 2 248 0 2764 533 517 1 49 3
2 2844 3 1 517 2 2844 3
2 2844 3 1 517 2 2844 3
2 2801 734 2 517 0 936 733 498 2 1865 1
2 2844 3 1 498 2 2844 3
2 2844 3 1 498 2 2844 3
2 2844 3 1 498 2 2844 3
0 2777 1154 2 498 0 62 1153 653 0 2715 1
2 2844 3 1 653 2 2844 3
2 2844 3 1 653 2 2844 3
0 2787 984 2 653 0 503 983 1084 0 2284 1
2 2844 3 1 1084 2 2844 3
2 2844 3 1 1084 2 2844 3
2 2786 989 2 1084 0 979 988 187 2 1807 1
2 2844 3 1 187 2 2844 3
2 2844 3 1 187 2 2844 3
2 2844 3 1 187 2 2844 3
0 2774 1205 2 187 0 561 1202 1186 0 2213 3
2 2844 3 1 1186 2 2844 3
2 2806 649 2 1186 0 800 645 29 2 2006 4
2 2844 3 1 29 2 2844 3
1 2802 723 2 29 0 1671 718 69 1 1131 5
2 2844 3 1 69 2 2844 3
2 2844 3 1 69 2 2844 3
2 2794 853 2 69 0 916 849 19 2 1878 4
2 2844 3 1 19 2 2844 3
0 2801 746 2 19 0 2033 744 971 0 768 2
2 2844 3 1 971 2 2844 3
2 2844 3 1 971 2 2844 3
2 2844 3 1 971 2 2844 3
0 2767 1324 2 971 0 2709 1324 356 0 58 0
2 2844 3 1 356 2 2844 3
2 2844 3 1 356 2 2844 3
2 2844 3 1 356 2 2844 3
1 2771 1250 2 356 0 2708 1247 1114 1 63 3
2 2844 3 1 1114 2 2844 3
2 2844 3 1 1114 2 2844 3
2 2789 938 2 1114 0 2767 938 318 2 22 0
2 2844 3 1 318 2 2844 3
2 2814 513 2 318 0 1738 509 144 2 1076 4
2 2844 3 1 144 2 2844 3
2 2844 3 1 144 2 2844 3
2 2844 3 1 144 2 2844 3
2 2844 3 1 144 2 2844 3
2 2759 1448 2 144 0 714 1448 1115 2 2045 0
2 2844 3 1 1115 2 2844 3
2 2844 3 1 1115 2 2844 3
0 2777 1154 2 1115 0 2665 1150 1032 0 112 4
2 2844 3 1 1032 2 2844 3
1 2807 638 2 1032 0 2802 633 939 1 5 5
2 2844 3 1 939 2 2844 3
2 2844 3 1 939 2 2844 3
2 2801 734 2 939 0 998 733 373 2 1803 1
2 2844 3 1 373 2 2844 3
1 2814 519 2 373 0 20 515 569 1 2794 4
1 2808 621 2 569 0 1287 618 223 1 1521 3
2 2844 3 1 223 2 2844 3
0 2800 763 2 223 0 2508 758 948 0 292 5
2 2844 3 1 948 2 2844 3
2 2844 3 1 948 2 2844 3
2 2844 3 1 948 2 2844 3
2 2844 3 1 948 2 2844 3
1 2769 1284 2 948 0 15 1282 664 1 2754 2
2 2844 3 1 664 2 2844 3
2 2844 3 1 664 2 2844 3
0 2783 1052 2 664 0 719 1049 978 0 2064 3
2 2844 3 1 978 2 2844 3
2 2844 3 1 978 2 2844 3
0 2785 1018 2 978 0 1460 1015 837 0 1325 3
2 2844 3 1 837 2 2844 3
2 2844 3 1 837 2 2844 3
2 2844 3 1 837 2 2844 3
0 2774 1205 2 837 0 1081 1204 31 0 1693 1
2 2844 3 1 31 2 2844 3
2 2844 3 1 54 2 2844 3
2 2844 3 1 54 2 2844 3
2 2844 3 1 54 2 2844 3
2 2765 1346 2 54 0 597 1345 339 2 2168 1
2 2844 3 1 339 2 2844 3
2 2844 3 1 788 2 2844 3
2 2844 3 1 788 2 2844 3
2 2844 3 1 685 2 2844 3
2 2844 3 1 571 2 2844 3
2 2801 734 2 524 0 2781 730 11 2 20 4
2 2844 3 1 11 2 2844 3
2 2844 3 1 422 2 2844 3
2 2844 3 1 808 2 2844 3
-1
27 79
1 2399 1 1 98 1 2399 1
0 2357 721 2 98 0 138 720 879 0 2219 1
1 2363 613 2 879 0 0 610 254 1 2363 3
1 2399 1 1 254 1 2399 1
1 2399 1 1 454 1 2399 1
0 2332 1146 2 454 0 1070 1144 479 0 1262 2
1 2399 1 1 479 1 2399 1
1 2399 1 1 1052 1 2399 1
0 2328 1214 2 1052 0 865 1210 37 0 1463 4
1 2399 1 1 463 1 2399 1
0 2347 891 2 463 0 1535 891 410 0 812 0
1 2399 1 1 410 1 2399 1
2 2326 1236 2 410 0 1 1234 420 2 2325 2
1 2399 1 1 420 1 2399 1
1 2399 1 1 429 1 2399 1
1 2399 1 1 429 1 2399 1
1 2399 1 1 94 1 2399 1
1 2399 1 1 511 1 2399 1
1 2399 1 1 32 1 2399 1
1 2399 1 1 151 1 2399 1
1 2399 1 1 151 1 2399 1
1 2399 1 1 1133 1 2399 1
0 2330 1180 2 1133 0 1969 1175 431 0 361 5
1 2399 1 1 431 1 2399 1
1 2399 1 1 999 1 2399 1
1 2399 1 1 648 1 2399 1
1 2399 1 1 648 1 2399 1
2 2312 1474 2 648 0 399 1472 666 2 1913 2
1 2366 562 2 55 0 2240 558 184 1 126 4
1 2399 1 1 184 1 2399 1
1 2399 1 1 599 1 2399 1
1 2399 1 1 599 1 2399 1
1 2399 1 1 120 1 2399 1
1 2399 1 1 916 1 2399 1
1 2399 1 1 369 1 2399 1
1 2399 1 1 30 1 2399 1
1 2399 1 1 258 1 2399 1
1 2399 1 1 655 1 2399 1
1 2399 1 1 655 1 2399 1
1 2399 1 1 125 1 2399 1
1 2399 1 1 125 1 2399 1
1 2399 1 1 742 1 2399 1
1 2399 1 1 742 1 2399 1
1 2399 1 1 590 1 2399 1
1 2399 1 1 1081 1 2399 1
1 2399 1 1 1081 1 2399 1
1 2399 1 1 951 1 2399 1
1 2399 1 1 951 1 2399 1
1 2399 1 1 412 1 2399 1
2 2343 947 2 412 0 458 945 770 2 1885 2
1 2353 783 2 770 0 1227 783 819 1 1126 0
1 2399 1 1 85 1 2399 1
1 2399 1 1 995 1 2399 1
1 2399 1 1 875 1 2399 1
1 2399 1 1 368 1 2399 1
2 2326 1236 2 368 0 1791 1236 670 2 535 0
1 2399 1 1 670 1 2399 1
1 2399 1 1 1142 1 2399 1
1 2399 1 1 850 1 2399 1
1 2399 1 1 850 1 2399 1
1 2399 1 1 221 1 2399 1
1 2399 1 1 840 1 2399 1
1 2399 1 1 840 1 2399 1
2 2357 709 2 1100 0 319 706 527 2 2038 3
1 2399 1 1 527 1 2399 1
1 2399 1 1 842 1 2399 1
1 2399 1 1 1156 1 2399 1
1 2399 1 1 824 1 2399 1
1 2399 1 1 824 1 2399 1
1 2399 1 1 816 1 2399 1
1 2399 1 1 755 1 2399 1
1 2399 1 1 337 1 2399 1
1 2399 1 1 1176 1 2399 1
1 2399 1 1 375 1 2399 1
1 2399 1 1 375 1 2399 1
1 2399 1 1 375 1 2399 1
1 2399 1 1 1055 1 2399 1
1 2399 1 1 1055 1 2399 1
1 2399 1 1 1055 1 2399 1
-1
28 94
0 1310 2 1 174 0 1310 2
0 1310 2 1 174 0 1310 2
0 1310 2 1 174 0 1310 2
0 1310 2 1 174 0 1310 2
0 1310 2 1 174 0 1310 2
0 1310 2 1 174 0 1310 2
0 1310 2 1 174 0 1310 2
0 1310 2 1 174 0 1310 2
0 1310 2 1 174 0 1310 2
0 1310 2 1 174 0 1310 2
1 1223 1475 2 174 0 337 1473 613 1 886 2
0 1310 2 1 613 0 1310 2
0 1310 2 1 613 0 1310 2
0 1310 2 1 613 0 1310 2
0 1310 2 1 613 0 1310 2
0 1310 2 1 613 0 1310 2
0 1310 2 1 613 0 1310 2
0 1310 2 1 613 0 1310 2
0 1310 2 1 613 0 1310 2
0 1231 1345 2 613 0 864 1341 801 0 367 4
0 1310 2 1 801 0 1310 2
0 1310 2 1 801 0 1310 2
0 1310 2 1 801 0 1310 2
0 1310 2 1 801 0 1310 2
0 1310 2 1 801 0 1310 2
0 1310 2 1 801 0 1310 2
0 1310 2 1 801 0 1310 2
0 1310 2 1 801 0 1310 2
0 1236 1260 2 801 0 628 1255 703 0 608 5
0 1310 2 1 703 0 1310 2
0 1310 2 1 703 0 1310 2
0 1310 2 1 703 0 1310 2
0 1310 2 1 703 0 1310 2
0 1310 2 1 703 0 1310 2
0 1310 2 1 703 0 1310 2
0 1310 2 1 703 0 1310 2
0 1310 2 1 703 0 1310 2
0 1310 2 1 703 0 1310 2
2 1225 1435 2 703 0 715 1434 71 2 510 1
0 1310 2 1 71 0 1310 2
0 1310 2 1 71 0 1310 2
0 1310 2 1 71 0 1310 2
0 1310 2 1 71 0 1310 2
0 1310 2 1 71 0 1310 2
0 1310 2 1 71 0 1310 2
1 1250 1016 2 71 0 844 1011 273 1 406 5
0 1310 2 1 273 0 1310 2
0 1310 2 1 273 0 1310 2
0 1310 2 1 273 0 1310 2
0 1310 2 1 273 0 1310 2
1 1272 642 2 273 0 221 639 724 1 1051 3
0 1310 2 1 724 0 1310 2
0 1310 2 1 724 0 1310 2
0 1310 2 1 724 0 1310 2
1 1277 557 2 724 0 112 557 74 1 1165 0
0 1310 2 1 74 0 1310 2
0 1310 2 1 74 0 1310 2
2 1278 534 2 74 0 1038 532 569 2 240 2
0 1310 2 1 569 0 1310 2
0 1310 2 1 832 0 1310 2
0 1310 2 1 832 0 1310 2
0 1310 2 1 832 0 1310 2
0 1310 2 1 832 0 1310 2
0 1310 2 1 832 0 1310 2
0 1310 2 1 832 0 1310 2
0 1310 2 1 832 0 1310 2
0 1310 2 1 832 0 1310 2
0 1310 2 1 832 0 1310 2
1 1228 1390 2 832 0 846 1386 664 1 382 4
0 1310 2 1 505 0 1310 2
1 1239 1203 2 505 0 763 1202 20 1 476 1
0 1310 2 1 20 0 1310 2
0 1310 2 1 20 0 1310 2
0 1310 2 1 20 0 1310 2
0 1310 2 1 20 0 1310 2
0 1310 2 1 20 0 1310 2
0 1310 2 1 20 0 1310 2
0 1310 2 1 20 0 1310 2
0 1310 2 1 20 0 1310 2
0 1310 2 1 20 0 1310 2
0 1228 1396 2 20 0 468 1396 339 0 760 0
0 1310 2 1 339 0 1310 2
0 1236 1260 2 339 0 560 1260 788 0 676 0
0 1310 2 1 788 0 1310 2
0 1310 2 1 685 0 1310 2
0 1310 2 1 571 0 1310 2
0 1310 2 1 524 0 1310 2
0 1310 2 1 11 0 1310 2
0 1247 1073 2 964 0 506 1071 422 0 741 2
0 1310 2 1 422 0 1310 2
0 1310 2 1 808 0 1310 2
0 1310 2 1 675 0 1310 2
0 1310 2 1 657 0 1310 2
0 1310 2 1 1159 0 1310 2
-1
29 84
0 2785 0 1 389 0 2785 0
0 2785 0 1 389 0 2785 0
0 2785 0 1 389 0 2785 0
1 2721 1082 2 389 0 1347 1078 697 1 1374 4
0 2785 0 1 697 0 2785 0
0 2785 0 1 697 0 2785 0
0 2785 0 1 697 0 2785 0
0 2711 1258 2 697 0 1601 1255 1025 0 1110 3
0 2785 0 1 1025 0 2785 0
0 2785 0 1 1025 0 2785 0
0 2785 0 1 1025 0 2785 0
2 2712 1229 2 1025 0 1614 1228 329 2 1098 1
0 2785 0 1 224 0 2785 0
0 2785 0 1 224 0 2785 0
1 2739 776 2 224 0 1396 774 27 1 1343 2
0 2785 0 1 27 0 2785 0
1 2750 589 2 27 0 1181 588 484 1 1569 1
0 2785 0 1 484 0 2785 0
0 2747 646 2 484 0 1441 643 471 0 1306 3
0 2785 0 1 471 0 2785 0
0 2785 0 1 471 0 2785 0
0 2785 0 1 471 0 2785 0
0 2719 1122 2 471 0 446 1120 902 0 2273 2
0 2785 0 1 902 0 2785 0
0 2785 0 1 902 0 2785 0
2 2723 1042 2 902 0 1553 1042 681 2 1170 0
0 2785 0 1 681 0 2785 0
0 2742 731 2 681 0 2622 731 1095 0 120 0
0 2785 0 1 1095 0 2785 0
0 2785 0 1 1095 0 2785 0
0 2785 0 1 1095 0 2785 0
1 2728 963 2 1095 0 174 961 237 1 2554 2
0 2785 0 1 237 0 2785 0
0 2785 0 1 237 0 2785 0
2 2719 1110 2 237 0 1856 1107 973 2 863 3
0 2785 0 1 973 0 2785 0
0 2785 0 1 973 0 2785 0
0 2785 0 1 973 0 2785 0
0 2721 1088 2 973 0 581 1086 464 0 2140 2
0 2785 0 1 464 0 2785 0
2 2740 753 2 464 0 1861 752 461 2 879 1
0 2785 0 1 461 0 2785 0
1 2748 623 2 461 0 1905 618 818 1 843 5
0 2785 0 1 818 0 2785 0
0 2785 0 1 818 0 2785 0
2 2729 940 2 818 0 2064 937 139 2 665 3
0 2785 0 1 139 0 2785 0
0 2785 0 1 139 0 2785 0
0 2708 1309 2 139 0 13 1309 162 0 2695 0
0 2785 0 1 162 0 2785 0
0 2785 0 1 162 0 2785 0
0 2722 1071 2 162 0 1365 1070 767 0 1357 1
0 2785 0 1 767 0 2785 0
0 2785 0 1 767 0 2785 0
0 2725 1020 2 767 0 2253 1019 1143 0 472 1
0 2785 0 1 1143 0 2785 0
0 2785 0 1 1143 0 2785 0
0 2729 952 2 1143 0 2490 947 447 0 239 5
0 2785 0 1 447 0 2785 0
0 2785 0 1 447 0 2785 0
2 2730 923 2 447 0 1398 923 128 2 1332 0
0 2785 0 1 128 0 2785 0
0 2785 0 1 128 0 2785 0
0 2785 0 1 128 0 2785 0
2 2705 1348 2 128 0 2407 1344 554 2 298 4
0 2785 0 1 554 0 2785 0
1 2726 997 2 554 0 780 996 347 1 1946 1
0 2785 0 1 347 0 2785 0
0 2785 0 1 346 0 2785 0
0 2785 0 1 346 0 2785 0
2 2722 1059 2 346 0 2625 1058 127 2 97 1
0 2785 0 1 127 0 2785 0
0 2785 0 1 127 0 2785 0
0 2785 0 1 521 0 2785 0
0 2785 0 1 521 0 2785 0
0 2785 0 1 521 0 2785 0
1 2717 1150 2 521 0 1977 1148 515 1 740 2
0 2785 0 1 515 0 2785 0
0 2735 850 2 515 0 1796 847 1068 0 939 3
1 2713 1218 2 1068 0 2682 1217 632 1 31 1
1 2737 810 2 632 0 118 805 112 1 2619 5
1 2747 640 2 641 0 2714 635 903 1 33 5
0 2785 0 1 730 0 2785 0
0 2785 0 1 194 0 2785 0
-1
30 172
1 1394 4 1 752 1 1394 4
1 1394 4 1 752 1 1394 4
1 1394 4 1 752 1 1394 4
1 1394 4 1 752 1 1394 4
1 1394 4 1 752 1 1394 4
0 1347 810 2 752 0 441 804 161 0 906 6
1 1394 4 1 161 1 1394 4
1 1394 4 1 161 1 1394 4
1 1394 4 1 161 1 1394 4
1 1394 4 1 161 1 1394 4
1 1394 4 1 161 1 1394 4
1 1344 854 2 161 0 3 850 158 1 1341 4
1 1394 4 1 158 1 1394 4
1 1394 4 1 158 1 1394 4
1 1394 4 1 158 1 1394 4
1 1394 4 1 158 1 1394 4
1 1394 4 1 158 1 1394 4
1 1394 4 1 158 1 1394 4
1 1394 4 1 158 1 1394 4
0 1315 1354 2 158 0 1313 1348 631 0 2 6
1 1394 4 1 631 1 1394 4
1 1394 4 1 631 1 1394 4
1 1394 4 1 631 1 1394 4
1 1394 4 1 631 1 1394 4
1 1394 4 1 631 1 1394 4
1 1394 4 1 631 1 1394 4
1 1394 4 1 631 1 1394 4
0 1327 1150 2 631 0 862 1147 491 0 465 3
1 1394 4 1 491 1 1394 4
1 1394 4 1 491 1 1394 4
1 1394 4 1 491 1 1394 4
1 1394 4 1 491 1 1394 4
1 1394 4 1 491 1 1394 4
2 1345 831 2 491 0 246 831 915 2 1099 0
1 1394 4 1 915 1 1394 4
1 1394 4 1 915 1 1394 4
1 1394 4 1 915 1 1394 4
1 1394 4 1 915 1 1394 4
1 1394 4 1 915 1 1394 4
0 1338 963 2 915 0 771 963 771 0 567 0
1 1394 4 1 771 1 1394 4
1 1394 4 1 771 1 1394 4
1 1394 4 1 771 1 1394 4
1 1394 4 1 771 1 1394 4
1 1394 4 1 771 1 1394 4
1 1394 4 1 771 1 1394 4
1 1394 4 1 771 1 1394 4
1 1394 4 1 771 1 1394 4
0 1323 1218 1 771 0 1323 1218
2 1382 202 2 771 0 0 200 856 2 1382 2
1 1394 4 1 856 1 1394 4
1 1394 4 1 856 1 1394 4
1 1394 4 1 856 1 1394 4
1 1394 4 1 856 1 1394 4
1 1394 4 1 856 1 1394 4
1 1394 4 1 856 1 1394 4
1 1394 4 1 856 1 1394 4
1 1320 1262 2 856 0 452 1259 792 1 868 3
1 1394 4 1 792 1 1394 4
1 1394 4 1 792 1 1394 4
1 1394 4 1 792 1 1394 4
0 1390 79 1 792 0 1390 79
0 1358 623 2 792 0 0 622 276 0 1358 1
1 1394 4 1 276 1 1394 4
1 1394 4 1 276 1 1394 4
1 1394 4 1 276 1 1394 4
1 1394 4 1 276 1 1394 4
1 1345 837 2 276 0 748 837 622 1 597 0
1 1394 4 1 622 1 1394 4
1 1394 4 1 622 1 1394 4
1 1394 4 1 622 1 1394 4
1 1394 4 1 622 1 1394 4
1 1394 4 1 622 1 1394 4
1 1394 4 1 622 1 1394 4
0 1333 1048 2 622 0 680 1048 1094 0 653 0
1 1394 4 1 1094 1 1394 4
1 1394 4 1 1094 1 1394 4
1 1394 4 1 1094 1 1394 4
1 1394 4 1 1094 1 1394 4
1 1394 4 1 1094 1 1394 4
1 1394 4 1 1094 1 1394 4
1 1394 4 1 1094 1 1394 4
1 1394 4 1 1094 1 1394 4
0 1311 1422 2 1094 0 1255 1420 607 0 56 2
1 1394 4 1 607 1 1394 4
1 1394 4 1 607 1 1394 4
1 1394 4 1 607 1 1394 4
1 1394 4 1 607 1 1394 4
1 1394 4 1 607 1 1394 4
2 1342 882 2 607 0 1087 880 1104 2 255 2
1 1394 4 1 1104 1 1394 4
1 1394 4 1 1104 1 1394 4
1 1394 4 1 1104 1 1394 4
1 1394 4 1 1104 1 1394 4
1 1394 4 1 1104 1 1394 4
1 1394 4 1 1104 1 1394 4
1 1394 4 1 1104 1 1394 4
0 1328 1133 2 1104 0 436 1132 405 0 892 1
1 1394 4 1 405 1 1394 4
1 1394 4 1 405 1 1394 4
1 1394 4 1 405 1 1394 4
1 1394 4 1 405 1 1394 4
1 1394 4 1 405 1 1394 4
0 1338 963 2 405 0 971 961 45 0 367 2
1 1394 4 1 45 1 1394 4
1 1394 4 1 45 1 1394 4
1 1394 4 1 45 1 1394 4
1 1394 4 1 45 1 1394 4
1 1394 4 1 45 1 1394 4
1 1394 4 1 45 1 1394 4
1 1394 4 1 45 1 1394 4
0 1322 1235 2 45 0 1253 1235 494 0 69 0
1 1394 4 1 494 1 1394 4
1 1394 4 1 494 1 1394 4
1 1394 4 1 494 1 1394 4
1 1394 4 1 494 1 1394 4
1 1394 4 1 494 1 1394 4
1 1394 4 1 494 1 1394 4
2 1336 984 2 494 0 624 983 333 2 712 1
1 1394 4 1 333 1 1394 4
1 1394 4 1 333 1 1394 4
1 1394 4 1 333 1 1394 4
1 1394 4 1 333 1 1394 4
1 1394 4 1 333 1 1394 4
1 1394 4 1 333 1 1394 4
0 1374 351 1 333 0 1374 351
1 1348 786 2 333 0 0 786 1155 1 1348 0
1 1394 4 1 1155 1 1394 4
1 1394 4 1 1155 1 1394 4
1 1394 4 1 1155 1 1394 4
1 1394 4 1 1155 1 1394 4
1 1394 4 1 1155 1 1394 4
1 1394 4 1 1155 1 1394 4
1 1324 1194 2 1155 0 1216 1191 1127 1 108 3
1 1394 4 1 1127 1 1394 4
1 1394 4 1 1127 1 1394 4
1 1394 4 1 1127 1 1394 4
1 1394 4 1 1127 1 1394 4
1 1394 4 1 1127 1 1394 4
1 1394 4 1 1127 1 1394 4
1 1394 4 1 1127 1 1394 4
1 1394 4 1 1127 1 1394 4
1 1394 4 1 1127 1 1394 4
0 1309 1456 2 1127 0 791 1456 1082 0 518 0
1 1394 4 1 1082 1 1394 4
1 1394 4 1 1082 1 1394 4
1 1394 4 1 1082 1 1394 4
1 1394 4 1 1082 1 1394 4
1 1394 4 1 1082 1 1394 4
1 1394 4 1 1082 1 1394 4
1 1394 4 1 1082 1 1394 4
0 1323 1218 2 1082 0 922 1217 610 0 401 1
1 1394 4 1 610 1 1394 4
1 1394 4 1 610 1 1394 4
1 1394 4 1 610 1 1394 4
1 1394 4 1 610 1 1394 4
1 1394 4 1 610 1 1394 4
2 1280 1936 3 610 0 229 824 1164 0 294 1111 278 2 757 1
1 1394 4 1 278 1 1394 4
1 1394 4 1 278 1 1394 4
2 1364 508 2 278 0 1104 508 513 2 260 0
1 1394 4 1 513 1 1394 4
1 1394 4 1 513 1 1394 4
1 1394 4 1 513 1 1394 4
1 1394 4 1 513 1 1394 4
1 1394 4 1 513 1 1394 4
1 1394 4 1 513 1 1394 4
1 1394 4 1 513 1 1394 4
1 1322 1228 2 513 0 1241 1224 401 1 81 4
1 1394 4 1 401 1 1394 4
1 1394 4 1 401 1 1394 4
1 1394 4 1 401 1 1394 4
-1
31 120
2 1467 3 1 594 2 1467 3
2 1467 3 1 594 2 1467 3
2 1467 3 1 594 2 1467 3
2 1467 3 1 594 2 1467 3
2 1467 3 1 594 2 1467 3
2 1467 3 1 913 2 1467 3
2 1467 3 1 913 2 1467 3
0 1426 712 2 913 0 1080 711 860 0 346 1
2 1467 3 1 860 2 1467 3
2 1437 513 2 860 0 574 509 858 2 863 4
2 1467 3 1 858 2 1467 3
2 1467 3 1 858 2 1467 3
2 1467 3 1 858 2 1467 3
0 1401 1137 2 858 0 577 1132 782 0 824 5
2 1467 3 1 782 2 1467 3
2 1467 3 1 782 2 1467 3
1 1413 927 2 782 0 1320 925 893 1 93 2
2 1467 3 1 893 2 1467 3
2 1467 3 1 893 2 1467 3
2 1467 3 1 807 2 1467 3
2 1467 3 1 807 2 1467 3
2 1467 3 1 807 2 1467 3
1 1409 995 2 807 0 592 991 501 1 817 4
2 1467 3 1 501 2 1467 3
2 1467 3 1 501 2 1467 3
1 1420 808 2 501 0 237 805 644 1 1183 3
2 1467 3 1 644 2 1467 3
2 1428 666 2 644 0 1131 662 656 2 297 4
2 1467 3 1 656 2 1467 3
2 1467 3 1 656 2 1467 3
2 1467 3 1 656 2 1467 3
2 1467 3 1 656 2 1467 3
2 1388 1346 2 656 0 486 1343 1 2 902 3
2 1467 3 1 1 2 1467 3
0 1432 610 2 1 0 934 609 1083 0 498 1
2 1467 3 1 1083 2 1467 3
2 1467 3 1 1083 2 1467 3
2 1467 3 1 1152 2 1467 3
2 1467 3 1 1152 2 1467 3
2 1467 3 1 1152 2 1467 3
0 1412 950 2 1152 0 879 949 838 0 533 1
2 1467 3 1 838 2 1467 3
2 1467 3 1 838 2 1467 3
1 1417 859 2 838 0 945 855 890 1 472 4
2 1467 3 1 890 2 1467 3
2 1467 3 1 890 2 1467 3
2 1467 3 1 728 2 1467 3
2 1467 3 1 728 2 1467 3
2 1467 3 1 626 2 1467 3
2 1467 3 1 626 2 1467 3
0 1425 729 2 626 0 816 724 580 0 609 5
2 1467 3 1 580 2 1467 3
2 1467 3 1 580 2 1467 3
2 1467 3 1 580 2 1467 3
2 1399 1159 2 580 0 1049 1155 214 2 350 4
2 1467 3 1 214 2 1467 3
2 1467 3 1 214 2 1467 3
2 1467 3 1 214 2 1467 3
2 1467 3 1 550 2 1467 3
2 1467 3 1 550 2 1467 3
2 1467 3 1 550 2 1467 3
2 1467 3 1 1180 2 1467 3
2 1467 3 1 1180 2 1467 3
2 1467 3 1 1180 2 1467 3
2 1467 3 1 1180 2 1467 3
1 1394 1250 2 1180 0 929 1248 476 1 465 2
2 1467 3 1 476 2 1467 3
2 1467 3 1 476 2 1467 3
2 1467 3 1 476 2 1467 3
1 1400 1148 2 476 0 1093 1147 179 1 307 1
2 1467 3 1 179 2 1467 3
2 1467 3 1 179 2 1467 3
2 1467 3 1 1166 2 1467 3
2 1467 3 1 1166 2 1467 3
2 1467 3 1 1166 2 1467 3
2 1467 3 1 8 2 1467 3
2 1467 3 1 8 2 1467 3
2 1467 3 1 8 2 1467 3
2 1467 3 1 8 2 1467 3
0 1393 1273 2 8 0 457 1269 217 0 936 4
2 1467 3 1 217 2 1467 3
2 1467 3 1 217 2 1467 3
2 1467 3 1 217 2 1467 3
2 1467 3 1 217 2 1467 3
2 1467 3 1 210 2 1467 3
2 1467 3 1 210 2 1467 3
2 1467 3 1 210 2 1467 3
2 1467 3 1 210 2 1467 3
0 1387 1375 2 210 0 1055 1370 1147 0 332 5
2 1467 3 1 1147 2 1467 3
2 1467 3 1 1147 2 1467 3
0 1425 729 1 1147 0 1425 729
2 1467 3 1 105 2 1467 3
2 1467 3 1 105 2 1467 3
2 1467 3 1 105 2 1467 3
2 1467 3 1 105 2 1467 3
2 1467 3 1 113 2 1467 3
2 1467 3 1 113 2 1467 3
2 1467 3 1 113 2 1467 3
2 1467 3 1 113 2 1467 3
2 1467 3 1 113 2 1467 3
2 1467 3 1 1057 2 1467 3
2 1467 3 1 1057 2 1467 3
2 1467 3 1 1057 2 1467 3
2 1467 3 1 1057 2 1467 3
1 1389 1335 2 1057 0 1226 1333 119 1 163 2
2 1467 3 1 119 2 1467 3
2 1467 3 1 119 2 1467 3
2 1467 3 1 1088 2 1467 3
2 1467 3 1 1088 2 1467 3
2 1422 768 2 1088 0 1343 764 1063 2 79 4
2 1467 3 1 1063 2 1467 3
2 1467 3 1 1063 2 1467 3
2 1467 3 1 1063 2 1467 3
2 1467 3 1 1063 2 1467 3
0 1385 1409 2 1063 0 1262 1405 543 0 123 4
2 1467 3 1 543 2 1467 3
2 1467 3 1 543 2 1467 3
2 1467 3 1 543 2 1467 3
2 1467 3 1 543 2 1467 3
-1
32 101
1 2239 3 1 26 1 2239 3
1 2239 3 1 26 1 2239 3
1 2239 3 1 157 1 2239 3
1 2239 3 1 157 1 2239 3
1 2239 3 1 157 1 2239 3
1 2239 3 1 309 1 2239 3
1 2239 3 1 250 1 2239 3
1 2239 3 1 250 1 2239 3
2 2171 1153 2 250 0 1502 1152 377 2 669 1
1 2239 3 1 377 1 2239 3
0 2221 315 1 377 0 2221 315
1 2239 3 1 1141 1 2239 3
1 2239 3 1 1141 1 2239 3
1 2239 3 1 1141 1 2239 3
1 2239 3 1 919 1 2239 3
0 2219 349 1 919 0 2219 349
1 2239 3 1 446 1 2239 3
1 2239 3 1 446 1 2239 3
1 2239 3 1 394 1 2239 3
1 2190 836 2 394 0 1970 831 706 1 220 5
1 2239 3 1 706 1 2239 3
1 2239 3 1 706 1 2239 3
1 2239 3 1 642 1 2239 3
1 2239 3 1 642 1 2239 3
1 2239 3 1 642 1 2239 3
1 2239 3 1 633 1 2239 3
1 2239 3 1 633 1 2239 3
1 2163 1295 2 633 0 742 1291 53 1 1421 4
1 2239 3 1 53 1 2239 3
1 2239 3 1 53 1 2239 3
1 2239 3 1 167 1 2239 3
1 2239 3 1 167 1 2239 3
0 2157 1403 2 167 0 1860 1403 1121 0 297 0
1 2239 3 1 1121 1 2239 3
1 2189 853 2 1121 0 687 851 941 1 1502 2
1 2239 3 1 941 1 2239 3
1 2239 3 1 941 1 2239 3
1 2152 1482 2 941 0 716 1480 844 1 1436 2
1 2239 3 1 844 1 2239 3
1 2239 3 1 844 1 2239 3
1 2239 3 1 364 1 2239 3
2 2200 660 2 364 0 1504 657 303 2 696 3
1 2239 3 1 303 1 2239 3
1 2239 3 1 303 1 2239 3
1 2239 3 1 630 1 2239 3
1 2239 3 1 630 1 2239 3
1 2170 1176 2 630 0 1084 1175 284 1 1086 1
2 2204 592 2 284 0 1983 588 624 2 221 4
1 2239 3 1 624 1 2239 3
1 2239 3 1 624 1 2239 3
0 2154 1454 2 624 0 1735 1449 586 0 419 5
1 2239 3 1 586 1 2239 3
1 2239 3 1 1177 1 2239 3
1 2239 3 1 1177 1 2239 3
1 2239 3 1 1177 1 2239 3
1 2239 3 1 1110 1 2239 3
1 2239 3 1 232 1 2239 3
1 2239 3 1 232 1 2239 3
1 2178 1040 2 232 0 304 1037 1195 1 1874 3
1 2239 3 1 1195 1 2239 3
1 2239 3 1 522 1 2239 3
1 2239 3 1 522 1 2239 3
1 2239 3 1 985 1 2239 3
1 2239 3 1 117 1 2239 3
1 2239 3 1 833 1 2239 3
1 2239 3 1 259 1 2239 3
2 2197 711 2 259 0 1846 708 1070 2 351 3
1 2239 3 1 1070 1 2239 3
1 2239 3 1 1070 1 2239 3
0 2163 1301 2 1070 0 255 1300 780 0 1908 1
1 2239 3 1 780 1 2239 3
1 2239 3 1 780 1 2239 3
1 2239 3 1 707 1 2239 3
0 2198 706 2 707 0 1348 704 698 0 850 2
1 2239 3 1 698 1 2239 3
1 2239 3 1 698 1 2239 3
1 2239 3 1 547 1 2239 3
1 2239 3 1 547 1 2239 3
0 2165 1267 2 547 0 1968 1264 1184 0 197 3
1 2239 3 1 1184 1 2239 3
1 2239 3 1 1184 1 2239 3
0 2161 1335 2 1184 0 717 1334 1132 0 1444 1
1 2239 3 1 1132 1 2239 3
1 2239 3 1 1001 1 2239 3
1 2239 3 1 1001 1 2239 3
1 2239 3 1 927 1 2239 3
1 2239 3 1 627 1 2239 3
1 2239 3 1 627 1 2239 3
1 2180 1006 2 627 0 2 1005 575 1 2178 1
1 2239 3 1 575 1 2239 3
0 2169 1199 2 575 0 1910 1195 47 0 259 4
1 2239 3 1 47 1 2239 3
1 2239 3 1 47 1 2239 3
0 2161 1335 2 47 0 655 1333 279 0 1506 2
1 2239 3 1 279 1 2239 3
1 2173 1125 2 279 0 1917 1120 940 1 256 5
1 2239 3 1 940 1 2239 3
2 2192 796 2 940 0 259 794 749 2 1933 2
1 2203 615 2 749 0 1378 614 1164 1 825 1
1 2239 3 1 1164 1 2239 3
1 2239 3 1 1164 1 2239 3
-1
33 89
0 2256 2 1 487 0 2256 2
0 2256 2 1 487 0 2256 2
0 2256 2 1 487 0 2256 2
0 2205 869 2 487 0 1107 869 618 0 1098 0
0 2256 2 1 618 0 2256 2
0 2256 2 1 618 0 2256 2
0 2256 2 1 618 0 2256 2
0 2256 2 1 618 0 2256 2
0 2188 1158 2 618 0 336 1154 1010 0 1852 4
0 2256 2 1 1010 0 2256 2
0 2256 2 1 1010 0 2256 2
2 2200 942 2 1010 0 2159 939 180 2 41 3
0 2256 2 1 180 0 2256 2
0 2256 2 1 180 0 2256 2
0 2256 2 1 180 0 2256 2
0 2256 2 1 180 0 2256 2
1 2183 1237 2 180 0 2156 1236 481 1 27 1
0 2256 2 1 481 0 2256 2
0 2256 2 1 481 0 2256 2
0 2214 716 2 481 0 1913 712 877 0 301 4
0 2256 2 1 877 0 2256 2
0 2256 2 1 877 0 2256 2
0 2256 2 1 877 0 2256 2
0 2205 869 2 877 0 833 868 548 0 1372 1
0 2256 2 1 548 0 2256 2
2 2220 602 2 548 0 1799 600 1103 2 421 2
0 2256 2 1 1103 0 2256 2
0 2256 2 1 1103 0 2256 2
1 2215 693 2 1103 0 1347 692 216 1 868 1
0 2256 2 1 216 0 2256 2
0 2256 2 1 216 0 2256 2
0 2256 2 1 216 0 2256 2
0 2256 2 1 216 0 2256 2
1 2179 1305 2 216 0 1924 1304 981 1 255 1
0 2256 2 1 981 0 2256 2
0 2256 2 1 981 0 2256 2
0 2256 2 1 981 0 2256 2
0 2256 2 1 981 0 2256 2
0 2191 1107 2 981 0 746 1105 905 0 1445 2
0 2256 2 1 905 0 2256 2
0 2256 2 1 905 0 2256 2
0 2256 2 1 905 0 2256 2
0 2256 2 1 905 0 2256 2
0 2256 2 1 905 0 2256 2
2 2168 1486 2 905 0 730 1483 342 2 1438 3
0 2256 2 1 342 0 2256 2
0 2256 2 1 342 0 2256 2
0 2256 2 1 342 0 2256 2
0 2256 2 1 342 0 2256 2
0 2256 2 1 342 0 2256 2
1 2170 1458 2 342 0 492 1455 995 1 1678 3
0 2256 2 1 995 0 2256 2
0 2170 1464 2 995 0 950 1463 623 0 1220 1
0 2256 2 1 623 0 2256 2
0 2256 2 1 623 0 2256 2
0 2256 2 1 623 0 2256 2
1 2193 1067 2 623 0 1633 1062 848 1 560 5
0 2256 2 1 848 0 2256 2
0 2256 2 1 848 0 2256 2
2 2220 602 2 848 0 426 602 48 2 1794 0
0 2256 2 1 48 0 2256 2
0 2256 2 1 991 0 2256 2
0 2256 2 1 991 0 2256 2
0 2256 2 1 991 0 2256 2
0 2256 2 1 991 0 2256 2
0 2256 2 1 991 0 2256 2
2 2180 1282 2 991 0 3 1281 164 2 2177 1
0 2256 2 1 164 0 2256 2
0 2256 2 1 164 0 2256 2
0 2256 2 1 164 0 2256 2
1 2185 1203 2 164 0 1898 1198 829 1 287 5
0 2256 2 1 611 0 2256 2
1 2212 744 2 611 0 77 740 307 1 2135 4
0 2256 2 1 307 0 2256 2
0 2256 2 1 307 0 2256 2
0 2256 2 1 307 0 2256 2
2 2197 993 2 307 0 96 990 645 2 2101 3
0 2256 2 1 645 0 2256 2
1 2214 710 2 645 0 2076 710 54 1 138 0
0 2256 2 1 54 0 2256 2
0 2256 2 1 155 0 2256 2
0 2256 2 1 155 0 2256 2
1 2213 727 2 155 0 2067 727 788 1 146 0
2 2182 1248 2 788 0 1578 1245 685 2 604 3
0 2121 2297 3 685 0 1140 856 1055 0 704 1314 560 0 277 127
0 2256 2 1 870 0 2256 2
0 2256 2 1 870 0 2256 2
2 2219 619 2 870 0 1068 616 839 2 1151 3
0 2256 2 1 839 0 2256 2
-1
34 64
0 2431 0 1 176 0 2431 0
0 2376 935 2 176 0 643 930 984 0 1733 5
0 2431 0 1 984 0 2431 0
0 2431 0 1 635 0 2431 0
0 2431 0 1 652 0 2431 0
1 2370 1031 2 652 0 664 1025 465 1 1706 6
0 2431 0 1 813 0 2431 0
0 2431 0 1 251 0 2431 0
0 2431 0 1 457 0 2431 0
0 2431 0 1 535 0 2431 0
0 2431 0 1 1119 0 2431 0
1 2373 980 2 1119 0 204 976 510 1 2169 4
1 2378 895 2 510 0 571 889 316 1 1807 6
1 2381 844 2 316 0 537 843 883 1 1844 1
0 2431 0 1 883 0 2431 0
0 2399 544 2 131 0 129 539 371 0 2270 5
0 2381 850 2 371 0 84 845 783 0 2297 5
0 2431 0 1 783 0 2431 0
0 2431 0 1 582 0 2431 0
0 2364 1139 2 582 0 429 1139 526 0 1935 0
0 2431 0 1 15 0 2431 0
0 2431 0 1 15 0 2431 0
0 2431 0 1 715 0 2431 0
0 2431 0 1 1163 0 2431 0
2 2354 1296 2 1163 0 1428 1293 1042 2 926 3
1 2383 810 2 1042 0 1066 807 6 1 1317 3
0 2431 0 1 6 0 2431 0
0 2431 0 1 234 0 2431 0
0 2431 0 1 568 0 2431 0
1 2361 1184 2 568 0 131 1183 1168 1 2230 1
0 2431 0 1 968 0 2431 0
0 2363 1156 2 968 0 44 1156 904 0 2319 0
0 2431 0 1 572 0 2431 0
0 2398 561 1 936 0 2398 561
0 2431 0 1 577 0 2431 0
0 2431 0 1 497 0 2431 0
0 2431 0 1 485 0 2431 0
0 2431 0 1 882 0 2431 0
0 2431 0 1 741 0 2431 0
0 2431 0 1 563 0 2431 0
0 2431 0 1 563 0 2431 0
0 2431 0 1 1067 0 2431 0
0 2431 0 1 134 0 2431 0
0 2431 0 1 1007 0 2431 0
0 2376 935 2 1007 0 135 933 325 0 2241 2
0 2431 0 1 1066 0 2431 0
1 2351 1354 2 596 0 1466 1349 811 1 885 5
2 2384 786 2 811 0 928 785 169 2 1456 1
0 2431 0 1 150 0 2431 0
0 2431 0 1 937 0 2431 0
0 2431 0 1 819 0 2431 0
0 2431 0 1 188 0 2431 0
0 2431 0 1 168 0 2431 0
0 2431 0 1 552 0 2431 0
0 2431 0 1 957 0 2431 0
0 2431 0 1 615 0 2431 0
2 2369 1041 2 880 0 140 1039 25 2 2229 2
0 2349 1394 2 25 0 2299 1393 1040 0 50 1
0 2431 0 1 1106 0 2431 0
0 2431 0 1 360 0 2431 0
0 2431 0 1 1111 0 2431 0
0 2431 0 1 500 0 2431 0
0 2431 0 1 1197 0 2431 0
0 2431 0 1 1197 0 2431 0
-1
35 112
1 1592 2 1 132 1 1592 2
1 1592 2 1 132 1 1592 2
1 1592 2 1 132 1 1592 2
1 1592 2 1 132 1 1592 2
1 1592 2 1 132 1 1592 2
2 1538 914 2 132 0 324 911 449 2 1214 3
1 1592 2 1 449 1 1592 2
1 1592 2 1 449 1 1592 2
1 1592 2 1 449 1 1592 2
1 1592 2 1 449 1 1592 2
1 1592 2 1 449 1 1592 2
2 1524 1152 2 449 0 1304 1152 845 2 220 0
1 1592 2 1 845 1 1592 2
1 1592 2 1 845 1 1592 2
1 1592 2 1 845 1 1592 2
2 1557 591 2 845 0 354 589 372 2 1203 2
1 1592 2 1 372 1 1592 2
1 1592 2 1 372 1 1592 2
1 1592 2 1 372 1 1592 2
1 1592 2 1 372 1 1592 2
1 1592 2 1 372 1 1592 2
1 1592 2 1 372 1 1592 2
2 1515 1305 2 372 0 1072 1301 427 2 443 4
1 1592 2 1 427 1 1592 2
1 1592 2 1 427 1 1592 2
1 1592 2 1 427 1 1592 2
1 1555 631 2 427 0 509 627 1173 1 1046 4
1 1592 2 1 1173 1 1592 2
1 1592 2 1 1173 1 1592 2
1 1592 2 1 1173 1 1592 2
1 1592 2 1 1173 1 1592 2
1 1592 2 1 1173 1 1592 2
1 1592 2 1 1173 1 1592 2
1 1516 1294 2 1173 0 1158 1291 97 1 358 3
1 1592 2 1 97 1 1592 2
1 1592 2 1 97 1 1592 2
1 1592 2 1 97 1 1592 2
2 1557 591 2 97 0 253 590 391 2 1304 1
1 1592 2 1 391 1 1592 2
1 1592 2 1 391 1 1592 2
1 1592 2 1 391 1 1592 2
1 1592 2 1 391 1 1592 2
2 1538 914 2 391 0 593 910 677 2 945 4
1 1592 2 1 677 1 1592 2
1 1592 2 1 677 1 1592 2
1 1592 2 1 677 1 1592 2
1 1592 2 1 677 1 1592 2
1 1592 2 1 677 1 1592 2
1 1592 2 1 677 1 1592 2
1 1592 2 1 677 1 1592 2
2 1510 1390 2 677 0 556 1388 262 2 954 2
1 1592 2 1 262 1 1592 2
1 1592 2 1 262 1 1592 2
1 1559 563 2 262 0 952 560 306 1 607 3
1 1592 2 1 306 1 1592 2
1 1592 2 1 306 1 1592 2
1 1592 2 1 306 1 1592 2
1 1592 2 1 306 1 1592 2
1 1592 2 1 306 1 1592 2
1 1592 2 1 306 1 1592 2
1 1592 2 1 306 1 1592 2
2 1515 1305 2 306 0 139 1305 585 2 1376 0
1 1592 2 1 585 1 1592 2
1 1592 2 1 585 1 1592 2
1 1592 2 1 585 1 1592 2
1 1592 2 1 585 1 1592 2
1 1592 2 1 585 1 1592 2
1 1592 2 1 585 1 1592 2
0 1518 1266 2 585 0 521 1261 425 0 997 5
1 1592 2 1 425 1 1592 2
1 1592 2 1 425 1 1592 2
1 1592 2 1 425 1 1592 2
1 1592 2 1 425 1 1592 2
1 1592 2 1 395 1 1592 2
1 1592 2 1 395 1 1592 2
1 1592 2 1 395 1 1592 2
1 1592 2 1 395 1 1592 2
0 1530 1062 2 395 0 1430 1058 806 0 100 4
1 1592 2 1 806 1 1592 2
1 1592 2 1 806 1 1592 2
1 1592 2 1 806 1 1592 2
1 1592 2 1 806 1 1592 2
1 1592 2 1 806 1 1592 2
1 1592 2 1 806 1 1592 2
0 1530 1062 2 806 0 17 1059 571 0 1513 3
1 1592 2 1 571 1 1592 2
1 1592 2 1 524 1 1592 2
1 1592 2 1 11 1 1592 2
1 1592 2 1 422 1 1592 2
1 1510 1396 2 422 0 796 1393 808 1 714 3
1 1592 2 1 808 1 1592 2
0 1552 688 2 675 0 1376 687 657 0 176 1
1 1592 2 1 657 1 1592 2
0 1560 552 2 1159 0 385 548 512 0 1175 4
1 1592 2 1 512 1 1592 2
1 1592 2 1 512 1 1592 2
1 1592 2 1 277 1 1592 2
1 1592 2 1 277 1 1592 2
1 1592 2 1 277 1 1592 2
1 1592 2 1 717 1 1592 2
1 1592 2 1 717 1 1592 2
1 1592 2 1 717 1 1592 2
1 1592 2 1 717 1 1592 2
0 1546 790 2 717 0 765 785 676 0 781 5
1 1592 2 1 676 1 1592 2
1 1592 2 1 676 1 1592 2
1 1592 2 1 676 1 1592 2
1 1592 2 1 676 1 1592 2
0 1539 909 2 676 0 1136 908 1044 0 403 1
1 1592 2 1 1044 1 1592 2
1 1592 2 1 1044 1 1592 2
1 1560 546 2 1044 0 1343 543 696 1 217 3
-1
36 89
1 2378 4 1 440 1 2378 4
1 2378 4 1 440 1 2378 4
1 2320 990 2 440 0 1534 988 59 1 786 2
1 2378 4 1 59 1 2378 4
1 2378 4 1 59 1 2378 4
1 2378 4 1 59 1 2378 4
1 2378 4 1 901 1 2378 4
1 2349 497 2 901 0 398 493 204 1 1951 4
2 2347 524 2 204 0 1464 524 9 2 883 0
1 2378 4 1 795 1 2378 4
1 2338 684 2 795 0 2024 683 637 1 314 1
1 2378 4 1 637 1 2378 4
1 2378 4 1 637 1 2378 4
2 2308 1187 2 637 0 1683 1187 1050 2 625 0
1 2378 4 1 1050 1 2378 4
1 2378 4 1 805 1 2378 4
1 2378 4 1 805 1 2378 4
1 2378 4 1 805 1 2378 4
1 2292 1466 2 805 0 1779 1463 141 1 513 3
1 2378 4 1 141 1 2378 4
1 2378 4 1 141 1 2378 4
2 2303 1273 2 141 0 2276 1273 539 2 27 0
1 2378 4 1 539 1 2378 4
1 2378 4 1 539 1 2378 4
1 2378 4 1 1080 1 2378 4
1 2378 4 1 1080 1 2378 4
0 2312 1132 2 1080 0 1733 1130 445 0 579 2
1 2378 4 1 445 1 2378 4
1 2328 854 2 445 0 2065 849 240 1 263 5
1 2378 4 1 240 1 2378 4
1 2378 4 1 240 1 2378 4
1 2310 1160 2 240 0 1491 1156 335 1 819 4
1 2378 4 1 335 1 2378 4
1 2378 4 1 335 1 2378 4
1 2378 4 1 335 1 2378 4
1 2378 4 1 739 1 2378 4
1 2378 4 1 739 1 2378 4
2 2327 865 2 739 0 170 861 1178 2 2157 4
1 2378 4 1 1178 1 2378 4
1 2378 4 1 495 1 2378 4
1 2378 4 1 495 1 2378 4
0 2325 911 2 495 0 325 911 857 0 2000 0
1 2378 4 1 857 1 2378 4
1 2378 4 1 400 1 2378 4
0 2343 605 2 400 0 459 600 758 0 1884 5
1 2378 4 1 758 1 2378 4
1 2378 4 1 758 1 2378 4
1 2309 1177 2 758 0 51 1176 293 1 2258 1
1 2347 531 2 293 0 1184 530 722 1 1163 1
1 2378 4 1 532 1 2378 4
1 2378 4 1 532 1 2378 4
1 2378 4 1 525 1 2378 4
2 2338 678 2 525 0 1596 674 474 2 742 4
1 2378 4 1 474 1 2378 4
1 2378 4 1 474 1 2378 4
1 2378 4 1 474 1 2378 4
1 2378 4 1 663 1 2378 4
1 2346 548 2 663 0 493 542 317 1 1853 6
1 2378 4 1 317 1 2378 4
1 2378 4 1 317 1 2378 4
1 2378 4 1 178 1 2378 4
1 2378 4 1 178 1 2378 4
1 2378 4 1 178 1 2378 4
1 2301 1313 2 178 0 88 1307 1016 1 2213 6
1 2378 4 1 1016 1 2378 4
1 2378 4 1 1016 1 2378 4
1 2378 4 1 126 1 2378 4
1 2378 4 1 126 1 2378 4
0 2372 112 2 126 0 0 112 851 0 2372 0
1 2378 4 1 186 1 2378 4
1 2378 4 1 733 1 2378 4
1 2378 4 1 733 1 2378 4
1 2378 4 1 733 1 2378 4
1 2378 4 1 288 1 2378 4
1 2378 4 1 288 1 2378 4
1 2317 1041 2 288 0 1175 1039 671 1 1142 2
1 2378 4 1 671 1 2378 4
1 2336 718 2 671 0 322 718 1174 1 2014 0
1 2378 4 1 1174 1 2378 4
1 2378 4 1 1174 1 2378 4
1 2378 4 1 922 1 2378 4
0 2334 758 2 922 0 2019 756 95 0 315 2
1 2378 4 1 95 1 2378 4
0 2365 231 1 95 0 2365 231
1 2378 4 1 560 1 2378 4
2 2351 457 2 560 0 0 456 1034 2 2351 1
1 2378 4 1 1034 1 2378 4
2 2306 1221 2 1034 0 984 1221 970 2 1322 0
1 2378 4 1 970 1 2378 4
-1
37 85
2 1352 3 1 171 2 1352 3
2 1352 3 1 334 2 1352 3
2 1352 3 1 334 2 1352 3
2 1352 3 1 334 2 1352 3
2 1352 3 1 661 2 1352 3
0 1294 1002 2 661 0 181 998 747 0 1113 4
0 1314 662 2 747 0 933 657 945 0 381 5
2 1352 3 1 945 2 1352 3
2 1352 3 1 945 2 1352 3
2 1352 3 1 452 2 1352 3
2 1352 3 1 329 2 1352 3
2 1352 3 1 329 2 1352 3
2 1352 3 1 14 2 1352 3
2 1352 3 1 14 2 1352 3
2 1352 3 1 200 2 1352 3
0 1292 1035 2 200 0 392 1035 469 0 900 0
2 1352 3 1 469 2 1352 3
2 1352 3 1 469 2 1352 3
2 1352 3 1 736 2 1352 3
2 1290 1057 2 736 0 761 1055 336 2 529 2
2 1352 3 1 336 2 1352 3
2 1287 1108 2 336 0 326 1108 22 2 961 0
2 1352 3 1 22 2 1352 3
2 1352 3 1 135 2 1352 3
2 1352 3 1 1085 2 1352 3
0 1294 1001 2 1085 0 684 996 390 0 610 5
2 1352 3 1 390 2 1352 3
2 1352 3 1 390 2 1352 3
2 1352 3 1 379 2 1352 3
0 1348 83 1 379 0 1348 83
2 1352 3 1 975 2 1352 3
2 1352 3 1 460 2 1352 3
2 1352 3 1 460 2 1352 3
2 1352 3 1 198 2 1352 3
2 1352 3 1 827 2 1352 3
2 1352 3 1 86 2 1352 3
2 1352 3 1 86 2 1352 3
2 1352 3 1 86 2 1352 3
2 1352 3 1 156 2 1352 3
2 1352 3 1 156 2 1352 3
2 1352 3 1 489 2 1352 3
2 1352 3 1 489 2 1352 3
2 1272 1363 2 489 0 931 1361 404 2 341 2
2 1352 3 1 404 2 1352 3
2 1352 3 1 404 2 1352 3
2 1352 3 1 992 2 1352 3
2 1352 3 1 222 2 1352 3
1 1311 706 2 222 0 975 705 139 1 336 1
2 1352 3 1 139 2 1352 3
2 1352 3 1 529 2 1352 3
2 1352 3 1 529 2 1352 3
2 1352 3 1 219 2 1352 3
2 1293 1006 2 219 0 975 1002 443 2 318 4
2 1352 3 1 443 2 1352 3
2 1352 3 1 443 2 1352 3
2 1352 3 1 322 2 1352 3
2 1352 3 1 983 2 1352 3
2 1352 3 1 983 2 1352 3
2 1352 3 1 285 2 1352 3
2 1352 3 1 285 2 1352 3
0 1270 1409 2 285 0 294 1405 659 0 976 4
2 1352 3 1 659 2 1352 3
2 1352 3 1 886 2 1352 3
1 1296 961 2 886 0 339 958 546 1 957 3
2 1352 3 1 546 2 1352 3
2 1352 3 1 546 2 1352 3
2 1352 3 1 554 2 1352 3
2 1352 3 1 347 2 1352 3
2 1352 3 1 185 2 1352 3
2 1352 3 1 505 2 1352 3
2 1352 3 1 346 2 1352 3
2 1352 3 1 620 2 1352 3
2 1352 3 1 127 2 1352 3
2 1352 3 1 678 2 1352 3
2 1352 3 1 678 2 1352 3
2 1352 3 1 42 2 1352 3
0 1284 1172 2 315 0 907 1167 310 0 377 5
2 1352 3 1 310 2 1352 3
2 1352 3 1 515 2 1352 3
2 1352 3 1 1068 2 1352 3
2 1352 3 1 632 2 1352 3
0 1317 611 2 112 0 0 606 641 0 1317 5
2 1352 3 1 903 2 1352 3
2 1352 3 1 194 2 1352 3
2 1352 3 1 194 2 1352 3
-1
38 64
2 2105 2 1 662 2 2105 2
2 2105 2 1 271 2 2105 2
2 2105 2 1 345 2 2105 2
2 2105 2 1 873 2 2105 2
2 2105 2 1 721 2 2105 2
2 2105 2 1 1028 2 2105 2
0 2062 746 2 1028 0 0 746 1097 0 2062 0
2 2076 495 2 962 0 1099 495 466 2 977 0
2 2105 2 1 466 2 2105 2
2 2105 2 1 1101 2 2105 2
2 2105 2 1 227 2 2105 2
2 2105 2 1 109 2 2105 2
2 2105 2 1 720 2 2105 2
2 2105 2 1 1137 2 2105 2
2 2105 2 1 49 2 2105 2
2 2105 2 1 61 2 2105 2
2 2105 2 1 743 2 2105 2
2 2105 2 1 287 2 2105 2
2 2105 2 1 591 2 2105 2
2 2073 546 2 384 0 1677 542 759 2 396 4
2 2105 2 1 719 2 2105 2
2 2105 2 1 614 2 2105 2
2 2105 2 1 418 2 2105 2
1 2026 1351 2 418 0 249 1350 415 1 1777 1
2 2105 2 1 1009 2 2105 2
2 2105 2 1 938 2 2105 2
2 2105 2 1 246 2 2105 2
1 2073 552 2 1113 0 545 547 573 1 1528 5
2 2105 2 1 555 2 2105 2
2 2105 2 1 220 2 2105 2
2 2105 2 1 270 2 2105 2
2 2105 2 1 1037 2 2105 2
2 2059 784 2 579 0 1982 782 43 2 77 2
2 2105 2 1 283 2 2105 2
2 2105 2 1 499 2 2105 2
2 2105 2 1 281 2 2105 2
2 2105 2 1 1071 2 2105 2
2 2105 2 1 934 2 2105 2
2 2105 2 1 734 2 2105 2
2 2105 2 1 41 2 2105 2
2 2105 2 1 1036 2 2105 2
2 2058 801 2 898 0 1362 799 929 2 696 2
0 2035 1204 2 929 0 774 1199 361 0 1261 5
2 2105 2 1 36 2 2105 2
2 2105 2 1 692 2 2105 2
2 2105 2 1 286 2 2105 2
2 2105 2 1 195 2 2105 2
0 2024 1391 2 195 0 658 1391 773 0 1366 0
2 2105 2 1 344 2 2105 2
2 2105 2 1 1181 2 2105 2
0 2043 1069 2 311 0 923 1064 1048 0 1120 5
2 2033 1226 2 1048 0 586 1222 732 2 1447 4
2 2105 2 1 238 2 2105 2
1 2063 722 2 28 0 809 721 799 1 1254 1
2 2033 1226 2 799 0 442 1225 621 2 1591 1
2 2105 2 1 872 2 2105 2
2 2063 716 2 353 0 313 714 1136 2 1750 2
0 2029 1306 2 1136 0 647 1302 1126 0 1382 4
2 2105 2 1 714 2 2105 2
0 2052 915 2 226 0 1380 911 823 0 672 4
2 2105 2 1 823 2 2105 2
2 2105 2 1 64 2 2105 2
2 2105 2 1 175 2 2105 2
2 2105 2 1 1013 2 2105 2
-1
39 84
2 2449 0 1 171 2 2449 0
2 2398 867 2 171 0 1112 866 334 2 1286 1
2 2449 0 1 334 2 2449 0
2 2449 0 1 334 2 2449 0
2 2449 0 1 661 2 2449 0
2 2449 0 1 661 2 2449 0
2 2449 0 1 747 2 2449 0
2 2449 0 1 945 2 2449 0
2 2449 0 1 945 2 2449 0
2 2366 1411 2 945 0 415 1407 452 2 1951 4
2 2449 0 1 329 2 2449 0
2 2449 0 1 329 2 2449 0
2 2449 0 1 14 2 2449 0
2 2449 0 1 14 2 2449 0
2 2449 0 1 200 2 2449 0
2 2449 0 1 200 2 2449 0
2 2449 0 1 469 2 2449 0
2 2449 0 1 469 2 2449 0
2 2449 0 1 736 2 2449 0
2 2449 0 1 736 2 2449 0
2 2449 0 1 336 2 2449 0
2 2449 0 1 336 2 2449 0
2 2449 0 1 22 2 2449 0
2 2449 0 1 135 2 2449 0
2 2449 0 1 1085 2 2449 0
2 2449 0 1 1085 2 2449 0
2 2449 0 1 390 2 2449 0
2 2449 0 1 390 2 2449 0
2 2449 0 1 379 2 2449 0
2 2449 0 1 379 2 2449 0
2 2449 0 1 975 2 2449 0
2 2449 0 1 460 2 2449 0
2 2449 0 1 460 2 2449 0
1 2372 1315 2 460 0 95 1310 198 1 2277 5
2 2449 0 1 827 2 2449 0
2 2399 850 2 827 0 2074 849 86 2 325 1
2 2449 0 1 86 2 2449 0
2 2449 0 1 86 2 2449 0
2 2449 0 1 156 2 2449 0
2 2449 0 1 156 2 2449 0
0 2363 1474 2 156 0 1469 1470 489 0 894 4
2 2449 0 1 489 2 2449 0
2 2449 0 1 489 2 2449 0
2 2449 0 1 404 2 2449 0
2 2449 0 1 404 2 2449 0
0 2364 1457 2 404 0 849 1454 992 0 1515 3
0 2407 726 2 992 0 2249 724 222 0 158 2
2 2449 0 1 222 2 2449 0
2 2449 0 1 139 2 2449 0
2 2449 0 1 529 2 2449 0
2 2449 0 1 529 2 2449 0
2 2449 0 1 219 2 2449 0
2 2449 0 1 219 2 2449 0
2 2449 0 1 443 2 2449 0
2 2449 0 1 443 2 2449 0
2 2449 0 1 322 2 2449 0
1 2392 975 2 322 0 2139 970 983 1 253 5
2 2449 0 1 983 2 2449 0
2 2392 969 2 983 0 503 969 285 2 1889 0
2 2449 0 1 285 2 2449 0
2 2449 0 1 285 2 2449 0
2 2449 0 1 659 2 2449 0
2 2449 0 1 886 2 2449 0
2 2449 0 1 886 2 2449 0
2 2449 0 1 546 2 2449 0
2 2449 0 1 546 2 2449 0
2 2449 0 1 554 2 2449 0
2 2449 0 1 347 2 2449 0
2 2365 1428 2 347 0 1420 1425 185 2 945 3
2 2449 0 1 505 2 2449 0
2 2449 0 1 505 2 2449 0
2 2449 0 1 620 2 2449 0
2 2449 0 1 127 2 2449 0
2 2449 0 1 678 2 2449 0
2 2449 0 1 678 2 2449 0
2 2449 0 1 42 2 2449 0
2 2449 0 1 315 2 2449 0
2 2449 0 1 310 2 2449 0
1 2370 1349 2 310 0 1352 1346 515 1 1018 3
2 2449 0 1 1068 2 2449 0
2 2449 0 1 632 2 2449 0
0 2432 301 1 112 0 2432 301
2 2449 0 1 903 2 2449 0
0 2407 726 2 730 0 2371 724 194 0 36 2
-1
40 93
2 1881 1 1 456 2 1881 1
2 1881 1 1 456 2 1881 1
2 1881 1 1 456 2 1881 1
1 1837 755 2 456 0 1128 750 907 1 709 5
2 1881 1 1 907 2 1881 1
2 1881 1 1 907 2 1881 1
1 1842 670 2 907 0 1590 667 982 1 252 3
2 1881 1 1 982 2 1881 1
2 1881 1 1 982 2 1881 1
2 1881 1 1 982 2 1881 1
2 1881 1 1 982 2 1881 1
1 1822 1010 2 982 0 1323 1005 567 1 499 5
2 1881 1 1 567 2 1881 1
2 1881 1 1 567 2 1881 1
2 1881 1 1 567 2 1881 1
2 1835 783 2 567 0 934 779 101 2 901 4
2 1881 1 1 101 2 1881 1
2 1881 1 1 101 2 1881 1
1 1847 585 2 101 0 605 580 654 1 1242 5
2 1881 1 1 654 2 1881 1
2 1881 1 1 654 2 1881 1
2 1881 1 1 654 2 1881 1
2 1881 1 1 654 2 1881 1
2 1881 1 1 654 2 1881 1
2 1806 1276 2 654 0 907 1275 754 2 899 1
2 1881 1 1 754 2 1881 1
2 1881 1 1 754 2 1881 1
2 1881 1 1 754 2 1881 1
1 1833 823 2 754 0 857 819 378 1 976 4
2 1881 1 1 378 2 1881 1
2 1881 1 1 378 2 1881 1
2 1881 1 1 378 2 1881 1
2 1881 1 1 378 2 1881 1
2 1881 1 1 378 2 1881 1
2 1881 1 1 378 2 1881 1
0 1799 1407 2 378 0 469 1406 899 0 1330 1
2 1881 1 1 899 2 1881 1
2 1881 1 1 899 2 1881 1
2 1881 1 1 899 2 1881 1
2 1881 1 1 899 2 1881 1
1 1823 993 2 899 0 75 988 1038 1 1748 5
2 1881 1 1 1038 2 1881 1
2 1881 1 1 1038 2 1881 1
2 1881 1 1 1038 2 1881 1
2 1881 1 1 1038 2 1881 1
2 1815 1123 2 1038 0 871 1119 93 2 944 4
2 1881 1 1 93 2 1881 1
2 1881 1 1 93 2 1881 1
2 1881 1 1 93 2 1881 1
2 1881 1 1 93 2 1881 1
2 1815 1123 2 93 0 1674 1120 253 2 141 3
2 1881 1 1 253 2 1881 1
2 1881 1 1 253 2 1881 1
2 1881 1 1 253 2 1881 1
1 1843 653 2 253 0 130 652 781 1 1713 1
2 1881 1 1 781 2 1881 1
2 1881 1 1 781 2 1881 1
2 1881 1 1 781 2 1881 1
2 1881 1 1 781 2 1881 1
2 1881 1 1 781 2 1881 1
2 1881 1 1 781 2 1881 1
1 1795 1469 2 781 0 263 1468 242 1 1532 1
2 1881 1 1 242 2 1881 1
2 1881 1 1 242 2 1881 1
2 1881 1 1 242 2 1881 1
2 1881 1 1 242 2 1881 1
2 1881 1 1 242 2 1881 1
0 1807 1271 2 242 0 500 1266 185 0 1307 5
2 1881 1 1 185 2 1881 1
2 1881 1 1 620 2 1881 1
2 1881 1 1 620 2 1881 1
2 1881 1 1 620 2 1881 1
2 1881 1 1 241 2 1881 1
2 1881 1 1 241 2 1881 1
0 1829 897 2 241 0 0 897 678 0 1829 0
2 1881 1 1 315 2 1881 1
2 1881 1 1 310 2 1881 1
2 1881 1 1 310 2 1881 1
2 1881 1 1 1068 2 1881 1
2 1881 1 1 632 2 1881 1
2 1881 1 1 339 2 1881 1
2 1881 1 1 339 2 1881 1
2 1881 1 1 788 2 1881 1
2 1881 1 1 685 2 1881 1
1 1843 653 2 194 0 411 652 571 1 1432 1
2 1819 1055 2 571 0 872 1052 524 2 947 3
2 1881 1 1 11 2 1881 1
2 1823 987 2 11 0 1319 985 964 2 504 2
2 1881 1 1 422 2 1881 1
2 1881 1 1 808 2 1881 1
1 1816 1112 2 808 0 4 1109 675 1 1812 3
2 1881 1 1 657 2 1881 1
1 1836 772 2 657 0 293 770 1159 1 1543 2
-1
