1 13
0 813 2 1 2 0 813 2
0 813 2 1 2 0 813 2
0 813 2 1 7 0 813 2
0 813 2 1 7 0 813 2
0 813 2 1 4 0 813 2
0 813 2 1 3 0 813 2
1 739 703 2 3 0 93 702 5 1 646 1
0 813 2 1 5 0 813 2
0 813 2 1 9 0 813 2
0 813 2 1 9 0 813 2
0 813 2 1 6 0 813 2
0 813 2 1 6 0 813 2
0 813 2 1 6 0 813 2
-1
2 15
2 1735 2 1 4 2 1735 2
2 1735 2 1 4 2 1735 2
2 1735 2 1 4 2 1735 2
2 1735 2 1 4 2 1735 2
2 1735 2 1 4 2 1735 2
1 1594 1347 2 4 0 596 1346 5 1 998 1
2 1735 2 1 5 2 1735 2
2 1735 2 1 5 2 1735 2
2 1617 1125 2 5 0 1531 1123 9 2 86 2
2 1735 2 1 9 2 1735 2
2 1735 2 1 9 2 1735 2
2 1735 2 1 6 2 1735 2
2 1735 2 1 6 2 1735 2
1 1598 1309 2 6 0 528 1309 8 1 1070 0
2 1735 2 1 10 2 1735 2
-1
3 14
0 720 0 1 7 0 720 0
0 720 0 1 7 0 720 0
0 720 0 1 7 0 720 0
0 720 0 1 7 0 720 0
0 720 0 1 1 0 720 0
0 720 0 1 1 0 720 0
0 720 0 1 1 0 720 0
0 720 0 1 1 0 720 0
0 720 0 1 1 0 720 0
0 720 0 1 1 0 720 0
0 656 609 2 1 0 483 609 8 0 173 0
0 720 0 1 8 0 720 0
0 720 0 1 8 0 720 0
0 343 638 1 8 0 343 638
-1
4 14
0 1303 0 1 2 0 1303 0
0 1303 0 1 2 0 1303 0
2 1199 984 2 2 0 424 984 7 2 775 0
0 1303 0 1 7 0 1303 0
0 1303 0 1 4 0 1303 0
0 1303 0 1 3 0 1303 0
0 1303 0 1 3 0 1303 0
0 1303 0 1 5 0 1303 0
0 1303 0 1 9 0 1303 0
0 1303 0 1 9 0 1303 0
0 1158 1380 2 9 0 471 1379 1 0 687 1
0 1303 0 1 6 0 1303 0
0 1303 0 1 6 0 1303 0
0 1303 0 1 8 0 1303 0
-1
5 14
0 1439 3 1 2 0 1439 3
0 1439 3 1 2 0 1439 3
0 1439 3 1 2 0 1439 3
0 1439 3 1 7 0 1439 3
1 1340 942 2 7 0 507 941 4 1 833 1
0 1439 3 1 3 0 1439 3
0 1439 3 1 3 0 1439 3
0 1439 3 1 5 0 1439 3
0 1439 3 1 9 0 1439 3
0 1439 3 1 9 0 1439 3
0 1439 3 1 9 0 1439 3
0 1439 3 1 6 0 1439 3
0 1439 3 1 6 0 1439 3
0 1439 3 1 8 0 1439 3
-1
