1 35
1 463 0 1 497 1 463 0
1 463 0 1 497 1 463 0
1 463 0 1 497 1 463 0
1 463 0 1 497 1 463 0
1 463 0 1 497 1 463 0
1 463 0 1 497 1 463 0
1 463 0 1 426 1 463 0
0 0 641 1 426 0 0 641
1 463 0 1 530 1 463 0
1 463 0 1 741 1 463 0
1 463 0 1 741 1 463 0
1 463 0 1 741 1 463 0
1 463 0 1 741 1 463 0
1 463 0 1 1015 1 463 0
1 463 0 1 1015 1 463 0
1 463 0 1 847 1 463 0
1 463 0 1 847 1 463 0
1 463 0 1 847 1 463 0
1 463 0 1 847 1 463 0
1 463 0 1 847 1 463 0
0 34 594 1 847 0 34 594
1 463 0 1 699 1 463 0
1 463 0 1 699 1 463 0
1 463 0 1 699 1 463 0
0 0 641 1 699 0 0 641
1 463 0 1 203 1 463 0
1 463 0 1 716 1 463 0
1 463 0 1 716 1 463 0
1 463 0 1 716 1 463 0
1 463 0 1 643 1 463 0
1 463 0 1 643 1 463 0
1 463 0 1 643 1 463 0
1 463 0 1 156 1 463 0
1 463 0 1 156 1 463 0
1 463 0 1 156 1 463 0
-1
2 30
0 1053 0 1 74 0 1053 0
0 1053 0 1 74 0 1053 0
0 1053 0 1 74 0 1053 0
0 1053 0 1 74 0 1053 0
0 1053 0 1 74 0 1053 0
0 1053 0 1 74 0 1053 0
1 0 1455 2 74 0 0 1455 454 1 0 0
0 1053 0 1 454 0 1053 0
0 1053 0 1 454 0 1053 0
0 1053 0 1 454 0 1053 0
0 1053 0 1 454 0 1053 0
0 1053 0 1 454 0 1053 0
0 1053 0 1 454 0 1053 0
0 1053 0 1 454 0 1053 0
0 1053 0 1 454 0 1053 0
0 125 1283 1 454 0 125 1283
0 1053 0 1 132 0 1053 0
0 1053 0 1 132 0 1053 0
0 1053 0 1 132 0 1053 0
0 1053 0 1 132 0 1053 0
0 1053 0 1 162 0 1053 0
0 1053 0 1 162 0 1053 0
0 1053 0 1 162 0 1053 0
0 1053 0 1 162 0 1053 0
0 1053 0 1 162 0 1053 0
0 1053 0 1 162 0 1053 0
0 1053 0 1 162 0 1053 0
0 1053 0 1 162 0 1053 0
0 1053 0 1 162 0 1053 0
0 1053 0 1 162 0 1053 0
-1
3 76
0 768 0 1 207 0 768 0
0 768 0 1 207 0 768 0
0 768 0 1 207 0 768 0
0 768 0 1 207 0 768 0
0 768 0 1 207 0 768 0
0 768 0 1 207 0 768 0
0 768 0 1 207 0 768 0
0 768 0 1 207 0 768 0
0 768 0 1 207 0 768 0
0 768 0 1 207 0 768 0
0 768 0 1 207 0 768 0
0 768 0 1 207 0 768 0
0 768 0 1 207 0 768 0
0 768 0 1 207 0 768 0
0 768 0 1 207 0 768 0
0 768 0 1 207 0 768 0
0 768 0 1 207 0 768 0
0 768 0 1 207 0 768 0
0 768 0 1 207 0 768 0
0 768 0 1 207 0 768 0
0 223 753 1 207 0 223 753
0 768 0 1 1052 0 768 0
0 768 0 1 1052 0 768 0
0 768 0 1 1052 0 768 0
0 768 0 1 1052 0 768 0
0 768 0 1 1052 0 768 0
0 768 0 1 1052 0 768 0
0 768 0 1 1052 0 768 0
0 768 0 1 1052 0 768 0
0 768 0 1 1052 0 768 0
0 768 0 1 1052 0 768 0
0 768 0 1 1052 0 768 0
0 768 0 1 1052 0 768 0
0 768 0 1 1052 0 768 0
0 768 0 1 1052 0 768 0
0 768 0 1 1052 0 768 0
0 768 0 1 1052 0 768 0
0 768 0 1 1052 0 768 0
0 3 1057 2 1052 0 0 1057 585 0 3 0
0 768 0 1 585 0 768 0
0 768 0 1 585 0 768 0
0 768 0 1 585 0 768 0
0 768 0 1 585 0 768 0
0 768 0 1 585 0 768 0
0 768 0 1 585 0 768 0
0 768 0 1 585 0 768 0
0 768 0 1 585 0 768 0
0 768 0 1 585 0 768 0
0 768 0 1 585 0 768 0
0 768 0 1 585 0 768 0
0 768 0 1 585 0 768 0
0 768 0 1 585 0 768 0
0 768 0 1 585 0 768 0
0 768 0 1 585 0 768 0
0 768 0 1 585 0 768 0
0 768 0 1 585 0 768 0
0 768 0 1 585 0 768 0
0 768 0 1 585 0 768 0
0 768 0 1 585 0 768 0
0 768 0 1 585 0 768 0
0 768 0 1 585 0 768 0
0 768 0 1 585 0 768 0
0 768 0 1 585 0 768 0
1 0 1061 2 585 0 0 1061 1199 1 0 0
1 0 1061 2 585 0 0 1061 1199 1 0 0
0 768 0 1 1199 0 768 0
0 768 0 1 1199 0 768 0
0 768 0 1 1199 0 768 0
1 0 1061 2 1199 0 0 1061 1088 1 0 0
1 0 1061 2 1199 0 0 1061 1088 1 0 0
1 752 21 2 1199 0 0 21 1088 1 752 0
0 768 0 1 1088 0 768 0
0 768 0 1 1088 0 768 0
0 768 0 1 1088 0 768 0
0 768 0 1 1088 0 768 0
0 768 0 1 1088 0 768 0
-1
4 58
0 506 0 1 281 0 506 0
0 506 0 1 281 0 506 0
0 506 0 1 281 0 506 0
0 506 0 1 281 0 506 0
0 506 0 1 281 0 506 0
0 506 0 1 281 0 506 0
0 506 0 1 281 0 506 0
0 506 0 1 281 0 506 0
0 506 0 1 281 0 506 0
0 506 0 1 281 0 506 0
0 506 0 1 281 0 506 0
0 506 0 1 281 0 506 0
0 506 0 1 281 0 506 0
0 506 0 1 281 0 506 0
0 506 0 1 281 0 506 0
0 506 0 1 281 0 506 0
0 506 0 1 281 0 506 0
0 506 0 1 281 0 506 0
0 506 0 1 281 0 506 0
0 506 0 1 281 0 506 0
0 506 0 1 281 0 506 0
0 506 0 1 281 0 506 0
0 506 0 1 281 0 506 0
0 506 0 1 281 0 506 0
0 506 0 1 281 0 506 0
0 506 0 1 281 0 506 0
0 506 0 1 281 0 506 0
0 506 0 1 281 0 506 0
0 506 0 1 583 0 506 0
0 506 0 1 583 0 506 0
0 506 0 1 583 0 506 0
0 506 0 1 583 0 506 0
0 506 0 1 1195 0 506 0
0 506 0 1 1195 0 506 0
0 506 0 1 1195 0 506 0
0 506 0 1 1195 0 506 0
0 506 0 1 1188 0 506 0
0 506 0 1 1188 0 506 0
0 506 0 1 1188 0 506 0
0 506 0 1 1188 0 506 0
0 506 0 1 1188 0 506 0
0 506 0 1 1188 0 506 0
0 506 0 1 1188 0 506 0
0 506 0 1 1188 0 506 0
0 506 0 1 1188 0 506 0
0 506 0 1 1188 0 506 0
0 506 0 1 1188 0 506 0
0 506 0 1 1188 0 506 0
0 506 0 1 1188 0 506 0
0 506 0 1 1188 0 506 0
0 506 0 1 1188 0 506 0
0 506 0 1 1188 0 506 0
0 506 0 1 1188 0 506 0
0 506 0 1 1188 0 506 0
0 506 0 1 1188 0 506 0
0 506 0 1 1188 0 506 0
0 506 0 1 1188 0 506 0
0 506 0 1 1188 0 506 0
-1
5 97
0 689 0 1 181 0 689 0
0 689 0 1 181 0 689 0
0 689 0 1 181 0 689 0
0 689 0 1 181 0 689 0
0 689 0 1 181 0 689 0
0 689 0 1 181 0 689 0
0 689 0 1 181 0 689 0
0 689 0 1 181 0 689 0
0 689 0 1 181 0 689 0
0 689 0 1 181 0 689 0
0 689 0 1 181 0 689 0
0 689 0 1 181 0 689 0
0 689 0 1 181 0 689 0
0 689 0 1 181 0 689 0
0 689 0 1 181 0 689 0
0 689 0 1 181 0 689 0
0 689 0 1 181 0 689 0
0 689 0 1 181 0 689 0
0 689 0 1 181 0 689 0
0 689 0 1 181 0 689 0
0 689 0 1 181 0 689 0
0 689 0 1 181 0 689 0
0 689 0 1 181 0 689 0
0 689 0 1 181 0 689 0
0 689 0 1 181 0 689 0
0 689 0 1 181 0 689 0
0 689 0 1 181 0 689 0
0 689 0 1 181 0 689 0
0 689 0 1 181 0 689 0
0 689 0 1 181 0 689 0
0 689 0 1 181 0 689 0
0 689 0 1 181 0 689 0
0 362 452 1 181 0 362 452
1 0 952 2 181 0 0 952 364 1 0 0
1 0 952 2 181 0 0 952 364 1 0 0
0 592 134 2 181 0 0 134 364 0 592 0
0 689 0 1 364 0 689 0
0 689 0 1 364 0 689 0
0 689 0 1 364 0 689 0
0 689 0 1 364 0 689 0
0 689 0 1 364 0 689 0
0 689 0 1 364 0 689 0
0 689 0 1 364 0 689 0
0 689 0 1 364 0 689 0
0 689 0 1 364 0 689 0
0 689 0 1 364 0 689 0
0 689 0 1 364 0 689 0
0 689 0 1 364 0 689 0
0 689 0 1 364 0 689 0
0 106 806 1 364 0 106 806
0 496 267 2 364 0 0 267 424 0 496 0
0 689 0 1 424 0 689 0
0 689 0 1 424 0 689 0
0 689 0 1 424 0 689 0
0 689 0 1 424 0 689 0
0 689 0 1 424 0 689 0
0 689 0 1 424 0 689 0
0 689 0 1 424 0 689 0
0 689 0 1 424 0 689 0
0 689 0 1 424 0 689 0
0 689 0 1 424 0 689 0
0 689 0 1 424 0 689 0
0 689 0 1 424 0 689 0
0 689 0 1 424 0 689 0
0 689 0 1 424 0 689 0
0 689 0 1 424 0 689 0
0 689 0 1 424 0 689 0
0 689 0 1 424 0 689 0
0 689 0 1 424 0 689 0
0 689 0 1 424 0 689 0
0 689 0 1 424 0 689 0
0 689 0 1 424 0 689 0
0 689 0 1 424 0 689 0
0 689 0 1 424 0 689 0
0 689 0 1 424 0 689 0
0 689 0 1 424 0 689 0
0 689 0 1 424 0 689 0
0 689 0 1 424 0 689 0
0 689 0 1 424 0 689 0
0 689 0 1 424 0 689 0
0 689 0 1 424 0 689 0
0 689 0 1 424 0 689 0
0 689 0 1 424 0 689 0
0 689 0 1 424 0 689 0
0 689 0 1 424 0 689 0
0 689 0 1 424 0 689 0
0 689 0 1 424 0 689 0
0 689 0 1 424 0 689 0
1 453 326 2 424 0 453 326 972 1 0 0
1 0 952 2 424 0 0 952 972 1 0 0
1 0 952 2 424 0 0 952 972 1 0 0
0 177 708 2 424 0 0 708 972 0 177 0
0 689 0 1 972 0 689 0
0 689 0 1 972 0 689 0
0 689 0 1 972 0 689 0
0 689 0 1 972 0 689 0
0 689 0 1 972 0 689 0
-1
6 32
2 382 0 1 74 2 382 0
2 382 0 1 74 2 382 0
2 382 0 1 74 2 382 0
2 382 0 1 74 2 382 0
2 382 0 1 74 2 382 0
2 382 0 1 74 2 382 0
1 205 245 2 74 0 0 245 318 1 205 0
2 382 0 1 318 2 382 0
2 382 0 1 318 2 382 0
2 382 0 1 318 2 382 0
2 382 0 1 318 2 382 0
2 382 0 1 318 2 382 0
2 382 0 1 318 2 382 0
2 382 0 1 318 2 382 0
2 382 0 1 318 2 382 0
2 382 0 1 605 2 382 0
2 382 0 1 605 2 382 0
2 382 0 1 605 2 382 0
2 382 0 1 605 2 382 0
2 382 0 1 605 2 382 0
2 382 0 1 605 2 382 0
2 382 0 1 605 2 382 0
2 382 0 1 605 2 382 0
2 382 0 1 605 2 382 0
2 382 0 1 605 2 382 0
2 382 0 1 605 2 382 0
0 0 529 1 605 0 0 529
2 382 0 1 225 2 382 0
2 382 0 1 225 2 382 0
2 382 0 1 225 2 382 0
2 382 0 1 225 2 382 0
2 382 0 1 225 2 382 0
-1
7 36
1 212 0 1 426 1 212 0
1 212 0 1 426 1 212 0
1 212 0 1 426 1 212 0
1 212 0 1 426 1 212 0
1 212 0 1 426 1 212 0
1 212 0 1 426 1 212 0
1 212 0 1 426 1 212 0
1 139 101 2 426 0 0 101 530 1 139 0
1 212 0 1 530 1 212 0
1 212 0 1 741 1 212 0
1 212 0 1 741 1 212 0
1 212 0 1 741 1 212 0
1 212 0 1 741 1 212 0
1 212 0 1 1015 1 212 0
1 212 0 1 1015 1 212 0
1 212 0 1 132 1 212 0
1 212 0 1 132 1 212 0
1 212 0 1 132 1 212 0
1 212 0 1 132 1 212 0
1 212 0 1 132 1 212 0
1 212 0 1 132 1 212 0
1 212 0 1 203 1 212 0
1 212 0 1 203 1 212 0
1 212 0 1 203 1 212 0
1 212 0 1 203 1 212 0
1 212 0 1 203 1 212 0
1 212 0 1 716 1 212 0
1 212 0 1 716 1 212 0
1 212 0 1 716 1 212 0
1 212 0 1 1152 1 212 0
1 212 0 1 1152 1 212 0
1 212 0 1 1152 1 212 0
1 212 0 1 1152 1 212 0
1 212 0 1 1152 1 212 0
1 212 0 1 1152 1 212 0
1 212 0 1 1152 1 212 0
-1
8 34
1 646 0 1 497 1 646 0
1 646 0 1 497 1 646 0
1 646 0 1 497 1 646 0
1 646 0 1 497 1 646 0
1 646 0 1 497 1 646 0
0 0 894 1 497 0 0 894
1 646 0 1 426 1 646 0
1 646 0 1 530 1 646 0
0 193 627 2 530 0 0 627 741 0 193 0
1 646 0 1 741 1 646 0
1 646 0 1 741 1 646 0
1 646 0 1 741 1 646 0
1 646 0 1 1015 1 646 0
1 646 0 1 1015 1 646 0
1 646 0 1 847 1 646 0
1 646 0 1 847 1 646 0
1 646 0 1 847 1 646 0
1 646 0 1 847 1 646 0
1 646 0 1 847 1 646 0
1 646 0 1 847 1 646 0
1 646 0 1 699 1 646 0
1 646 0 1 699 1 646 0
1 646 0 1 699 1 646 0
1 646 0 1 699 1 646 0
1 646 0 1 203 1 646 0
1 646 0 1 716 1 646 0
1 646 0 1 716 1 646 0
1 646 0 1 716 1 646 0
2 431 297 2 716 0 0 297 643 2 431 0
1 646 0 1 643 1 646 0
1 646 0 1 643 1 646 0
1 646 0 1 643 1 646 0
1 646 0 1 156 1 646 0
1 646 0 1 156 1 646 0
-1
9 33
0 402 0 1 419 0 402 0
0 402 0 1 419 0 402 0
0 402 0 1 419 0 402 0
0 402 0 1 419 0 402 0
0 402 0 1 419 0 402 0
0 402 0 1 426 0 402 0
0 402 0 1 426 0 402 0
0 402 0 1 530 0 402 0
0 402 0 1 530 0 402 0
0 402 0 1 741 0 402 0
0 402 0 1 741 0 402 0
0 402 0 1 741 0 402 0
0 48 489 1 741 0 48 489
0 402 0 1 1015 0 402 0
0 402 0 1 1015 0 402 0
0 402 0 1 613 0 402 0
0 402 0 1 613 0 402 0
0 402 0 1 613 0 402 0
0 402 0 1 613 0 402 0
0 402 0 1 613 0 402 0
0 402 0 1 613 0 402 0
0 402 0 1 613 0 402 0
0 402 0 1 613 0 402 0
0 402 0 1 613 0 402 0
0 402 0 1 613 0 402 0
1 0 555 2 613 0 0 555 203 1 0 0
0 402 0 1 873 0 402 0
0 402 0 1 873 0 402 0
0 402 0 1 873 0 402 0
0 402 0 1 873 0 402 0
0 273 178 1 873 0 273 178
0 402 0 1 1171 0 402 0
0 402 0 1 1171 0 402 0
-1
10 34
1 793 0 1 497 1 793 0
1 793 0 1 497 1 793 0
1 793 0 1 497 1 793 0
1 793 0 1 497 1 793 0
1 793 0 1 497 1 793 0
0 578 298 1 497 0 578 298
1 793 0 1 426 1 793 0
1 793 0 1 530 1 793 0
1 793 0 1 530 1 793 0
1 793 0 1 741 1 793 0
1 793 0 1 741 1 793 0
1 793 0 1 741 1 793 0
0 0 1097 1 741 0 0 1097
1 793 0 1 1015 1 793 0
1 294 690 2 1015 0 294 690 847 1 0 0
1 793 0 1 847 1 793 0
1 793 0 1 847 1 793 0
1 793 0 1 847 1 793 0
1 793 0 1 847 1 793 0
1 793 0 1 847 1 793 0
0 407 534 2 847 0 0 534 699 0 407 0
1 793 0 1 699 1 793 0
1 793 0 1 699 1 793 0
1 793 0 1 699 1 793 0
1 793 0 1 203 1 793 0
0 99 960 1 203 0 99 960
1 793 0 1 716 1 793 0
1 793 0 1 716 1 793 0
1 793 0 1 716 1 793 0
1 793 0 1 643 1 793 0
1 793 0 1 643 1 793 0
1 793 0 1 643 1 793 0
1 793 0 1 156 1 793 0
1 793 0 1 156 1 793 0
-1
11 46
1 895 0 1 296 1 895 0
1 895 0 1 296 1 895 0
1 895 0 1 296 1 895 0
1 895 0 1 296 1 895 0
1 895 0 1 296 1 895 0
1 895 0 1 296 1 895 0
1 895 0 1 296 1 895 0
1 895 0 1 296 1 895 0
1 895 0 1 296 1 895 0
1 895 0 1 296 1 895 0
1 895 0 1 296 1 895 0
1 895 0 1 296 1 895 0
1 895 0 1 296 1 895 0
1 895 0 1 296 1 895 0
1 895 0 1 296 1 895 0
1 895 0 1 296 1 895 0
1 895 0 1 296 1 895 0
1 895 0 1 296 1 895 0
1 895 0 1 296 1 895 0
1 895 0 1 296 1 895 0
1 895 0 1 296 1 895 0
1 895 0 1 296 1 895 0
1 895 0 1 296 1 895 0
1 895 0 1 296 1 895 0
1 357 744 2 296 0 357 744 668 1 0 0
1 895 0 1 668 1 895 0
1 895 0 1 668 1 895 0
1 895 0 1 668 1 895 0
1 895 0 1 668 1 895 0
1 895 0 1 668 1 895 0
1 895 0 1 668 1 895 0
1 895 0 1 668 1 895 0
1 895 0 1 668 1 895 0
1 895 0 1 668 1 895 0
1 895 0 1 668 1 895 0
1 895 0 1 668 1 895 0
1 895 0 1 668 1 895 0
1 895 0 1 668 1 895 0
1 895 0 1 668 1 895 0
0 508 536 1 668 0 508 536
1 895 0 1 501 1 895 0
1 895 0 1 501 1 895 0
1 895 0 1 501 1 895 0
1 895 0 1 501 1 895 0
1 895 0 1 501 1 895 0
1 895 0 1 501 1 895 0
-1
12 32
0 1038 0 1 190 0 1038 0
0 1038 0 1 190 0 1038 0
0 1038 0 1 190 0 1038 0
0 1038 0 1 190 0 1038 0
0 0 1435 1 190 0 0 1435
0 1038 0 1 798 0 1038 0
0 1038 0 1 798 0 1038 0
0 1038 0 1 798 0 1038 0
0 1038 0 1 1029 0 1038 0
0 1038 0 1 1029 0 1038 0
0 1038 0 1 1029 0 1038 0
0 1038 0 1 1029 0 1038 0
0 1038 0 1 1029 0 1038 0
0 1038 0 1 1029 0 1038 0
0 557 665 2 1029 0 0 665 1109 0 557 0
0 1038 0 1 1109 0 1038 0
0 1038 0 1 1109 0 1038 0
0 1038 0 1 1109 0 1038 0
0 1038 0 1 1109 0 1038 0
1 187 1176 2 1109 0 0 1176 806 1 187 0
0 1038 0 1 806 0 1038 0
0 1038 0 1 806 0 1038 0
0 1038 0 1 806 0 1038 0
0 1038 0 1 806 0 1038 0
0 1038 0 1 806 0 1038 0
0 0 1435 1 296 0 0 1435
0 1038 0 1 281 0 1038 0
0 0 1435 1 281 0 0 1435
0 1038 0 1 583 0 1038 0
0 1038 0 1 583 0 1038 0
0 1038 0 1 583 0 1038 0
0 0 1435 1 583 0 0 1435
-1
13 34
0 868 0 1 426 0 868 0
0 868 0 1 426 0 868 0
0 868 0 1 426 0 868 0
0 868 0 1 426 0 868 0
0 868 0 1 426 0 868 0
0 868 0 1 426 0 868 0
0 868 0 1 426 0 868 0
0 868 0 1 530 0 868 0
1 463 559 2 530 0 463 559 741 1 0 0
0 868 0 1 741 0 868 0
0 868 0 1 741 0 868 0
0 868 0 1 741 0 868 0
0 868 0 1 1015 0 868 0
0 868 0 1 1015 0 868 0
0 648 304 2 1015 0 0 304 132 0 648 0
0 868 0 1 132 0 868 0
0 868 0 1 132 0 868 0
0 868 0 1 132 0 868 0
0 868 0 1 132 0 868 0
0 868 0 1 132 0 868 0
1 81 1087 2 132 0 0 1087 203 1 81 0
0 868 0 1 203 0 868 0
0 868 0 1 203 0 868 0
0 868 0 1 203 0 868 0
0 868 0 1 203 0 868 0
0 868 0 1 716 0 868 0
0 868 0 1 716 0 868 0
0 868 0 1 716 0 868 0
0 0 1200 1 716 0 0 1200
0 868 0 1 1152 0 868 0
0 868 0 1 1152 0 868 0
0 868 0 1 1152 0 868 0
0 868 0 1 1152 0 868 0
0 868 0 1 1152 0 868 0
-1
14 36
1 863 0 1 46 1 863 0
1 863 0 1 46 1 863 0
1 863 0 1 46 1 863 0
1 863 0 1 46 1 863 0
1 863 0 1 46 1 863 0
1 863 0 1 46 1 863 0
1 863 0 1 46 1 863 0
1 863 0 1 46 1 863 0
1 863 0 1 46 1 863 0
1 863 0 1 46 1 863 0
1 863 0 1 46 1 863 0
0 0 1194 1 46 0 0 1194
1 863 0 1 634 1 863 0
1 863 0 1 634 1 863 0
1 863 0 1 634 1 863 0
1 863 0 1 634 1 863 0
1 863 0 1 634 1 863 0
0 573 402 2 634 0 0 402 26 0 573 0
1 863 0 1 26 1 863 0
1 863 0 1 26 1 863 0
1 863 0 1 26 1 863 0
1 863 0 1 26 1 863 0
1 863 0 1 26 1 863 0
1 863 0 1 626 1 863 0
1 863 0 1 626 1 863 0
1 863 0 1 626 1 863 0
1 863 0 1 626 1 863 0
1 863 0 1 626 1 863 0
1 863 0 1 626 1 863 0
0 0 1194 1 343 0 0 1194
1 863 0 1 643 1 863 0
1 863 0 1 643 1 863 0
1 863 0 1 1188 1 863 0
1 863 0 1 1188 1 863 0
1 863 0 1 1188 1 863 0
1 863 0 1 1188 1 863 0
-1
15 40
1 727 0 1 195 1 727 0
1 727 0 1 195 1 727 0
1 727 0 1 195 1 727 0
1 727 0 1 195 1 727 0
1 727 0 1 195 1 727 0
1 727 0 1 195 1 727 0
1 727 0 1 195 1 727 0
1 727 0 1 195 1 727 0
1 727 0 1 195 1 727 0
1 727 0 1 195 1 727 0
1 727 0 1 195 1 727 0
1 727 0 1 195 1 727 0
1 727 0 1 195 1 727 0
1 727 0 1 195 1 727 0
1 727 0 1 195 1 727 0
1 727 0 1 195 1 727 0
1 727 0 1 195 1 727 0
1 727 0 1 195 1 727 0
1 63 918 2 195 0 63 918 960 1 0 0
0 109 855 2 195 0 0 855 960 0 109 0
1 727 0 1 960 1 727 0
1 727 0 1 960 1 727 0
1 727 0 1 960 1 727 0
1 727 0 1 960 1 727 0
1 727 0 1 960 1 727 0
1 727 0 1 960 1 727 0
1 727 0 1 960 1 727 0
1 727 0 1 960 1 727 0
1 727 0 1 960 1 727 0
1 727 0 1 960 1 727 0
1 727 0 1 960 1 727 0
1 727 0 1 960 1 727 0
1 727 0 1 960 1 727 0
1 727 0 1 960 1 727 0
1 0 1005 2 960 0 0 1005 1018 1 0 0
1 727 0 1 1018 1 727 0
1 727 0 1 1018 1 727 0
1 727 0 1 1018 1 727 0
1 727 0 1 1018 1 727 0
1 727 0 1 1018 1 727 0
-1
16 35
1 448 0 1 426 1 448 0
1 448 0 1 426 1 448 0
1 448 0 1 426 1 448 0
1 448 0 1 426 1 448 0
1 448 0 1 426 1 448 0
1 448 0 1 426 1 448 0
1 448 0 1 426 1 448 0
1 448 0 1 530 1 448 0
1 448 0 1 530 1 448 0
1 448 0 1 741 1 448 0
1 448 0 1 741 1 448 0
1 448 0 1 741 1 448 0
1 287 223 2 741 0 0 223 1015 1 287 0
1 448 0 1 1015 1 448 0
0 0 620 1 1015 0 0 620
1 448 0 1 132 1 448 0
1 448 0 1 132 1 448 0
1 448 0 1 132 1 448 0
1 448 0 1 132 1 448 0
1 448 0 1 132 1 448 0
0 16 598 1 132 0 16 598
1 448 0 1 203 1 448 0
1 448 0 1 203 1 448 0
1 448 0 1 203 1 448 0
1 448 0 1 203 1 448 0
2 223 311 2 203 0 0 311 716 2 223 0
1 448 0 1 716 1 448 0
1 448 0 1 716 1 448 0
0 254 269 1 716 0 254 269
1 448 0 1 1152 1 448 0
1 448 0 1 1152 1 448 0
1 448 0 1 1152 1 448 0
1 448 0 1 1152 1 448 0
1 448 0 1 1152 1 448 0
1 448 0 1 1152 1 448 0
-1
17 34
1 429 0 1 497 1 429 0
1 429 0 1 497 1 429 0
1 429 0 1 497 1 429 0
1 429 0 1 497 1 429 0
1 429 0 1 497 1 429 0
1 429 0 1 497 1 429 0
1 429 0 1 426 1 429 0
1 429 0 1 530 1 429 0
1 429 0 1 530 1 429 0
1 429 0 1 741 1 429 0
1 429 0 1 741 1 429 0
1 429 0 1 741 1 429 0
0 0 594 1 741 0 0 594
1 429 0 1 1015 1 429 0
1 429 0 1 1015 1 429 0
1 429 0 1 847 1 429 0
1 429 0 1 847 1 429 0
1 429 0 1 847 1 429 0
1 429 0 1 847 1 429 0
1 429 0 1 847 1 429 0
0 0 594 1 847 0 0 594
1 429 0 1 699 1 429 0
1 429 0 1 699 1 429 0
1 429 0 1 699 1 429 0
1 212 300 2 699 0 0 300 203 1 212 0
1 429 0 1 203 1 429 0
1 429 0 1 716 1 429 0
1 429 0 1 716 1 429 0
1 429 0 1 716 1 429 0
1 429 0 1 643 1 429 0
1 429 0 1 643 1 429 0
1 429 0 1 643 1 429 0
1 429 0 1 156 1 429 0
1 429 0 1 156 1 429 0
-1
18 30
1 510 0 1 74 1 510 0
1 510 0 1 74 1 510 0
1 510 0 1 74 1 510 0
1 510 0 1 74 1 510 0
1 510 0 1 74 1 510 0
1 510 0 1 74 1 510 0
1 510 0 1 74 1 510 0
1 510 0 1 454 1 510 0
1 510 0 1 454 1 510 0
1 510 0 1 454 1 510 0
1 510 0 1 454 1 510 0
1 510 0 1 454 1 510 0
1 510 0 1 454 1 510 0
1 510 0 1 454 1 510 0
1 510 0 1 454 1 510 0
1 510 0 1 454 1 510 0
1 381 178 2 454 0 0 178 132 1 381 0
1 510 0 1 132 1 510 0
1 510 0 1 132 1 510 0
1 510 0 1 132 1 510 0
1 510 0 1 132 1 510 0
1 510 0 1 162 1 510 0
1 510 0 1 162 1 510 0
1 510 0 1 162 1 510 0
1 510 0 1 162 1 510 0
1 510 0 1 162 1 510 0
1 510 0 1 162 1 510 0
1 510 0 1 162 1 510 0
1 510 0 1 162 1 510 0
1 510 0 1 162 1 510 0
-1
19 40
0 255 0 1 195 0 255 0
0 255 0 1 195 0 255 0
0 255 0 1 195 0 255 0
0 255 0 1 195 0 255 0
0 255 0 1 195 0 255 0
0 255 0 1 195 0 255 0
0 255 0 1 195 0 255 0
0 255 0 1 195 0 255 0
0 255 0 1 195 0 255 0
0 255 0 1 195 0 255 0
0 255 0 1 195 0 255 0
0 255 0 1 195 0 255 0
0 255 0 1 195 0 255 0
0 255 0 1 195 0 255 0
0 255 0 1 195 0 255 0
0 255 0 1 195 0 255 0
0 255 0 1 195 0 255 0
0 255 0 1 195 0 255 0
1 0 352 2 195 0 0 352 960 1 0 0
0 255 0 1 960 0 255 0
0 255 0 1 960 0 255 0
0 255 0 1 960 0 255 0
0 255 0 1 960 0 255 0
0 255 0 1 960 0 255 0
0 255 0 1 960 0 255 0
0 255 0 1 960 0 255 0
0 255 0 1 960 0 255 0
0 255 0 1 960 0 255 0
0 255 0 1 960 0 255 0
0 255 0 1 960 0 255 0
0 255 0 1 960 0 255 0
0 255 0 1 960 0 255 0
0 255 0 1 960 0 255 0
0 255 0 1 960 0 255 0
1 0 352 2 960 0 0 352 1018 1 0 0
0 255 0 1 1018 0 255 0
0 255 0 1 1018 0 255 0
0 255 0 1 1018 0 255 0
0 255 0 1 1018 0 255 0
0 255 0 1 1018 0 255 0
-1
20 33
0 1021 0 1 497 0 1021 0
0 1021 0 1 497 0 1021 0
0 1021 0 1 497 0 1021 0
0 1021 0 1 497 0 1021 0
0 1021 0 1 497 0 1021 0
1 222 1104 2 497 0 0 1104 426 1 222 0
0 851 235 1 426 0 851 235
0 1021 0 1 530 0 1021 0
0 1021 0 1 741 0 1021 0
0 1021 0 1 741 0 1021 0
0 1021 0 1 741 0 1021 0
0 1021 0 1 741 0 1021 0
0 1021 0 1 1015 0 1021 0
0 1021 0 1 1015 0 1021 0
0 1021 0 1 847 0 1021 0
0 1021 0 1 847 0 1021 0
0 1021 0 1 847 0 1021 0
0 1021 0 1 847 0 1021 0
0 1021 0 1 847 0 1021 0
0 1021 0 1 847 0 1021 0
0 1021 0 1 699 0 1021 0
0 1021 0 1 699 0 1021 0
0 1021 0 1 699 0 1021 0
0 658 502 1 699 0 658 502
0 1021 0 1 203 0 1021 0
0 1021 0 1 716 0 1021 0
0 1021 0 1 716 0 1021 0
0 1021 0 1 716 0 1021 0
0 1021 0 1 643 0 1021 0
0 1021 0 1 643 0 1021 0
0 1021 0 1 643 0 1021 0
1 248 1068 2 643 0 248 1068 156 1 0 0
0 1021 0 1 156 0 1021 0
-1
21 33
1 459 0 1 419 1 459 0
1 459 0 1 419 1 459 0
1 459 0 1 419 1 459 0
1 459 0 1 419 1 459 0
0 138 444 2 419 0 0 444 426 0 138 0
1 459 0 1 426 1 459 0
1 459 0 1 426 1 459 0
1 459 0 1 530 1 459 0
1 459 0 1 741 1 459 0
1 459 0 1 741 1 459 0
1 459 0 1 741 1 459 0
1 459 0 1 741 1 459 0
1 459 0 1 1015 1 459 0
1 459 0 1 1015 1 459 0
1 459 0 1 613 1 459 0
1 459 0 1 613 1 459 0
1 459 0 1 613 1 459 0
1 459 0 1 613 1 459 0
1 459 0 1 613 1 459 0
1 459 0 1 613 1 459 0
1 459 0 1 613 1 459 0
1 459 0 1 613 1 459 0
1 459 0 1 613 1 459 0
1 459 0 1 613 1 459 0
1 459 0 1 613 1 459 0
0 228 320 2 613 0 0 320 873 0 228 0
1 459 0 1 873 1 459 0
1 459 0 1 873 1 459 0
1 459 0 1 873 1 459 0
1 459 0 1 873 1 459 0
0 0 635 1 873 0 0 635
1 459 0 1 1171 1 459 0
1 459 0 1 1171 1 459 0
-1
22 67
0 572 0 1 1159 0 572 0
0 572 0 1 1159 0 572 0
0 572 0 1 1159 0 572 0
0 572 0 1 1159 0 572 0
0 572 0 1 1159 0 572 0
0 572 0 1 1159 0 572 0
0 572 0 1 1159 0 572 0
0 572 0 1 1159 0 572 0
0 572 0 1 1159 0 572 0
0 572 0 1 1159 0 572 0
0 572 0 1 1159 0 572 0
0 572 0 1 1159 0 572 0
0 572 0 1 1159 0 572 0
0 572 0 1 1159 0 572 0
0 572 0 1 1159 0 572 0
0 572 0 1 1159 0 572 0
0 572 0 1 1159 0 572 0
1 383 261 2 1159 0 383 261 873 1 0 0
0 0 791 1 1159 0 0 791
2 520 71 2 1159 0 0 71 873 2 520 0
0 572 0 1 873 0 572 0
0 572 0 1 873 0 572 0
0 572 0 1 873 0 572 0
0 572 0 1 873 0 572 0
0 572 0 1 873 0 572 0
0 572 0 1 873 0 572 0
0 572 0 1 873 0 572 0
0 572 0 1 873 0 572 0
0 572 0 1 873 0 572 0
0 572 0 1 873 0 572 0
0 572 0 1 873 0 572 0
0 572 0 1 997 0 572 0
0 572 0 1 997 0 572 0
0 572 0 1 997 0 572 0
0 572 0 1 997 0 572 0
0 572 0 1 997 0 572 0
0 572 0 1 997 0 572 0
0 572 0 1 997 0 572 0
0 572 0 1 997 0 572 0
0 572 0 1 997 0 572 0
0 572 0 1 997 0 572 0
0 572 0 1 997 0 572 0
0 572 0 1 997 0 572 0
0 572 0 1 997 0 572 0
0 572 0 1 997 0 572 0
0 572 0 1 997 0 572 0
0 572 0 1 997 0 572 0
0 572 0 1 997 0 572 0
0 572 0 1 997 0 572 0
0 572 0 1 997 0 572 0
0 572 0 1 997 0 572 0
0 572 0 1 997 0 572 0
0 572 0 1 997 0 572 0
0 572 0 1 997 0 572 0
0 572 0 1 997 0 572 0
0 572 0 1 997 0 572 0
0 572 0 1 997 0 572 0
0 572 0 1 997 0 572 0
0 572 0 1 997 0 572 0
0 572 0 1 997 0 572 0
0 161 568 1 997 0 161 568
0 0 791 1 997 0 0 791
0 209 502 2 997 0 0 502 225 0 209 0
0 572 0 1 225 0 572 0
0 572 0 1 225 0 572 0
0 572 0 1 225 0 572 0
0 572 0 1 225 0 572 0
-1
23 36
0 987 0 1 46 0 987 0
0 987 0 1 46 0 987 0
0 987 0 1 46 0 987 0
0 987 0 1 46 0 987 0
0 987 0 1 46 0 987 0
0 987 0 1 46 0 987 0
0 987 0 1 46 0 987 0
0 987 0 1 46 0 987 0
0 987 0 1 46 0 987 0
0 987 0 1 46 0 987 0
0 987 0 1 46 0 987 0
0 58 1284 1 46 0 58 1284
0 987 0 1 634 0 987 0
0 987 0 1 634 0 987 0
0 987 0 1 634 0 987 0
0 987 0 1 634 0 987 0
0 987 0 1 634 0 987 0
0 284 972 1 634 0 284 972
0 987 0 1 26 0 987 0
0 987 0 1 26 0 987 0
0 987 0 1 26 0 987 0
0 987 0 1 26 0 987 0
0 987 0 1 26 0 987 0
2 252 1015 2 26 0 0 1015 626 2 252 0
0 987 0 1 626 0 987 0
0 987 0 1 626 0 987 0
0 987 0 1 626 0 987 0
0 987 0 1 626 0 987 0
0 987 0 1 626 0 987 0
0 142 1168 2 626 0 0 772 343 0 142 396
0 987 0 1 643 0 987 0
0 987 0 1 643 0 987 0
0 375 846 2 643 0 0 846 1188 0 375 0
0 987 0 1 1188 0 987 0
0 987 0 1 1188 0 987 0
0 987 0 1 1188 0 987 0
-1
24 33
1 995 0 1 190 1 995 0
1 995 0 1 190 1 995 0
1 995 0 1 190 1 995 0
1 995 0 1 190 1 995 0
1 995 0 1 190 1 995 0
1 995 0 1 798 1 995 0
1 995 0 1 798 1 995 0
1 995 0 1 798 1 995 0
1 33 1330 2 798 0 0 1330 1029 1 33 0
1 995 0 1 1029 1 995 0
1 995 0 1 1029 1 995 0
1 995 0 1 1029 1 995 0
1 995 0 1 1029 1 995 0
1 995 0 1 1029 1 995 0
1 658 466 2 1029 0 658 466 1109 1 0 0
1 995 0 1 1109 1 995 0
1 995 0 1 1109 1 995 0
1 995 0 1 1109 1 995 0
1 995 0 1 1109 1 995 0
1 995 0 1 1109 1 995 0
1 995 0 1 806 1 995 0
1 995 0 1 806 1 995 0
1 995 0 1 806 1 995 0
1 995 0 1 806 1 995 0
1 995 0 1 806 1 995 0
0 723 377 1 806 0 723 377
1 995 0 1 281 1 995 0
1 995 0 1 281 1 995 0
1 995 0 1 583 1 995 0
1 995 0 1 583 1 995 0
1 995 0 1 583 1 995 0
1 995 0 1 583 1 995 0
1 995 0 1 1195 1 995 0
-1
25 58
1 308 0 1 1090 1 308 0
1 308 0 1 1090 1 308 0
1 308 0 1 1090 1 308 0
1 308 0 1 1090 1 308 0
1 308 0 1 1090 1 308 0
1 308 0 1 1090 1 308 0
1 308 0 1 1090 1 308 0
1 308 0 1 1090 1 308 0
1 308 0 1 1090 1 308 0
1 308 0 1 1090 1 308 0
1 308 0 1 1090 1 308 0
1 308 0 1 1090 1 308 0
1 308 0 1 1090 1 308 0
1 308 0 1 1090 1 308 0
1 308 0 1 1090 1 308 0
1 308 0 1 1090 1 308 0
0 0 426 1 1090 0 0 426
1 308 0 1 207 1 308 0
1 308 0 1 207 1 308 0
1 308 0 1 207 1 308 0
1 308 0 1 207 1 308 0
0 9 414 2 207 0 0 414 20 0 9 0
1 308 0 1 20 1 308 0
1 308 0 1 20 1 308 0
1 308 0 1 20 1 308 0
1 308 0 1 20 1 308 0
1 308 0 1 20 1 308 0
1 308 0 1 20 1 308 0
1 308 0 1 20 1 308 0
1 308 0 1 20 1 308 0
1 308 0 1 20 1 308 0
1 308 0 1 20 1 308 0
1 308 0 1 20 1 308 0
0 0 426 1 20 0 0 426
1 308 0 1 1052 1 308 0
1 308 0 1 1052 1 308 0
1 308 0 1 1052 1 308 0
1 308 0 1 1052 1 308 0
0 0 426 1 1052 0 0 426
1 308 0 1 1199 1 308 0
1 308 0 1 1199 1 308 0
1 308 0 1 1199 1 308 0
1 308 0 1 1199 1 308 0
1 308 0 1 1199 1 308 0
1 308 0 1 1199 1 308 0
1 308 0 1 1199 1 308 0
1 308 0 1 1199 1 308 0
1 308 0 1 1199 1 308 0
1 308 0 1 1199 1 308 0
1 308 0 1 1199 1 308 0
1 308 0 1 1199 1 308 0
1 308 0 1 1199 1 308 0
1 308 0 1 1199 1 308 0
1 308 0 1 1199 1 308 0
1 308 0 1 1199 1 308 0
1 308 0 1 1199 1 308 0
1 308 0 1 1199 1 308 0
1 308 0 1 1199 1 308 0
-1
26 38
1 774 0 1 343 1 774 0
1 774 0 1 343 1 774 0
1 774 0 1 343 1 774 0
1 774 0 1 343 1 774 0
1 774 0 1 343 1 774 0
1 774 0 1 343 1 774 0
1 774 0 1 343 1 774 0
1 774 0 1 343 1 774 0
1 774 0 1 343 1 774 0
1 774 0 1 343 1 774 0
1 774 0 1 343 1 774 0
1 774 0 1 343 1 774 0
1 774 0 1 343 1 774 0
1 774 0 1 343 1 774 0
1 774 0 1 343 1 774 0
1 774 0 1 343 1 774 0
1 774 0 1 343 1 774 0
1 774 0 1 343 1 774 0
1 774 0 1 343 1 774 0
1 774 0 1 343 1 774 0
1 774 0 1 343 1 774 0
1 774 0 1 343 1 774 0
1 774 0 1 343 1 774 0
1 774 0 1 343 1 774 0
1 774 0 1 343 1 774 0
1 774 0 1 343 1 774 0
1 774 0 1 343 1 774 0
1 774 0 1 343 1 774 0
1 774 0 1 343 1 774 0
1 106 923 2 343 0 0 923 960 1 106 0
1 774 0 1 960 1 774 0
1 774 0 1 960 1 774 0
1 774 0 1 960 1 774 0
0 519 353 1 960 0 519 353
1 587 258 2 960 0 0 258 1195 1 587 0
1 457 438 2 1195 0 0 438 1018 1 457 0
1 774 0 1 1018 1 774 0
1 774 0 1 1018 1 774 0
-1
27 32
0 355 0 1 190 0 355 0
0 355 0 1 190 0 355 0
0 355 0 1 190 0 355 0
0 355 0 1 190 0 355 0
1 281 102 2 190 0 0 102 798 1 281 0
0 355 0 1 798 0 355 0
0 355 0 1 798 0 355 0
0 355 0 1 798 0 355 0
0 355 0 1 1029 0 355 0
0 355 0 1 1029 0 355 0
0 355 0 1 1029 0 355 0
0 355 0 1 1029 0 355 0
0 355 0 1 1029 0 355 0
0 355 0 1 1029 0 355 0
0 355 0 1 1109 0 355 0
0 355 0 1 1109 0 355 0
0 355 0 1 1109 0 355 0
0 355 0 1 1109 0 355 0
0 355 0 1 1109 0 355 0
0 355 0 1 806 0 355 0
0 355 0 1 806 0 355 0
0 355 0 1 806 0 355 0
0 355 0 1 806 0 355 0
0 355 0 1 806 0 355 0
0 355 0 1 806 0 355 0
0 174 250 2 296 0 0 250 281 0 174 0
0 355 0 1 281 0 355 0
0 0 491 1 281 0 0 491
0 355 0 1 583 0 355 0
0 355 0 1 583 0 355 0
0 355 0 1 583 0 355 0
1 58 410 2 583 0 0 410 1195 1 58 0
-1
28 33
0 470 0 1 190 0 470 0
0 470 0 1 190 0 470 0
0 470 0 1 190 0 470 0
0 470 0 1 190 0 470 0
0 470 0 1 190 0 470 0
0 470 0 1 798 0 470 0
0 470 0 1 798 0 470 0
0 470 0 1 798 0 470 0
1 435 48 2 798 0 435 48 1029 1 0 0
0 470 0 1 1029 0 470 0
0 470 0 1 1029 0 470 0
0 470 0 1 1029 0 470 0
0 470 0 1 1029 0 470 0
0 470 0 1 1029 0 470 0
0 470 0 1 1029 0 470 0
0 470 0 1 1109 0 470 0
0 470 0 1 1109 0 470 0
0 470 0 1 1109 0 470 0
0 470 0 1 1109 0 470 0
0 470 0 1 1109 0 470 0
0 470 0 1 806 0 470 0
0 470 0 1 806 0 470 0
0 470 0 1 806 0 470 0
0 470 0 1 806 0 470 0
0 470 0 1 806 0 470 0
0 470 0 1 806 0 470 0
0 470 0 1 281 0 470 0
0 470 0 1 281 0 470 0
0 379 126 2 281 0 0 126 583 0 379 0
0 470 0 1 583 0 470 0
0 470 0 1 583 0 470 0
0 470 0 1 583 0 470 0
0 470 0 1 1195 0 470 0
-1
29 34
1 842 0 1 419 1 842 0
1 842 0 1 419 1 842 0
1 842 0 1 419 1 842 0
1 842 0 1 419 1 842 0
1 842 0 1 419 1 842 0
1 842 0 1 426 1 842 0
1 842 0 1 426 1 842 0
1 0 1164 2 426 0 0 1164 530 1 0 0
1 842 0 1 530 1 842 0
1 842 0 1 741 1 842 0
1 842 0 1 741 1 842 0
1 842 0 1 741 1 842 0
1 842 0 1 741 1 842 0
1 842 0 1 1015 1 842 0
1 842 0 1 1015 1 842 0
1 842 0 1 613 1 842 0
1 842 0 1 613 1 842 0
1 842 0 1 613 1 842 0
1 842 0 1 613 1 842 0
1 842 0 1 613 1 842 0
1 842 0 1 613 1 842 0
1 842 0 1 613 1 842 0
1 842 0 1 613 1 842 0
1 842 0 1 613 1 842 0
1 842 0 1 613 1 842 0
0 127 989 1 613 0 127 989
1 842 0 1 873 1 842 0
1 842 0 1 873 1 842 0
1 842 0 1 873 1 842 0
1 842 0 1 873 1 842 0
1 842 0 1 873 1 842 0
1 633 289 2 873 0 0 289 1171 1 633 0
1 842 0 1 1171 1 842 0
1 842 0 1 1171 1 842 0
-1
30 34
0 600 0 1 419 0 600 0
0 600 0 1 419 0 600 0
0 600 0 1 419 0 600 0
0 600 0 1 419 0 600 0
0 74 727 1 419 0 74 727
0 600 0 1 426 0 600 0
0 600 0 1 426 0 600 0
0 600 0 1 530 0 600 0
0 600 0 1 741 0 600 0
0 600 0 1 741 0 600 0
0 600 0 1 741 0 600 0
0 600 0 1 741 0 600 0
0 600 0 1 1015 0 600 0
0 600 0 1 1015 0 600 0
0 600 0 1 613 0 600 0
0 600 0 1 613 0 600 0
0 600 0 1 613 0 600 0
0 600 0 1 613 0 600 0
0 600 0 1 613 0 600 0
0 600 0 1 613 0 600 0
0 600 0 1 613 0 600 0
0 600 0 1 613 0 600 0
0 600 0 1 613 0 600 0
0 600 0 1 613 0 600 0
0 600 0 1 613 0 600 0
0 0 829 1 613 0 0 829
0 600 0 1 873 0 600 0
0 600 0 1 873 0 600 0
0 600 0 1 873 0 600 0
0 600 0 1 873 0 600 0
0 0 829 1 873 0 0 829
0 600 0 1 1171 0 600 0
0 600 0 1 1171 0 600 0
0 600 0 1 1171 0 600 0
-1
31 41
1 244 0 1 195 1 244 0
1 244 0 1 195 1 244 0
1 244 0 1 195 1 244 0
1 244 0 1 195 1 244 0
1 244 0 1 195 1 244 0
1 244 0 1 195 1 244 0
1 244 0 1 195 1 244 0
1 244 0 1 195 1 244 0
1 244 0 1 195 1 244 0
1 244 0 1 195 1 244 0
1 244 0 1 195 1 244 0
1 244 0 1 195 1 244 0
1 244 0 1 195 1 244 0
1 244 0 1 195 1 244 0
1 244 0 1 195 1 244 0
1 244 0 1 195 1 244 0
1 244 0 1 195 1 244 0
1 244 0 1 195 1 244 0
0 0 338 1 195 0 0 338
1 244 0 1 960 1 244 0
1 244 0 1 960 1 244 0
1 244 0 1 960 1 244 0
1 244 0 1 960 1 244 0
1 244 0 1 960 1 244 0
1 244 0 1 960 1 244 0
1 244 0 1 960 1 244 0
1 244 0 1 960 1 244 0
1 244 0 1 960 1 244 0
1 244 0 1 960 1 244 0
1 244 0 1 960 1 244 0
1 244 0 1 960 1 244 0
1 244 0 1 960 1 244 0
1 244 0 1 960 1 244 0
1 244 0 1 960 1 244 0
0 0 338 1 960 0 0 338
1 244 0 1 1018 1 244 0
1 244 0 1 1018 1 244 0
1 244 0 1 1018 1 244 0
1 244 0 1 1018 1 244 0
1 244 0 1 1018 1 244 0
1 244 0 1 1018 1 244 0
-1
32 46
0 1023 0 1 752 0 1023 0
0 1023 0 1 752 0 1023 0
0 1023 0 1 752 0 1023 0
0 1023 0 1 752 0 1023 0
0 1023 0 1 752 0 1023 0
0 1023 0 1 752 0 1023 0
0 1023 0 1 752 0 1023 0
0 1023 0 1 752 0 1023 0
0 1023 0 1 752 0 1023 0
0 1023 0 1 752 0 1023 0
0 1023 0 1 752 0 1023 0
0 1023 0 1 752 0 1023 0
0 1023 0 1 752 0 1023 0
0 1023 0 1 752 0 1023 0
0 1023 0 1 752 0 1023 0
0 1023 0 1 752 0 1023 0
0 1023 0 1 752 0 1023 0
0 1023 0 1 752 0 1023 0
0 1023 0 1 752 0 1023 0
0 1023 0 1 752 0 1023 0
0 1023 0 1 752 0 1023 0
0 1023 0 1 752 0 1023 0
0 291 1012 1 752 0 291 1012
1 0 1414 2 752 0 0 1414 806 1 0 0
0 946 107 2 752 0 0 107 806 0 946 0
0 551 653 2 806 0 0 653 203 0 551 0
0 1023 0 1 281 0 1023 0
0 702 444 1 281 0 702 444
0 1023 0 1 583 0 1023 0
0 1023 0 1 583 0 1023 0
0 1023 0 1 583 0 1023 0
0 755 371 1 583 0 755 371
0 1023 0 1 1195 0 1023 0
0 1023 0 1 1195 0 1023 0
0 1023 0 1 1195 0 1023 0
0 550 654 1 1195 0 550 654
0 1023 0 1 668 0 1023 0
0 1023 0 1 668 0 1023 0
0 1023 0 1 668 0 1023 0
0 1023 0 1 668 0 1023 0
0 33 1369 2 668 0 0 1369 501 0 33 0
0 1023 0 1 501 0 1023 0
0 1023 0 1 501 0 1023 0
0 1023 0 1 501 0 1023 0
0 1023 0 1 501 0 1023 0
0 1023 0 1 501 0 1023 0
-1
33 33
1 478 0 1 74 1 478 0
1 478 0 1 74 1 478 0
1 478 0 1 74 1 478 0
1 478 0 1 74 1 478 0
1 478 0 1 74 1 478 0
1 478 0 1 74 1 478 0
1 478 0 1 74 1 478 0
1 478 0 1 318 1 478 0
1 478 0 1 318 1 478 0
1 478 0 1 318 1 478 0
1 478 0 1 318 1 478 0
1 478 0 1 318 1 478 0
1 478 0 1 318 1 478 0
1 478 0 1 318 1 478 0
1 478 0 1 318 1 478 0
0 37 610 1 318 0 37 610
1 478 0 1 605 1 478 0
1 478 0 1 605 1 478 0
1 478 0 1 605 1 478 0
1 478 0 1 605 1 478 0
1 478 0 1 605 1 478 0
1 478 0 1 605 1 478 0
1 478 0 1 605 1 478 0
1 478 0 1 605 1 478 0
1 478 0 1 605 1 478 0
1 478 0 1 605 1 478 0
0 368 153 1 605 0 368 153
0 415 88 2 605 0 0 88 225 0 415 0
1 478 0 1 225 1 478 0
1 478 0 1 225 1 478 0
1 478 0 1 225 1 478 0
1 478 0 1 225 1 478 0
1 478 0 1 225 1 478 0
-1
34 35
0 523 0 1 46 0 523 0
0 523 0 1 46 0 523 0
0 523 0 1 46 0 523 0
0 523 0 1 46 0 523 0
0 523 0 1 46 0 523 0
0 523 0 1 46 0 523 0
0 523 0 1 46 0 523 0
0 523 0 1 46 0 523 0
0 523 0 1 46 0 523 0
0 523 0 1 46 0 523 0
0 523 0 1 46 0 523 0
0 212 430 2 46 0 0 430 634 0 212 0
0 523 0 1 634 0 523 0
0 523 0 1 634 0 523 0
0 523 0 1 634 0 523 0
0 523 0 1 634 0 523 0
0 523 0 1 634 0 523 0
0 523 0 1 26 0 523 0
0 523 0 1 26 0 523 0
0 523 0 1 26 0 523 0
0 523 0 1 26 0 523 0
0 523 0 1 26 0 523 0
0 238 394 1 26 0 238 394
0 523 0 1 626 0 523 0
0 523 0 1 626 0 523 0
0 523 0 1 626 0 523 0
0 523 0 1 626 0 523 0
0 523 0 1 626 0 523 0
0 35 675 1 626 0 35 675
0 523 0 1 643 0 523 0
0 523 0 1 643 0 523 0
0 523 0 1 643 0 523 0
0 523 0 1 1188 0 523 0
0 523 0 1 1188 0 523 0
0 523 0 1 1188 0 523 0
-1
35 79
1 231 0 1 207 1 231 0
1 231 0 1 207 1 231 0
1 231 0 1 207 1 231 0
1 231 0 1 207 1 231 0
1 231 0 1 207 1 231 0
1 231 0 1 207 1 231 0
1 231 0 1 207 1 231 0
1 231 0 1 207 1 231 0
1 231 0 1 207 1 231 0
1 231 0 1 207 1 231 0
1 231 0 1 207 1 231 0
1 231 0 1 207 1 231 0
1 231 0 1 207 1 231 0
1 231 0 1 207 1 231 0
1 231 0 1 207 1 231 0
1 231 0 1 207 1 231 0
1 231 0 1 207 1 231 0
1 231 0 1 207 1 231 0
1 231 0 1 207 1 231 0
1 231 0 1 207 1 231 0
1 231 0 1 207 1 231 0
0 0 320 1 207 0 0 320
1 231 0 1 1052 1 231 0
1 231 0 1 1052 1 231 0
1 231 0 1 1052 1 231 0
1 231 0 1 1052 1 231 0
1 231 0 1 1052 1 231 0
1 231 0 1 1052 1 231 0
1 231 0 1 1052 1 231 0
1 231 0 1 1052 1 231 0
1 231 0 1 1052 1 231 0
1 231 0 1 1052 1 231 0
1 231 0 1 1052 1 231 0
1 231 0 1 1052 1 231 0
1 231 0 1 1052 1 231 0
1 231 0 1 1052 1 231 0
1 231 0 1 1052 1 231 0
1 231 0 1 1052 1 231 0
1 231 0 1 1052 1 231 0
1 231 0 1 585 1 231 0
1 231 0 1 585 1 231 0
1 231 0 1 585 1 231 0
1 231 0 1 585 1 231 0
1 231 0 1 585 1 231 0
1 231 0 1 585 1 231 0
1 231 0 1 585 1 231 0
1 231 0 1 585 1 231 0
1 231 0 1 585 1 231 0
1 231 0 1 585 1 231 0
1 231 0 1 585 1 231 0
1 231 0 1 585 1 231 0
1 231 0 1 585 1 231 0
1 231 0 1 585 1 231 0
1 231 0 1 585 1 231 0
1 231 0 1 585 1 231 0
1 231 0 1 585 1 231 0
1 231 0 1 585 1 231 0
1 231 0 1 585 1 231 0
1 231 0 1 585 1 231 0
1 231 0 1 585 1 231 0
1 231 0 1 585 1 231 0
1 231 0 1 585 1 231 0
1 231 0 1 585 1 231 0
0 81 208 1 585 0 81 208
0 0 320 1 585 0 0 320
0 213 26 2 585 0 0 26 1199 0 213 0
1 231 0 1 1199 1 231 0
1 231 0 1 1199 1 231 0
0 163 95 1 1199 0 163 95
0 0 320 1 1199 0 0 320
0 0 320 1 1199 0 0 320
1 231 0 1 1088 1 231 0
1 231 0 1 1088 1 231 0
1 231 0 1 1088 1 231 0
1 231 0 1 1088 1 231 0
1 231 0 1 1088 1 231 0
1 231 0 1 1088 1 231 0
1 231 0 1 1088 1 231 0
1 231 0 1 1088 1 231 0
-1
36 34
0 402 0 1 497 0 402 0
0 402 0 1 497 0 402 0
0 402 0 1 497 0 402 0
0 402 0 1 497 0 402 0
0 402 0 1 497 0 402 0
0 402 0 1 497 0 402 0
0 402 0 1 426 0 402 0
0 402 0 1 530 0 402 0
0 402 0 1 530 0 402 0
0 402 0 1 741 0 402 0
0 402 0 1 741 0 402 0
0 402 0 1 741 0 402 0
1 0 555 2 741 0 0 555 1015 1 0 0
0 402 0 1 1015 0 402 0
0 402 0 1 1015 0 402 0
0 402 0 1 847 0 402 0
0 402 0 1 847 0 402 0
0 402 0 1 847 0 402 0
0 402 0 1 847 0 402 0
0 402 0 1 847 0 402 0
1 0 555 2 847 0 0 555 699 1 0 0
0 402 0 1 699 0 402 0
0 402 0 1 699 0 402 0
0 402 0 1 699 0 402 0
0 402 0 1 203 0 402 0
0 402 0 1 203 0 402 0
0 402 0 1 716 0 402 0
0 402 0 1 716 0 402 0
0 402 0 1 716 0 402 0
0 402 0 1 643 0 402 0
0 402 0 1 643 0 402 0
0 402 0 1 643 0 402 0
0 402 0 1 156 0 402 0
0 402 0 1 156 0 402 0
-1
37 34
0 1036 0 1 190 0 1036 0
0 1036 0 1 190 0 1036 0
0 1036 0 1 190 0 1036 0
0 1036 0 1 190 0 1036 0
0 720 437 1 190 0 720 437
0 1036 0 1 798 0 1036 0
0 1036 0 1 798 0 1036 0
0 1036 0 1 798 0 1036 0
0 1036 0 1 1029 0 1036 0
0 1036 0 1 1029 0 1036 0
0 1036 0 1 1029 0 1036 0
0 1036 0 1 1029 0 1036 0
0 1036 0 1 1029 0 1036 0
0 1036 0 1 1029 0 1036 0
0 0 1432 1 1029 0 0 1432
0 1036 0 1 1109 0 1036 0
0 1036 0 1 1109 0 1036 0
0 1036 0 1 1109 0 1036 0
0 1036 0 1 1109 0 1036 0
0 410 865 1 1109 0 410 865
0 1036 0 1 806 0 1036 0
0 1036 0 1 806 0 1036 0
0 1036 0 1 806 0 1036 0
0 1036 0 1 806 0 1036 0
0 1036 0 1 806 0 1036 0
0 0 1432 1 806 0 0 1432
0 1036 0 1 281 0 1036 0
0 1036 0 1 281 0 1036 0
0 1036 0 1 583 0 1036 0
0 1036 0 1 583 0 1036 0
0 1036 0 1 583 0 1036 0
0 1036 0 1 583 0 1036 0
0 1036 0 1 1195 0 1036 0
0 1036 0 1 1195 0 1036 0
-1
38 57
0 938 0 1 1090 0 938 0
0 938 0 1 1090 0 938 0
0 938 0 1 1090 0 938 0
0 938 0 1 1090 0 938 0
0 938 0 1 1090 0 938 0
0 938 0 1 1090 0 938 0
0 938 0 1 1090 0 938 0
0 938 0 1 1090 0 938 0
0 938 0 1 1090 0 938 0
0 938 0 1 1090 0 938 0
0 938 0 1 1090 0 938 0
0 938 0 1 1090 0 938 0
0 938 0 1 1090 0 938 0
0 938 0 1 1090 0 938 0
0 938 0 1 1090 0 938 0
0 938 0 1 1090 0 938 0
0 28 1258 1 1090 0 28 1258
1 550 536 2 1090 0 0 536 207 1 550 0
0 938 0 1 207 0 938 0
0 938 0 1 207 0 938 0
0 938 0 1 207 0 938 0
0 0 1297 1 207 0 0 1297
0 938 0 1 20 0 938 0
0 938 0 1 20 0 938 0
0 938 0 1 20 0 938 0
0 938 0 1 20 0 938 0
0 938 0 1 20 0 938 0
0 938 0 1 20 0 938 0
0 938 0 1 20 0 938 0
0 938 0 1 20 0 938 0
0 938 0 1 20 0 938 0
0 938 0 1 20 0 938 0
0 938 0 1 20 0 938 0
1 233 974 2 20 0 233 974 1052 1 0 0
0 829 151 2 20 0 0 151 1052 0 829 0
0 938 0 1 1052 0 938 0
0 938 0 1 1052 0 938 0
0 938 0 1 1052 0 938 0
1 233 974 2 1052 0 233 974 1199 1 0 0
0 938 0 1 1199 0 938 0
0 938 0 1 1199 0 938 0
0 938 0 1 1199 0 938 0
0 938 0 1 1199 0 938 0
0 938 0 1 1199 0 938 0
0 938 0 1 1199 0 938 0
0 938 0 1 1199 0 938 0
0 938 0 1 1199 0 938 0
0 938 0 1 1199 0 938 0
0 938 0 1 1199 0 938 0
0 938 0 1 1199 0 938 0
0 938 0 1 1199 0 938 0
0 938 0 1 1199 0 938 0
0 938 0 1 1199 0 938 0
0 938 0 1 1199 0 938 0
0 938 0 1 1199 0 938 0
0 938 0 1 1199 0 938 0
0 938 0 1 1199 0 938 0
-1
39 33
0 306 0 1 74 0 306 0
0 306 0 1 74 0 306 0
0 306 0 1 74 0 306 0
0 306 0 1 74 0 306 0
0 306 0 1 74 0 306 0
0 306 0 1 74 0 306 0
0 0 423 1 74 0 0 423
0 306 0 1 318 0 306 0
0 306 0 1 318 0 306 0
0 306 0 1 318 0 306 0
0 306 0 1 318 0 306 0
0 306 0 1 318 0 306 0
0 306 0 1 318 0 306 0
0 306 0 1 318 0 306 0
0 306 0 1 318 0 306 0
0 265 57 2 318 0 0 57 605 0 265 0
0 306 0 1 605 0 306 0
0 306 0 1 605 0 306 0
0 306 0 1 605 0 306 0
0 306 0 1 605 0 306 0
0 306 0 1 605 0 306 0
0 306 0 1 605 0 306 0
0 306 0 1 605 0 306 0
0 306 0 1 605 0 306 0
0 306 0 1 605 0 306 0
0 306 0 1 605 0 306 0
0 0 423 1 605 0 0 423
0 306 0 1 225 0 306 0
0 306 0 1 225 0 306 0
0 306 0 1 225 0 306 0
0 306 0 1 225 0 306 0
0 306 0 1 225 0 306 0
0 306 0 1 225 0 306 0
-1
40 43
1 810 0 1 74 1 810 0
1 810 0 1 74 1 810 0
1 810 0 1 74 1 810 0
1 810 0 1 74 1 810 0
1 810 0 1 74 1 810 0
1 810 0 1 74 1 810 0
0 516 407 1 74 0 516 407
1 810 0 1 318 1 810 0
1 810 0 1 318 1 810 0
1 810 0 1 318 1 810 0
1 810 0 1 318 1 810 0
1 810 0 1 318 1 810 0
1 810 0 1 318 1 810 0
1 810 0 1 318 1 810 0
1 810 0 1 318 1 810 0
0 0 1120 1 318 0 0 1120
1 810 0 1 605 1 810 0
1 810 0 1 605 1 810 0
1 810 0 1 605 1 810 0
1 810 0 1 605 1 810 0
1 810 0 1 605 1 810 0
1 810 0 1 605 1 810 0
1 810 0 1 605 1 810 0
1 810 0 1 605 1 810 0
1 810 0 1 605 1 810 0
1 810 0 1 605 1 810 0
0 0 1120 1 605 0 0 1120
1 810 0 1 225 1 810 0
1 810 0 1 225 1 810 0
1 810 0 1 225 1 810 0
1 810 0 1 225 1 810 0
1 810 0 1 225 1 810 0
1 810 0 1 225 1 810 0
1 810 0 1 225 1 810 0
1 810 0 1 225 1 810 0
1 810 0 1 225 1 810 0
1 810 0 1 225 1 810 0
1 810 0 1 225 1 810 0
1 810 0 1 225 1 810 0
1 810 0 1 225 1 810 0
1 810 0 1 225 1 810 0
1 810 0 1 225 1 810 0
1 810 0 1 225 1 810 0
-1
