1 14
2 381 0 1 3 2 381 0
2 381 0 1 3 2 381 0
2 381 0 1 3 2 381 0
2 381 0 1 3 2 381 0
2 381 0 1 3 2 381 0
2 381 0 1 3 2 381 0
2 381 0 1 3 2 381 0
2 381 0 1 3 2 381 0
2 381 0 1 3 2 381 0
2 381 0 1 3 2 381 0
2 381 0 1 3 2 381 0
2 381 0 1 3 2 381 0
2 381 0 1 3 2 381 0
2 381 0 1 7 2 381 0
-1
2 14
1 320 0 1 3 1 320 0
1 320 0 1 3 1 320 0
1 320 0 1 3 1 320 0
1 320 0 1 3 1 320 0
1 320 0 1 3 1 320 0
1 320 0 1 3 1 320 0
1 320 0 1 3 1 320 0
1 320 0 1 3 1 320 0
1 320 0 1 3 1 320 0
1 320 0 1 3 1 320 0
1 320 0 1 3 1 320 0
1 320 0 1 3 1 320 0
2 301 162 2 3 0 0 162 10 2 301 0
1 320 0 1 10 1 320 0
-1
3 16
0 409 0 1 3 0 409 0
0 409 0 1 3 0 409 0
0 409 0 1 3 0 409 0
0 409 0 1 3 0 409 0
0 409 0 1 3 0 409 0
0 409 0 1 3 0 409 0
0 409 0 1 3 0 409 0
0 409 0 1 3 0 409 0
0 409 0 1 3 0 409 0
0 409 0 1 3 0 409 0
0 409 0 1 3 0 409 0
0 409 0 1 3 0 409 0
0 283 1098 1 3 0 283 1098
0 409 0 1 7 0 409 0
0 409 0 1 7 0 409 0
0 409 0 1 7 0 409 0
-1
4 16
0 108 1 1 3 0 108 1
0 108 1 1 3 0 108 1
0 108 1 1 3 0 108 1
0 108 1 1 3 0 108 1
0 108 1 1 3 0 108 1
0 108 1 1 3 0 108 1
0 108 1 1 3 0 108 1
0 108 1 1 3 0 108 1
0 108 1 1 3 0 108 1
0 108 1 1 3 0 108 1
0 108 1 1 3 0 108 1
0 108 1 1 3 0 108 1
0 0 942 1 3 0 0 942
0 108 1 1 7 0 108 1
0 108 1 1 7 0 108 1
0 108 1 1 7 0 108 1
-1
5 17
1 392 1 1 3 1 392 1
1 392 1 1 3 1 392 1
1 392 1 1 3 1 392 1
1 392 1 1 3 1 392 1
1 392 1 1 3 1 392 1
1 392 1 1 3 1 392 1
1 392 1 1 3 1 392 1
1 392 1 1 3 1 392 1
1 392 1 1 3 1 392 1
1 392 1 1 3 1 392 1
1 392 1 1 3 1 392 1
1 392 1 1 3 1 392 1
1 392 1 1 10 1 392 1
1 392 1 1 10 1 392 1
1 392 1 1 10 1 392 1
1 392 1 1 10 1 392 1
1 392 1 1 10 1 392 1
-1
