1 46
30 225 0 1 116 30 225 0
30 225 0 1 116 30 225 0
30 225 0 1 116 30 225 0
30 225 0 1 87 30 225 0
30 225 0 1 87 30 225 0
30 225 0 1 87 30 225 0
30 225 0 1 16 30 225 0
30 225 0 1 16 30 225 0
30 225 0 1 16 30 225 0
30 225 0 1 64 30 225 0
30 225 0 1 64 30 225 0
30 225 0 1 127 30 225 0
30 225 0 1 127 30 225 0
30 225 0 1 127 30 225 0
0 202 236 1 127 0 202 236
30 225 0 1 152 30 225 0
30 225 0 1 152 30 225 0
30 225 0 1 152 30 225 0
30 225 0 1 85 30 225 0
30 225 0 1 85 30 225 0
30 225 0 1 85 30 225 0
30 225 0 1 85 30 225 0
30 225 0 1 65 30 225 0
30 225 0 1 65 30 225 0
30 225 0 1 65 30 225 0
30 225 0 1 65 30 225 0
30 225 0 1 162 30 225 0
30 225 0 1 162 30 225 0
30 225 0 1 162 30 225 0
0 218 76 2 162 0 0 76 122 0 218 0
30 225 0 1 122 30 225 0
30 225 0 1 122 30 225 0
30 225 0 1 122 30 225 0
30 225 0 1 123 30 225 0
30 225 0 1 123 30 225 0
30 225 0 1 123 30 225 0
30 225 0 1 160 30 225 0
30 225 0 1 160 30 225 0
30 225 0 1 160 30 225 0
30 225 0 1 171 30 225 0
30 225 0 1 171 30 225 0
30 225 0 1 171 30 225 0
30 225 0 1 107 30 225 0
30 225 0 1 107 30 225 0
30 225 0 1 107 30 225 0
30 225 0 1 107 30 225 0
-1
2 46
20 240 0 1 116 20 240 0
20 240 0 1 116 20 240 0
20 240 0 1 116 20 240 0
20 240 0 1 87 20 240 0
20 240 0 1 87 20 240 0
20 240 0 1 87 20 240 0
20 240 0 1 16 20 240 0
20 240 0 1 16 20 240 0
20 240 0 1 16 20 240 0
20 240 0 1 64 20 240 0
20 240 0 1 64 20 240 0
20 240 0 1 64 20 240 0
20 240 0 1 127 20 240 0
20 240 0 1 127 20 240 0
20 240 0 1 127 20 240 0
20 240 0 1 152 20 240 0
20 240 0 1 152 20 240 0
20 240 0 1 152 20 240 0
20 240 0 1 152 20 240 0
20 240 0 1 85 20 240 0
20 240 0 1 85 20 240 0
20 240 0 1 85 20 240 0
20 240 0 1 65 20 240 0
20 240 0 1 65 20 240 0
20 240 0 1 65 20 240 0
20 240 0 1 65 20 240 0
20 240 0 1 162 20 240 0
20 240 0 1 162 20 240 0
20 240 0 1 162 20 240 0
20 240 0 1 162 20 240 0
20 240 0 1 122 20 240 0
20 240 0 1 122 20 240 0
20 240 0 1 122 20 240 0
20 240 0 1 122 20 240 0
20 240 0 1 123 20 240 0
20 240 0 1 123 20 240 0
0 180 604 1 123 0 180 604
20 240 0 1 160 20 240 0
20 240 0 1 160 20 240 0
20 240 0 1 171 20 240 0
20 240 0 1 171 20 240 0
20 240 0 1 171 20 240 0
20 240 0 1 171 20 240 0
20 240 0 1 107 20 240 0
20 240 0 1 107 20 240 0
20 240 0 1 107 20 240 0
-1
3 46
10 179 0 1 116 10 179 0
10 179 0 1 116 10 179 0
10 179 0 1 116 10 179 0
10 179 0 1 87 10 179 0
10 179 0 1 87 10 179 0
10 179 0 1 87 10 179 0
10 179 0 1 16 10 179 0
10 179 0 1 16 10 179 0
10 179 0 1 16 10 179 0
10 179 0 1 64 10 179 0
10 179 0 1 64 10 179 0
0 108 712 1 64 0 108 712
10 179 0 1 127 10 179 0
10 179 0 1 127 10 179 0
10 179 0 1 127 10 179 0
10 179 0 1 152 10 179 0
10 179 0 1 152 10 179 0
10 179 0 1 152 10 179 0
0 132 472 1 152 0 132 472
10 179 0 1 85 10 179 0
10 179 0 1 85 10 179 0
10 179 0 1 85 10 179 0
10 179 0 1 65 10 179 0
10 179 0 1 65 10 179 0
10 179 0 1 65 10 179 0
10 179 0 1 65 10 179 0
10 179 0 1 162 10 179 0
10 179 0 1 162 10 179 0
10 179 0 1 162 10 179 0
10 179 0 1 162 10 179 0
10 179 0 1 122 10 179 0
10 179 0 1 122 10 179 0
10 179 0 1 122 10 179 0
10 179 0 1 123 10 179 0
10 179 0 1 123 10 179 0
10 179 0 1 123 10 179 0
10 179 0 1 160 10 179 0
10 179 0 1 160 10 179 0
10 179 0 1 160 10 179 0
10 179 0 1 171 10 179 0
10 179 0 1 171 10 179 0
10 179 0 1 171 10 179 0
10 179 0 1 107 10 179 0
10 179 0 1 107 10 179 0
10 179 0 1 107 10 179 0
10 179 0 1 107 10 179 0
-1
4 46
0 236 0 1 116 0 236 0
0 236 0 1 116 0 236 0
0 236 0 1 116 0 236 0
0 236 0 1 87 0 236 0
0 236 0 1 87 0 236 0
0 236 0 1 87 0 236 0
0 236 0 1 16 0 236 0
0 236 0 1 16 0 236 0
0 138 980 1 16 0 138 980
0 236 0 1 64 0 236 0
0 236 0 1 64 0 236 0
0 236 0 1 127 0 236 0
0 236 0 1 127 0 236 0
0 236 0 1 127 0 236 0
0 236 0 1 152 0 236 0
0 236 0 1 152 0 236 0
0 236 0 1 152 0 236 0
0 236 0 1 152 0 236 0
0 236 0 1 85 0 236 0
0 236 0 1 85 0 236 0
0 236 0 1 85 0 236 0
0 236 0 1 85 0 236 0
0 236 0 1 65 0 236 0
0 236 0 1 65 0 236 0
0 236 0 1 65 0 236 0
0 145 910 1 65 0 145 910
0 236 0 1 162 0 236 0
0 236 0 1 162 0 236 0
0 236 0 1 162 0 236 0
0 236 0 1 122 0 236 0
0 236 0 1 122 0 236 0
0 236 0 1 122 0 236 0
0 236 0 1 122 0 236 0
0 236 0 1 123 0 236 0
0 236 0 1 123 0 236 0
0 236 0 1 123 0 236 0
0 236 0 1 160 0 236 0
0 236 0 1 160 0 236 0
0 236 0 1 171 0 236 0
0 236 0 1 171 0 236 0
0 236 0 1 171 0 236 0
0 236 0 1 171 0 236 0
0 236 0 1 107 0 236 0
0 236 0 1 107 0 236 0
0 236 0 1 107 0 236 0
0 236 0 1 107 0 236 0
-1
5 45
0 186 0 1 116 0 186 0
0 186 0 1 116 0 186 0
0 186 0 1 116 0 186 0
0 186 0 1 87 0 186 0
0 186 0 1 87 0 186 0
0 186 0 1 87 0 186 0
0 186 0 1 16 0 186 0
0 186 0 1 16 0 186 0
0 186 0 1 16 0 186 0
0 186 0 1 64 0 186 0
0 186 0 1 64 0 186 0
0 186 0 1 64 0 186 0
0 186 0 1 127 0 186 0
0 186 0 1 127 0 186 0
0 186 0 1 127 0 186 0
0 186 0 1 152 0 186 0
0 186 0 1 152 0 186 0
0 186 0 1 152 0 186 0
0 186 0 1 152 0 186 0
0 186 0 1 85 0 186 0
0 186 0 1 85 0 186 0
0 186 0 1 85 0 186 0
0 186 0 1 65 0 186 0
0 186 0 1 65 0 186 0
0 186 0 1 65 0 186 0
0 186 0 1 65 0 186 0
0 186 0 1 162 0 186 0
0 186 0 1 162 0 186 0
0 186 0 1 162 0 186 0
0 186 0 1 162 0 186 0
0 186 0 1 122 0 186 0
0 186 0 1 122 0 186 0
0 186 0 1 122 0 186 0
10 56 1298 2 122 0 39 1298 123 10 17 0
0 186 0 1 123 0 186 0
0 186 0 1 123 0 186 0
0 186 0 1 160 0 186 0
0 186 0 1 160 0 186 0
0 186 0 1 160 0 186 0
0 186 0 1 171 0 186 0
0 186 0 1 171 0 186 0
0 186 0 1 171 0 186 0
20 140 456 2 171 0 0 456 107 20 140 0
0 186 0 1 107 0 186 0
0 186 0 1 107 0 186 0
-1
6 46
30 201 0 1 116 30 201 0
30 201 0 1 116 30 201 0
30 201 0 1 116 30 201 0
30 201 0 1 87 30 201 0
30 201 0 1 87 30 201 0
30 201 0 1 87 30 201 0
30 201 0 1 16 30 201 0
30 201 0 1 16 30 201 0
30 201 0 1 16 30 201 0
30 201 0 1 64 30 201 0
30 201 0 1 64 30 201 0
30 201 0 1 127 30 201 0
30 201 0 1 127 30 201 0
30 201 0 1 127 30 201 0
30 201 0 1 127 30 201 0
30 201 0 1 152 30 201 0
30 201 0 1 152 30 201 0
30 201 0 1 152 30 201 0
30 201 0 1 85 30 201 0
30 201 0 1 85 30 201 0
30 201 0 1 85 30 201 0
30 201 0 1 85 30 201 0
30 201 0 1 65 30 201 0
30 201 0 1 65 30 201 0
30 201 0 1 65 30 201 0
30 201 0 1 65 30 201 0
30 201 0 1 162 30 201 0
30 201 0 1 162 30 201 0
30 201 0 1 162 30 201 0
0 75 1266 1 162 0 75 1266
30 201 0 1 122 30 201 0
30 201 0 1 122 30 201 0
30 201 0 1 122 30 201 0
30 201 0 1 123 30 201 0
30 201 0 1 123 30 201 0
30 201 0 1 123 30 201 0
30 201 0 1 160 30 201 0
30 201 0 1 160 30 201 0
30 201 0 1 160 30 201 0
30 201 0 1 171 30 201 0
30 201 0 1 171 30 201 0
30 201 0 1 171 30 201 0
30 201 0 1 107 30 201 0
30 201 0 1 107 30 201 0
30 201 0 1 107 30 201 0
30 201 0 1 107 30 201 0
-1
7 45
40 187 0 1 116 40 187 0
40 187 0 1 116 40 187 0
0 81 1068 2 116 0 53 1068 87 0 28 0
40 187 0 1 87 40 187 0
40 187 0 1 87 40 187 0
40 187 0 1 87 40 187 0
40 187 0 1 16 40 187 0
40 187 0 1 16 40 187 0
5 184 37 2 16 0 0 37 64 5 184 0
40 187 0 1 64 40 187 0
40 187 0 1 64 40 187 0
40 187 0 1 127 40 187 0
40 187 0 1 127 40 187 0
40 187 0 1 127 40 187 0
40 187 0 1 152 40 187 0
40 187 0 1 152 40 187 0
40 187 0 1 152 40 187 0
40 187 0 1 152 40 187 0
40 187 0 1 85 40 187 0
40 187 0 1 85 40 187 0
40 187 0 1 85 40 187 0
40 187 0 1 85 40 187 0
40 187 0 1 65 40 187 0
40 187 0 1 65 40 187 0
40 187 0 1 65 40 187 0
15 139 485 2 65 0 0 485 162 15 139 0
40 187 0 1 162 40 187 0
40 187 0 1 162 40 187 0
40 187 0 1 162 40 187 0
40 187 0 1 122 40 187 0
40 187 0 1 122 40 187 0
40 187 0 1 122 40 187 0
40 187 0 1 122 40 187 0
40 187 0 1 123 40 187 0
40 187 0 1 123 40 187 0
40 187 0 1 123 40 187 0
40 187 0 1 160 40 187 0
40 187 0 1 160 40 187 0
40 187 0 1 171 40 187 0
40 187 0 1 171 40 187 0
40 187 0 1 171 40 187 0
40 187 0 1 171 40 187 0
40 187 0 1 107 40 187 0
40 187 0 1 107 40 187 0
40 187 0 1 107 40 187 0
-1
8 46
30 121 0 1 116 30 121 0
30 121 0 1 116 30 121 0
30 121 0 1 116 30 121 0
30 121 0 1 87 30 121 0
30 121 0 1 87 30 121 0
30 121 0 1 87 30 121 0
30 121 0 1 16 30 121 0
30 121 0 1 16 30 121 0
30 121 0 1 16 30 121 0
30 121 0 1 64 30 121 0
30 121 0 1 64 30 121 0
30 121 0 1 127 30 121 0
30 121 0 1 127 30 121 0
30 121 0 1 127 30 121 0
30 121 0 1 127 30 121 0
30 121 0 1 152 30 121 0
30 121 0 1 152 30 121 0
30 121 0 1 152 30 121 0
30 121 0 1 85 30 121 0
30 121 0 1 85 30 121 0
30 121 0 1 85 30 121 0
30 121 0 1 85 30 121 0
30 121 0 1 65 30 121 0
30 121 0 1 65 30 121 0
30 121 0 1 65 30 121 0
30 121 0 1 65 30 121 0
30 121 0 1 162 30 121 0
30 121 0 1 162 30 121 0
30 121 0 1 162 30 121 0
30 121 0 1 162 30 121 0
30 121 0 1 122 30 121 0
30 121 0 1 122 30 121 0
30 121 0 1 122 30 121 0
30 121 0 1 123 30 121 0
30 121 0 1 123 30 121 0
30 121 0 1 123 30 121 0
30 121 0 1 160 30 121 0
30 121 0 1 160 30 121 0
30 121 0 1 160 30 121 0
30 121 0 1 171 30 121 0
30 121 0 1 171 30 121 0
30 121 0 1 171 30 121 0
30 121 0 1 107 30 121 0
30 121 0 1 107 30 121 0
30 121 0 1 107 30 121 0
30 121 0 1 107 30 121 0
-1
9 46
10 166 0 1 116 10 166 0
10 166 0 1 116 10 166 0
10 166 0 1 116 10 166 0
10 166 0 1 87 10 166 0
10 166 0 1 87 10 166 0
10 166 0 1 87 10 166 0
10 166 0 1 16 10 166 0
10 166 0 1 16 10 166 0
10 166 0 1 16 10 166 0
10 166 0 1 64 10 166 0
10 166 0 1 64 10 166 0
10 166 0 1 64 10 166 0
10 166 0 1 127 10 166 0
10 166 0 1 127 10 166 0
10 166 0 1 127 10 166 0
10 166 0 1 152 10 166 0
10 166 0 1 152 10 166 0
10 166 0 1 152 10 166 0
10 166 0 1 152 10 166 0
10 166 0 1 85 10 166 0
10 166 0 1 85 10 166 0
10 166 0 1 85 10 166 0
10 166 0 1 65 10 166 0
10 166 0 1 65 10 166 0
10 166 0 1 65 10 166 0
10 166 0 1 65 10 166 0
10 166 0 1 162 10 166 0
10 166 0 1 162 10 166 0
10 166 0 1 162 10 166 0
10 166 0 1 162 10 166 0
10 166 0 1 122 10 166 0
10 166 0 1 122 10 166 0
10 166 0 1 122 10 166 0
10 166 0 1 123 10 166 0
10 166 0 1 123 10 166 0
10 166 0 1 123 10 166 0
10 166 0 1 160 10 166 0
10 166 0 1 160 10 166 0
10 166 0 1 160 10 166 0
10 166 0 1 171 10 166 0
10 166 0 1 171 10 166 0
10 166 0 1 171 10 166 0
10 166 0 1 107 10 166 0
10 166 0 1 107 10 166 0
10 166 0 1 107 10 166 0
10 166 0 1 107 10 166 0
-1
10 46
30 266 0 1 116 30 266 0
30 266 0 1 116 30 266 0
30 266 0 1 116 30 266 0
30 266 0 1 87 30 266 0
30 266 0 1 87 30 266 0
30 266 0 1 87 30 266 0
30 266 0 1 16 30 266 0
30 266 0 1 16 30 266 0
30 266 0 1 16 30 266 0
30 266 0 1 64 30 266 0
30 266 0 1 64 30 266 0
30 266 0 1 127 30 266 0
30 266 0 1 127 30 266 0
30 266 0 1 127 30 266 0
30 266 0 1 127 30 266 0
30 266 0 1 152 30 266 0
30 266 0 1 152 30 266 0
30 266 0 1 152 30 266 0
30 266 0 1 85 30 266 0
30 266 0 1 85 30 266 0
30 266 0 1 85 30 266 0
30 266 0 1 85 30 266 0
30 266 0 1 65 30 266 0
30 266 0 1 65 30 266 0
30 266 0 1 65 30 266 0
30 266 0 1 65 30 266 0
30 266 0 1 162 30 266 0
30 266 0 1 162 30 266 0
30 266 0 1 162 30 266 0
30 266 0 1 162 30 266 0
30 266 0 1 122 30 266 0
30 266 0 1 122 30 266 0
30 266 0 1 122 30 266 0
30 266 0 1 123 30 266 0
30 266 0 1 123 30 266 0
30 266 0 1 123 30 266 0
30 266 0 1 160 30 266 0
30 266 0 1 160 30 266 0
30 266 0 1 160 30 266 0
30 266 0 1 171 30 266 0
30 266 0 1 171 30 266 0
30 266 0 1 171 30 266 0
30 266 0 1 107 30 266 0
30 266 0 1 107 30 266 0
30 266 0 1 107 30 266 0
30 266 0 1 107 30 266 0
-1
11 46
0 196 0 1 116 0 196 0
0 196 0 1 116 0 196 0
0 196 0 1 116 0 196 0
0 196 0 1 87 0 196 0
0 196 0 1 87 0 196 0
0 196 0 1 87 0 196 0
0 196 0 1 16 0 196 0
0 196 0 1 16 0 196 0
0 196 0 1 16 0 196 0
0 196 0 1 64 0 196 0
0 196 0 1 64 0 196 0
0 196 0 1 64 0 196 0
0 196 0 1 127 0 196 0
0 196 0 1 127 0 196 0
0 196 0 1 127 0 196 0
0 196 0 1 152 0 196 0
0 196 0 1 152 0 196 0
0 196 0 1 152 0 196 0
0 196 0 1 152 0 196 0
0 196 0 1 85 0 196 0
0 196 0 1 85 0 196 0
0 196 0 1 85 0 196 0
0 196 0 1 65 0 196 0
0 196 0 1 65 0 196 0
0 196 0 1 65 0 196 0
0 196 0 1 65 0 196 0
0 196 0 1 162 0 196 0
0 196 0 1 162 0 196 0
0 196 0 1 162 0 196 0
0 196 0 1 162 0 196 0
0 196 0 1 122 0 196 0
0 196 0 1 122 0 196 0
0 196 0 1 122 0 196 0
0 196 0 1 122 0 196 0
0 196 0 1 123 0 196 0
0 196 0 1 123 0 196 0
25 152 435 2 123 0 0 435 160 25 152 0
0 196 0 1 160 0 196 0
0 196 0 1 160 0 196 0
0 196 0 1 171 0 196 0
0 196 0 1 171 0 196 0
0 196 0 1 171 0 196 0
0 118 780 1 171 0 118 780
0 196 0 1 107 0 196 0
0 196 0 1 107 0 196 0
0 196 0 1 107 0 196 0
-1
12 45
30 109 0 1 116 30 109 0
30 109 0 1 116 30 109 0
30 109 0 1 116 30 109 0
30 109 0 1 87 30 109 0
30 109 0 1 87 30 109 0
30 109 0 1 87 30 109 0
30 109 0 1 16 30 109 0
30 109 0 1 16 30 109 0
30 109 0 1 16 30 109 0
30 109 0 1 64 30 109 0
30 109 0 1 64 30 109 0
35 90 189 2 64 0 0 189 127 35 90 0
30 109 0 1 127 30 109 0
30 109 0 1 127 30 109 0
30 109 0 1 127 30 109 0
30 109 0 1 152 30 109 0
30 109 0 1 152 30 109 0
30 109 0 1 152 30 109 0
30 25 840 2 152 0 0 840 85 30 25 0
30 109 0 1 85 30 109 0
30 109 0 1 85 30 109 0
30 109 0 1 85 30 109 0
30 109 0 1 65 30 109 0
30 109 0 1 65 30 109 0
30 109 0 1 65 30 109 0
30 109 0 1 65 30 109 0
30 109 0 1 162 30 109 0
30 109 0 1 162 30 109 0
30 109 0 1 162 30 109 0
30 109 0 1 162 30 109 0
30 109 0 1 122 30 109 0
30 109 0 1 122 30 109 0
30 109 0 1 122 30 109 0
30 109 0 1 123 30 109 0
30 109 0 1 123 30 109 0
30 109 0 1 123 30 109 0
30 109 0 1 160 30 109 0
30 109 0 1 160 30 109 0
30 109 0 1 160 30 109 0
30 109 0 1 171 30 109 0
30 109 0 1 171 30 109 0
30 109 0 1 171 30 109 0
30 109 0 1 107 30 109 0
30 109 0 1 107 30 109 0
30 109 0 1 107 30 109 0
-1
13 46
10 240 0 1 116 10 240 0
10 240 0 1 116 10 240 0
10 240 0 1 116 10 240 0
10 240 0 1 87 10 240 0
10 240 0 1 87 10 240 0
10 240 0 1 87 10 240 0
0 158 822 1 87 0 158 822
10 240 0 1 16 10 240 0
10 240 0 1 16 10 240 0
10 240 0 1 64 10 240 0
10 240 0 1 64 10 240 0
10 240 0 1 64 10 240 0
10 240 0 1 127 10 240 0
10 240 0 1 127 10 240 0
10 240 0 1 127 10 240 0
10 240 0 1 152 10 240 0
10 240 0 1 152 10 240 0
10 240 0 1 152 10 240 0
10 240 0 1 152 10 240 0
10 240 0 1 85 10 240 0
10 240 0 1 85 10 240 0
10 240 0 1 85 10 240 0
5 112 1281 2 85 0 42 1281 65 5 70 0
10 240 0 1 65 10 240 0
10 240 0 1 65 10 240 0
10 240 0 1 65 10 240 0
10 240 0 1 162 10 240 0
10 240 0 1 162 10 240 0
10 240 0 1 162 10 240 0
10 240 0 1 162 10 240 0
10 240 0 1 122 10 240 0
10 240 0 1 122 10 240 0
10 240 0 1 122 10 240 0
10 240 0 1 122 10 240 0
10 240 0 1 123 10 240 0
10 240 0 1 123 10 240 0
10 240 0 1 123 10 240 0
10 240 0 1 160 10 240 0
10 240 0 1 160 10 240 0
10 240 0 1 171 10 240 0
10 240 0 1 171 10 240 0
10 240 0 1 171 10 240 0
10 240 0 1 171 10 240 0
10 240 0 1 107 10 240 0
10 240 0 1 107 10 240 0
10 240 0 1 107 10 240 0
-1
14 45
30 220 0 1 116 30 220 0
30 220 0 1 116 30 220 0
30 220 0 1 116 30 220 0
30 220 0 1 87 30 220 0
30 220 0 1 87 30 220 0
30 220 0 1 87 30 220 0
30 220 0 1 16 30 220 0
30 220 0 1 16 30 220 0
30 220 0 1 16 30 220 0
30 220 0 1 64 30 220 0
30 220 0 1 64 30 220 0
30 220 0 1 127 30 220 0
30 220 0 1 127 30 220 0
30 220 0 1 127 30 220 0
15 124 963 2 127 0 0 963 152 15 124 0
30 220 0 1 152 30 220 0
30 220 0 1 152 30 220 0
30 220 0 1 152 30 220 0
30 220 0 1 85 30 220 0
30 220 0 1 85 30 220 0
30 220 0 1 85 30 220 0
30 220 0 1 85 30 220 0
30 220 0 1 65 30 220 0
30 220 0 1 65 30 220 0
30 220 0 1 65 30 220 0
30 220 0 1 65 30 220 0
30 220 0 1 162 30 220 0
30 220 0 1 162 30 220 0
30 220 0 1 162 30 220 0
30 220 0 1 122 30 220 0
30 220 0 1 122 30 220 0
30 220 0 1 122 30 220 0
30 220 0 1 122 30 220 0
30 220 0 1 123 30 220 0
30 220 0 1 123 30 220 0
30 220 0 1 123 30 220 0
30 220 0 1 160 30 220 0
30 220 0 1 160 30 220 0
0 127 936 2 160 0 100 936 171 0 27 0
30 220 0 1 171 30 220 0
30 220 0 1 171 30 220 0
30 220 0 1 171 30 220 0
30 220 0 1 107 30 220 0
30 220 0 1 107 30 220 0
30 220 0 1 107 30 220 0
-1
15 46
30 190 0 1 116 30 190 0
30 190 0 1 116 30 190 0
30 190 0 1 116 30 190 0
30 190 0 1 87 30 190 0
30 190 0 1 87 30 190 0
30 190 0 1 87 30 190 0
0 162 286 2 87 0 0 286 16 0 162 0
30 190 0 1 16 30 190 0
30 190 0 1 16 30 190 0
30 190 0 1 64 30 190 0
30 190 0 1 64 30 190 0
30 190 0 1 64 30 190 0
30 190 0 1 127 30 190 0
30 190 0 1 127 30 190 0
30 190 0 1 127 30 190 0
30 190 0 1 152 30 190 0
30 190 0 1 152 30 190 0
30 190 0 1 152 30 190 0
30 190 0 1 152 30 190 0
30 190 0 1 85 30 190 0
30 190 0 1 85 30 190 0
30 190 0 1 85 30 190 0
30 190 0 1 65 30 190 0
30 190 0 1 65 30 190 0
30 190 0 1 65 30 190 0
30 190 0 1 65 30 190 0
30 190 0 1 162 30 190 0
30 190 0 1 162 30 190 0
30 190 0 1 162 30 190 0
30 190 0 1 162 30 190 0
30 190 0 1 122 30 190 0
30 190 0 1 122 30 190 0
30 190 0 1 122 30 190 0
30 190 0 1 122 30 190 0
30 190 0 1 123 30 190 0
30 190 0 1 123 30 190 0
30 190 0 1 123 30 190 0
30 190 0 1 160 30 190 0
30 190 0 1 160 30 190 0
30 190 0 1 171 30 190 0
30 190 0 1 171 30 190 0
30 190 0 1 171 30 190 0
30 190 0 1 171 30 190 0
30 190 0 1 107 30 190 0
30 190 0 1 107 30 190 0
30 190 0 1 107 30 190 0
-1
