1 38
1 6451 0 1 885 1 6451 0
0 6135 1363 2 885 0 3505 1362 999 0 2630 1
1 6223 982 2 999 0 4725 981 729 1 1498 1
1 6286 711 2 729 0 3426 711 944 1 2860 0
1 6331 517 2 944 0 300 516 456 1 6031 1
0 6135 1363 2 456 0 4761 1363 249 0 1374 0
1 6451 0 1 249 1 6451 0
1 6118 1434 2 249 0 2105 1433 448 1 4013 1
1 6249 870 2 448 0 2342 870 806 1 3907 0
1 6451 0 1 806 1 6451 0
1 6451 0 1 57 1 6451 0
1 6451 0 1 747 1 6451 0
2 6160 1252 2 747 0 2733 1252 1095 2 3427 0
1 6451 0 1 1095 1 6451 0
0 6161 1251 2 1095 0 0 1251 838 0 6161 0
0 6113 1457 2 838 0 5469 1457 218 0 644 0
0 6299 657 2 218 0 3786 657 741 0 2513 0
0 6282 730 2 741 0 2574 730 294 0 3708 0
1 6451 0 1 463 1 6451 0
1 6292 685 2 911 0 5612 684 936 1 680 1
1 6451 0 1 936 1 6451 0
1 6135 1361 2 936 0 2159 1361 1050 1 3976 0
1 6189 1128 2 1050 0 4692 1128 47 1 1497 0
2 6246 881 2 47 0 4948 881 228 2 1298 0
1 6306 625 2 228 0 2842 625 140 1 3464 0
0 6210 1040 2 140 0 4403 1039 737 0 1807 1
1 6229 956 2 737 0 5314 955 647 1 915 1
1 6451 0 1 647 1 6451 0
0 6111 1466 2 647 0 2869 1466 1137 0 3242 0
1 6229 956 2 1137 0 3870 955 710 1 2359 1
0 6290 695 2 710 0 2421 695 509 0 3869 0
1 6192 1116 2 509 0 4692 1116 162 1 1500 0
1 6285 715 2 162 0 3442 714 297 1 2843 1
1 6451 0 1 472 1 6451 0
0 6164 1238 2 472 0 2407 1237 935 0 3757 1
1 6451 0 1 935 1 6451 0
1 6451 0 1 572 1 6451 0
0 6193 1113 2 572 0 1823 1112 799 0 4370 1
-1
2 65
1 322 0 1 307 1 322 0
1 322 0 1 307 1 322 0
1 322 0 1 307 1 322 0
1 322 0 1 307 1 322 0
1 322 0 1 307 1 322 0
1 322 0 1 307 1 322 0
1 322 0 1 802 1 322 0
1 322 0 1 802 1 322 0
1 322 0 1 802 1 322 0
1 322 0 1 802 1 322 0
1 167 668 2 802 0 133 667 680 1 34 1
1 322 0 1 680 1 322 0
1 322 0 1 680 1 322 0
1 322 0 1 680 1 322 0
0 179 618 2 680 0 90 617 948 0 89 1
1 322 0 1 948 1 322 0
1 322 0 1 948 1 322 0
1 322 0 1 948 1 322 0
1 322 0 1 948 1 322 0
1 322 0 1 948 1 322 0
1 322 0 1 948 1 322 0
1 322 0 1 948 1 322 0
1 322 0 1 948 1 322 0
1 322 0 1 611 1 322 0
1 322 0 1 611 1 322 0
1 322 0 1 611 1 322 0
1 322 0 1 611 1 322 0
1 322 0 1 611 1 322 0
1 140 784 2 611 0 0 784 26 1 140 0
1 322 0 1 26 1 322 0
1 322 0 1 26 1 322 0
1 322 0 1 26 1 322 0
1 322 0 1 626 1 322 0
1 322 0 1 626 1 322 0
1 322 0 1 626 1 322 0
1 322 0 1 626 1 322 0
1 322 0 1 626 1 322 0
1 322 0 1 626 1 322 0
0 42 1208 3 626 0 0 883 507 0 0 325 772 0 42 0
1 322 0 1 772 1 322 0
1 322 0 1 772 1 322 0
1 322 0 1 772 1 322 0
1 322 0 1 772 1 322 0
1 322 0 1 787 1 322 0
1 322 0 1 787 1 322 0
1 322 0 1 787 1 322 0
1 322 0 1 787 1 322 0
1 322 0 1 787 1 322 0
0 126 846 2 787 0 115 846 4 0 11 0
1 322 0 1 4 1 322 0
1 322 0 1 4 1 322 0
1 322 0 1 4 1 322 0
1 322 0 1 4 1 322 0
1 322 0 1 4 1 322 0
0 285 161 1 4 0 285 161
1 322 0 1 837 1 322 0
1 322 0 1 837 1 322 0
1 322 0 1 837 1 322 0
1 322 0 1 837 1 322 0
1 322 0 1 837 1 322 0
1 322 0 1 837 1 322 0
1 322 0 1 583 1 322 0
1 322 0 1 583 1 322 0
1 322 0 1 583 1 322 0
1 322 0 1 583 1 322 0
-1
3 57
0 778 0 1 435 0 778 0
0 778 0 1 435 0 778 0
1 622 670 2 435 0 159 669 1169 1 463 1
0 778 0 1 1169 0 778 0
0 620 680 2 1169 0 572 679 373 0 48 1
0 778 0 1 373 0 778 0
0 778 0 1 373 0 778 0
1 556 954 2 373 0 523 953 440 1 33 1
0 778 0 1 440 0 778 0
0 778 0 1 440 0 778 0
0 778 0 1 440 0 778 0
2 485 1258 2 440 0 351 1258 689 2 134 0
0 778 0 1 689 0 778 0
0 680 422 2 689 0 0 421 683 0 680 1
0 778 0 1 683 0 778 0
0 778 0 1 603 0 778 0
0 778 0 1 603 0 778 0
0 778 0 1 603 0 778 0
0 778 0 1 603 0 778 0
0 778 0 1 613 0 778 0
0 778 0 1 613 0 778 0
0 778 0 1 180 0 778 0
0 778 0 1 180 0 778 0
0 778 0 1 180 0 778 0
0 778 0 1 180 0 778 0
0 778 0 1 54 0 778 0
0 778 0 1 54 0 778 0
0 778 0 1 54 0 778 0
0 778 0 1 1193 0 778 0
0 778 0 1 1193 0 778 0
1 736 179 2 1193 0 0 179 436 1 736 0
0 778 0 1 436 0 778 0
1 549 984 2 26 0 514 983 607 1 35 1
0 778 0 1 607 0 778 0
0 778 0 1 607 0 778 0
1 558 945 2 607 0 454 944 507 1 104 1
0 778 0 1 507 0 778 0
0 778 0 1 507 0 778 0
0 628 646 1 507 0 628 646
0 778 0 1 475 0 778 0
0 778 0 1 475 0 778 0
0 778 0 1 227 0 778 0
0 778 0 1 227 0 778 0
0 724 232 1 227 0 724 232
0 778 0 1 113 0 778 0
0 778 0 1 485 0 778 0
0 778 0 1 485 0 778 0
0 778 0 1 485 0 778 0
1 540 1023 2 485 0 303 1023 633 1 237 0
0 778 0 1 633 0 778 0
1 624 661 2 633 0 618 660 503 1 6 1
0 778 0 1 503 0 778 0
0 778 0 1 503 0 778 0
0 558 947 2 503 0 510 947 942 0 48 0
0 778 0 1 942 0 778 0
0 778 0 1 942 0 778 0
0 778 0 1 942 0 778 0
-1
4 54
1 1078 1 1 805 1 1078 1
1 1078 1 1 805 1 1078 1
1 1078 1 1 805 1 1078 1
1 1078 1 1 805 1 1078 1
0 785 1264 2 805 0 309 1263 696 0 476 1
1 1078 1 1 696 1 1078 1
1 1078 1 1 696 1 1078 1
1 1078 1 1 696 1 1078 1
1 1078 1 1 257 1 1078 1
1 1078 1 1 257 1 1078 1
1 1078 1 1 257 1 1078 1
1 1078 1 1 257 1 1078 1
1 1078 1 1 257 1 1078 1
1 1078 1 1 1142 1 1078 1
1 1078 1 1 1142 1 1078 1
1 1078 1 1 1142 1 1078 1
1 1078 1 1 1142 1 1078 1
1 1078 1 1 1142 1 1078 1
1 1078 1 1 234 1 1078 1
1 1078 1 1 234 1 1078 1
1 1078 1 1 234 1 1078 1
0 836 1045 2 234 0 681 1044 512 0 155 1
1 1078 1 1 512 1 1078 1
1 1078 1 1 512 1 1078 1
1 1078 1 1 512 1 1078 1
1 815 1133 2 512 0 597 1133 1037 1 218 0
1 1078 1 1 1037 1 1078 1
0 1038 175 1 1037 0 1038 175
1 1078 1 1 268 1 1078 1
1 1078 1 1 268 1 1078 1
1 1078 1 1 268 1 1078 1
1 1078 1 1 268 1 1078 1
0 1046 140 1 268 0 1046 140
1 1078 1 1 84 1 1078 1
0 958 519 2 84 0 779 518 1132 0 179 1
1 1078 1 1 1132 1 1078 1
1 1078 1 1 1132 1 1078 1
1 1078 1 1 965 1 1078 1
1 1078 1 1 965 1 1078 1
1 1078 1 1 965 1 1078 1
1 1078 1 1 969 1 1078 1
1 1078 1 1 969 1 1078 1
1 1078 1 1 969 1 1078 1
1 1078 1 1 191 1 1078 1
1 1078 1 1 191 1 1078 1
1 1078 1 1 191 1 1078 1
2 842 1015 2 191 0 537 1015 147 2 305 0
1 1078 1 1 147 1 1078 1
1 1078 1 1 147 1 1078 1
1 804 1181 2 147 0 264 1180 1149 1 540 1
1 1078 1 1 1149 1 1078 1
1 1078 1 1 1149 1 1078 1
1 1078 1 1 1149 1 1078 1
1 1078 1 1 1149 1 1078 1
-1
5 45
1 835 0 1 287 1 835 0
1 835 0 1 287 1 835 0
1 835 0 1 287 1 835 0
0 663 742 2 287 0 414 742 51 0 249 0
1 835 0 1 51 1 835 0
1 835 0 1 51 1 835 0
1 835 0 1 51 1 835 0
1 835 0 1 51 1 835 0
1 615 947 2 51 0 235 947 790 1 380 0
1 835 0 1 790 1 835 0
1 835 0 1 790 1 835 0
1 835 0 1 790 1 835 0
0 651 794 2 790 0 501 794 438 0 150 0
1 835 0 1 828 1 835 0
1 835 0 1 828 1 835 0
1 835 0 1 828 1 835 0
1 835 0 1 828 1 835 0
0 641 837 2 828 0 431 837 182 0 210 0
1 835 0 1 182 1 835 0
1 835 0 1 182 1 835 0
1 835 0 1 182 1 835 0
0 664 738 2 182 0 159 737 1104 0 505 1
1 835 0 1 1104 1 835 0
1 835 0 1 1104 1 835 0
1 835 0 1 1104 1 835 0
1 835 0 1 1104 1 835 0
1 835 0 1 1104 1 835 0
1 835 0 1 1104 1 835 0
0 516 1375 2 1104 0 138 1375 297 0 378 0
1 835 0 1 297 1 835 0
1 835 0 1 297 1 835 0
1 835 0 1 297 1 835 0
0 577 1112 1 297 0 577 1112
1 835 0 1 1134 1 835 0
0 532 1306 2 1134 0 49 1305 1032 0 483 1
1 835 0 1 1032 1 835 0
1 835 0 1 1032 1 835 0
1 835 0 1 1032 1 835 0
1 835 0 1 44 1 835 0
1 835 0 1 44 1 835 0
1 835 0 1 44 1 835 0
0 668 721 2 44 0 216 720 653 0 452 1
1 835 0 1 653 1 835 0
1 835 0 1 653 1 835 0
1 835 0 1 653 1 835 0
-1
6 111
1 645 1 1 776 1 645 1
1 645 1 1 776 1 645 1
1 645 1 1 776 1 645 1
1 645 1 1 776 1 645 1
1 645 1 1 776 1 645 1
1 645 1 1 776 1 645 1
1 645 1 1 776 1 645 1
1 645 1 1 776 1 645 1
1 645 1 1 776 1 645 1
1 645 1 1 776 1 645 1
1 645 1 1 776 1 645 1
1 645 1 1 776 1 645 1
1 645 1 1 776 1 645 1
1 645 1 1 776 1 645 1
1 645 1 1 776 1 645 1
1 645 1 1 776 1 645 1
1 645 1 1 776 1 645 1
1 645 1 1 776 1 645 1
1 645 1 1 776 1 645 1
1 645 1 1 776 1 645 1
0 517 554 1 776 0 517 554
0 432 920 2 776 0 0 919 1129 0 432 1
1 645 1 1 1129 1 645 1
1 645 1 1 1129 1 645 1
1 645 1 1 1129 1 645 1
1 645 1 1 1129 1 645 1
1 645 1 1 1129 1 645 1
1 645 1 1 1129 1 645 1
1 645 1 1 1129 1 645 1
0 509 589 1 1129 0 509 589
1 643 10 2 1129 0 0 10 913 1 643 0
1 645 1 1 913 1 645 1
1 645 1 1 913 1 645 1
1 645 1 1 913 1 645 1
1 645 1 1 913 1 645 1
1 645 1 1 913 1 645 1
1 645 1 1 913 1 645 1
1 645 1 1 913 1 645 1
1 645 1 1 913 1 645 1
1 645 1 1 913 1 645 1
1 645 1 1 913 1 645 1
1 645 1 1 913 1 645 1
1 645 1 1 913 1 645 1
1 645 1 1 913 1 645 1
0 570 326 1 913 0 570 326
1 476 729 2 913 0 0 729 972 1 476 0
1 645 1 1 972 1 645 1
1 645 1 1 972 1 645 1
1 645 1 1 972 1 645 1
1 645 1 1 972 1 645 1
1 645 1 1 972 1 645 1
1 645 1 1 972 1 645 1
1 645 1 1 972 1 645 1
1 645 1 1 972 1 645 1
1 645 1 1 972 1 645 1
1 645 1 1 972 1 645 1
1 645 1 1 972 1 645 1
1 645 1 1 972 1 645 1
1 645 1 1 972 1 645 1
1 645 1 1 972 1 645 1
1 645 1 1 972 1 645 1
0 453 830 1 972 0 453 830
0 568 335 2 972 0 0 335 253 0 568 0
1 645 1 1 253 1 645 1
1 645 1 1 253 1 645 1
1 645 1 1 253 1 645 1
1 645 1 1 253 1 645 1
1 645 1 1 253 1 645 1
1 645 1 1 253 1 645 1
1 645 1 1 253 1 645 1
1 645 1 1 253 1 645 1
1 645 1 1 253 1 645 1
1 645 1 1 253 1 645 1
1 645 1 1 253 1 645 1
1 645 1 1 253 1 645 1
1 645 1 1 253 1 645 1
1 645 1 1 253 1 645 1
2 396 1072 2 253 0 162 1072 1069 2 234 0
1 645 1 1 1069 1 645 1
1 645 1 1 1069 1 645 1
1 645 1 1 1069 1 645 1
1 645 1 1 1069 1 645 1
1 645 1 1 1069 1 645 1
1 645 1 1 1069 1 645 1
1 645 1 1 1069 1 645 1
1 645 1 1 1069 1 645 1
1 645 1 1 1069 1 645 1
1 645 1 1 1069 1 645 1
1 645 1 1 1069 1 645 1
0 506 601 1 1069 0 506 601
1 585 260 2 1069 0 0 260 954 1 585 0
1 645 1 1 954 1 645 1
1 645 1 1 954 1 645 1
1 645 1 1 954 1 645 1
1 645 1 1 954 1 645 1
1 645 1 1 954 1 645 1
1 645 1 1 954 1 645 1
1 645 1 1 954 1 645 1
1 645 1 1 954 1 645 1
1 645 1 1 954 1 645 1
1 645 1 1 954 1 645 1
1 645 1 1 954 1 645 1
1 645 1 1 954 1 645 1
1 645 1 1 954 1 645 1
1 645 1 1 954 1 645 1
1 645 1 1 954 1 645 1
0 407 1028 1 954 0 407 1028
0 612 145 2 954 0 0 144 42 0 612 1
1 645 1 1 42 1 645 1
1 645 1 1 42 1 645 1
1 645 1 1 42 1 645 1
-1
7 68
0 889 0 1 473 0 889 0
0 889 0 1 473 0 889 0
0 889 0 1 473 0 889 0
1 687 868 2 473 0 461 867 89 1 226 1
0 889 0 1 89 0 889 0
0 889 0 1 89 0 889 0
0 889 0 1 89 0 889 0
0 859 129 2 89 0 0 128 1081 0 859 1
0 889 0 1 1081 0 889 0
0 889 0 1 1081 0 889 0
0 889 0 1 1081 0 889 0
1 649 1031 2 1081 0 238 1031 150 1 411 0
0 889 0 1 150 0 889 0
0 889 0 1 150 0 889 0
0 889 0 1 150 0 889 0
0 889 0 1 150 0 889 0
0 889 0 1 150 0 889 0
0 889 0 1 152 0 889 0
0 889 0 1 152 0 889 0
0 828 262 2 152 0 0 262 1135 0 828 0
0 889 0 1 1135 0 889 0
0 889 0 1 1135 0 889 0
0 889 0 1 1135 0 889 0
0 889 0 1 1135 0 889 0
0 889 0 1 119 0 889 0
0 889 0 1 119 0 889 0
0 889 0 1 119 0 889 0
0 889 0 1 119 0 889 0
0 889 0 1 119 0 889 0
0 889 0 1 119 0 889 0
0 889 0 1 466 0 889 0
0 889 0 1 466 0 889 0
0 889 0 1 466 0 889 0
1 693 842 2 466 0 93 842 267 1 600 0
0 889 0 1 267 0 889 0
0 889 0 1 267 0 889 0
0 889 0 1 267 0 889 0
0 889 0 1 718 0 889 0
0 889 0 1 718 0 889 0
0 889 0 1 718 0 889 0
0 889 0 1 718 0 889 0
0 889 0 1 325 0 889 0
0 889 0 1 325 0 889 0
0 889 0 1 291 0 889 0
0 889 0 1 291 0 889 0
0 889 0 1 291 0 889 0
0 889 0 1 291 0 889 0
0 889 0 1 291 0 889 0
0 889 0 1 177 0 889 0
0 889 0 1 177 0 889 0
0 889 0 1 478 0 889 0
0 889 0 1 478 0 889 0
0 889 0 1 478 0 889 0
0 889 0 1 1039 0 889 0
0 889 0 1 1039 0 889 0
0 889 0 1 1039 0 889 0
1 579 1333 2 1039 0 496 1333 492 1 83 0
0 889 0 1 492 0 889 0
0 889 0 1 492 0 889 0
0 889 0 1 492 0 889 0
1 863 110 2 492 0 0 109 372 1 863 1
0 889 0 1 372 0 889 0
0 889 0 1 372 0 889 0
0 889 0 1 372 0 889 0
0 641 1067 2 372 0 557 1067 1006 0 84 0
0 889 0 1 1006 0 889 0
0 889 0 1 1006 0 889 0
0 550 634 1 1006 0 550 634
-1
8 59
2 1090 0 1 435 2 1090 0
2 1090 0 1 435 2 1090 0
2 1090 0 1 1169 2 1090 0
2 1090 0 1 1169 2 1090 0
2 1090 0 1 373 2 1090 0
2 1090 0 1 373 2 1090 0
2 1090 0 1 373 2 1090 0
2 1090 0 1 440 2 1090 0
2 1090 0 1 440 2 1090 0
2 1090 0 1 440 2 1090 0
2 1090 0 1 440 2 1090 0
2 1090 0 1 689 2 1090 0
2 1090 0 1 689 2 1090 0
2 1090 0 1 683 2 1090 0
2 1090 0 1 683 2 1090 0
2 1090 0 1 603 2 1090 0
2 1090 0 1 603 2 1090 0
2 1090 0 1 603 2 1090 0
0 821 1162 1 603 0 821 1162
2 1090 0 1 613 2 1090 0
1 961 557 2 613 0 249 557 180 1 712 0
2 1090 0 1 180 2 1090 0
2 1090 0 1 180 2 1090 0
2 1090 0 1 180 2 1090 0
2 1090 0 1 180 2 1090 0
2 1090 0 1 54 2 1090 0
2 1090 0 1 54 2 1090 0
1 888 872 2 54 0 865 871 1193 1 23 1
2 1090 0 1 1193 2 1090 0
2 1090 0 1 1193 2 1090 0
2 1090 0 1 436 2 1090 0
2 974 500 2 436 0 832 500 26 2 142 0
2 1090 0 1 607 2 1090 0
2 1090 0 1 607 2 1090 0
2 1090 0 1 607 2 1090 0
2 1090 0 1 507 2 1090 0
2 1090 0 1 507 2 1090 0
2 1090 0 1 507 2 1090 0
2 1090 0 1 475 2 1090 0
2 1090 0 1 475 2 1090 0
2 1090 0 1 475 2 1090 0
2 1090 0 1 227 2 1090 0
2 1090 0 1 227 2 1090 0
1 965 540 2 227 0 0 540 113 1 965 0
2 1090 0 1 113 2 1090 0
2 1090 0 1 485 2 1090 0
2 1090 0 1 485 2 1090 0
2 1090 0 1 485 2 1090 0
2 1090 0 1 633 2 1090 0
2 1090 0 1 633 2 1090 0
2 1090 0 1 503 2 1090 0
2 1090 0 1 503 2 1090 0
2 1090 0 1 503 2 1090 0
2 1090 0 1 942 2 1090 0
2 1090 0 1 942 2 1090 0
2 1090 0 1 942 2 1090 0
2 1090 0 1 942 2 1090 0
2 1090 0 1 942 2 1090 0
1 749 1470 2 942 0 74 1469 110 1 675 1
-1
9 66
0 849 0 1 473 0 849 0
0 849 0 1 473 0 849 0
0 849 0 1 473 0 849 0
0 849 0 1 89 0 849 0
0 849 0 1 89 0 849 0
0 849 0 1 89 0 849 0
0 849 0 1 89 0 849 0
0 849 0 1 1081 0 849 0
0 849 0 1 1081 0 849 0
0 849 0 1 1081 0 849 0
0 849 0 1 1081 0 849 0
0 849 0 1 150 0 849 0
0 849 0 1 150 0 849 0
0 849 0 1 150 0 849 0
0 849 0 1 150 0 849 0
0 849 0 1 150 0 849 0
2 541 1322 2 150 0 136 1322 152 2 405 0
0 849 0 1 152 0 849 0
0 849 0 1 152 0 849 0
0 849 0 1 1135 0 849 0
0 849 0 1 1135 0 849 0
0 849 0 1 1135 0 849 0
0 849 0 1 1135 0 849 0
0 658 822 1 1135 0 658 822
0 849 0 1 119 0 849 0
0 849 0 1 119 0 849 0
0 849 0 1 119 0 849 0
0 849 0 1 119 0 849 0
0 849 0 1 119 0 849 0
0 512 1451 2 119 0 369 1451 466 0 143 0
0 849 0 1 466 0 849 0
0 849 0 1 466 0 849 0
0 849 0 1 466 0 849 0
0 849 0 1 267 0 849 0
0 849 0 1 267 0 849 0
0 849 0 1 267 0 849 0
0 849 0 1 267 0 849 0
0 849 0 1 718 0 849 0
0 849 0 1 718 0 849 0
0 849 0 1 718 0 849 0
0 661 809 1 718 0 661 809
0 849 0 1 325 0 849 0
0 849 0 1 325 0 849 0
0 849 0 1 291 0 849 0
0 849 0 1 291 0 849 0
0 849 0 1 291 0 849 0
0 849 0 1 291 0 849 0
1 532 1363 2 291 0 516 1363 177 1 16 0
0 849 0 1 177 0 849 0
0 514 1442 2 177 0 220 1442 478 0 294 0
0 849 0 1 478 0 849 0
0 849 0 1 478 0 849 0
0 681 723 2 478 0 252 723 1039 0 429 0
0 849 0 1 1039 0 849 0
0 849 0 1 1039 0 849 0
0 849 0 1 1039 0 849 0
0 849 0 1 492 0 849 0
0 849 0 1 492 0 849 0
0 849 0 1 492 0 849 0
0 849 0 1 492 0 849 0
0 849 0 1 372 0 849 0
0 849 0 1 372 0 849 0
0 849 0 1 372 0 849 0
0 849 0 1 372 0 849 0
0 849 0 1 1006 0 849 0
0 849 0 1 1006 0 849 0
-1
10 68
1 1069 1 1 320 1 1069 1
1 1069 1 1 320 1 1069 1
1 1069 1 1 320 1 1069 1
1 1069 1 1 320 1 1069 1
1 1069 1 1 320 1 1069 1
1 1069 1 1 320 1 1069 1
1 1069 1 1 320 1 1069 1
1 1069 1 1 320 1 1069 1
1 1069 1 1 320 1 1069 1
0 818 1083 2 320 0 198 1083 24 0 620 0
1 1069 1 1 24 1 1069 1
1 1069 1 1 24 1 1069 1
1 1069 1 1 24 1 1069 1
1 1069 1 1 24 1 1069 1
1 1069 1 1 24 1 1069 1
1 1069 1 1 24 1 1069 1
0 871 855 1 24 0 871 855
1 1065 18 2 24 0 0 18 494 1 1065 0
1 1069 1 1 494 1 1069 1
1 1069 1 1 494 1 1069 1
1 1069 1 1 929 1 1069 1
1 1069 1 1 929 1 1069 1
1 1069 1 1 929 1 1069 1
1 1069 1 1 929 1 1069 1
1 1069 1 1 929 1 1069 1
1 1069 1 1 929 1 1069 1
1 1069 1 1 929 1 1069 1
0 869 864 2 929 0 349 864 558 0 520 0
1 1069 1 1 558 1 1069 1
1 1001 293 2 558 0 0 293 1029 1 1001 0
1 1069 1 1 1029 1 1069 1
1 1069 1 1 1029 1 1069 1
1 1069 1 1 1029 1 1069 1
1 1069 1 1 1029 1 1069 1
1 1069 1 1 1029 1 1069 1
1 1069 1 1 1029 1 1069 1
0 821 1070 2 1029 0 0 1070 1032 0 821 0
1 1069 1 1 1032 1 1069 1
2 815 1093 2 1032 0 673 1093 1101 2 142 0
1 1069 1 1 1101 1 1069 1
1 1069 1 1 1101 1 1069 1
1 1069 1 1 1101 1 1069 1
1 1069 1 1 1101 1 1069 1
1 1069 1 1 1101 1 1069 1
1 1069 1 1 1101 1 1069 1
1 1069 1 1 1101 1 1069 1
2 862 890 2 1101 0 439 890 917 2 423 0
1 1069 1 1 945 1 1069 1
1 1069 1 1 945 1 1069 1
1 1069 1 1 945 1 1069 1
1 1069 1 1 945 1 1069 1
1 1069 1 1 945 1 1069 1
1 1069 1 1 945 1 1069 1
1 1069 1 1 945 1 1069 1
1 1069 1 1 945 1 1069 1
2 849 946 2 945 0 26 946 565 2 823 0
1 1069 1 1 565 1 1069 1
1 1069 1 1 565 1 1069 1
1 1069 1 1 565 1 1069 1
1 1069 1 1 565 1 1069 1
1 814 1099 2 565 0 528 1099 740 1 286 0
1 1069 1 1 740 1 1069 1
1 1069 1 1 740 1 1069 1
1 1069 1 1 740 1 1069 1
1 1069 1 1 740 1 1069 1
1 1069 1 1 740 1 1069 1
1 1069 1 1 740 1 1069 1
1 1069 1 1 740 1 1069 1
-1
11 56
1 1180 1 1 845 1 1180 1
1 1180 1 1 845 1 1180 1
1 1180 1 1 155 1 1180 1
1 1180 1 1 155 1 1180 1
1 1180 1 1 155 1 1180 1
1 1180 1 1 155 1 1180 1
1 1180 1 1 155 1 1180 1
1 1180 1 1 155 1 1180 1
1 1180 1 1 155 1 1180 1
1 1180 1 1 155 1 1180 1
1 835 1486 2 155 0 414 1485 459 1 421 1
1 1180 1 1 459 1 1180 1
1 1180 1 1 459 1 1180 1
1 1180 1 1 459 1 1180 1
1 1180 1 1 459 1 1180 1
1 1180 1 1 459 1 1180 1
1 1180 1 1 459 1 1180 1
1 1180 1 1 459 1 1180 1
1 1180 1 1 459 1 1180 1
1 1180 1 1 459 1 1180 1
1 1180 1 1 1190 1 1180 1
1 1180 1 1 1190 1 1180 1
1 1045 582 2 1190 0 167 581 93 1 878 1
1 1180 1 1 93 1 1180 1
1 1180 1 1 93 1 1180 1
1 1180 1 1 93 1 1180 1
1 1180 1 1 344 1 1180 1
1 1180 1 1 344 1 1180 1
1 1180 1 1 344 1 1180 1
2 1063 503 2 344 0 1011 503 1036 2 52 0
1 1180 1 1 1036 1 1180 1
1 1180 1 1 1036 1 1180 1
1 1180 1 1 1036 1 1180 1
1 1180 1 1 1036 1 1180 1
1 1180 1 1 1036 1 1180 1
0 1085 411 1 1036 0 1085 411
1 1180 1 1 1188 1 1180 1
1 1180 1 1 1188 1 1180 1
0 1078 441 1 1188 0 1078 441
0 1082 424 1 965 0 1082 424
1 1180 1 1 891 1 1180 1
1 1180 1 1 891 1 1180 1
1 1180 1 1 891 1 1180 1
1 1180 1 1 891 1 1180 1
1 1180 1 1 891 1 1180 1
1 1180 1 1 203 1 1180 1
1 1180 1 1 203 1 1180 1
1 1180 1 1 203 1 1180 1
1 1180 1 1 203 1 1180 1
1 1180 1 1 203 1 1180 1
1 1180 1 1 203 1 1180 1
1 927 1090 2 203 0 687 1089 1149 1 240 1
1 1180 1 1 1149 1 1180 1
1 841 1460 2 1149 0 680 1460 837 1 161 0
1 1180 1 1 837 1 1180 1
1 1180 1 1 837 1 1180 1
-1
12 44
1 1260 1 1 600 1 1260 1
1 1260 1 1 867 1 1260 1
1 1260 1 1 867 1 1260 1
1 1260 1 1 867 1 1260 1
1 1260 1 1 1030 1 1260 1
1 1260 1 1 1030 1 1260 1
1 1260 1 1 562 1 1260 1
0 1030 993 2 562 0 33 992 732 0 997 1
1 1260 1 1 732 1 1260 1
1 1260 1 1 817 1 1260 1
1 1260 1 1 817 1 1260 1
2 999 1123 2 817 0 507 1123 390 2 492 0
1 1260 1 1 390 1 1260 1
0 1119 609 2 652 0 573 609 1185 0 546 0
1 1260 1 1 1185 1 1260 1
1 1260 1 1 1185 1 1260 1
1 1260 1 1 1185 1 1260 1
1 1260 1 1 195 1 1260 1
1 1260 1 1 443 1 1260 1
1 1260 1 1 443 1 1260 1
1 1260 1 1 443 1 1260 1
1 1260 1 1 77 1 1260 1
1 1260 1 1 77 1 1260 1
1 1260 1 1 797 1 1260 1
1 1260 1 1 797 1 1260 1
2 1165 408 2 797 0 0 408 1117 2 1165 0
1 1260 1 1 1117 1 1260 1
1 1260 1 1 1117 1 1260 1
1 1260 1 1 1194 1 1260 1
1 1260 1 1 1194 1 1260 1
1 1260 1 1 201 1 1260 1
1 1260 1 1 201 1 1260 1
1 1260 1 1 122 1 1260 1
1 1260 1 1 122 1 1260 1
1 1260 1 1 122 1 1260 1
1 1260 1 1 35 1 1260 1
1 1260 1 1 35 1 1260 1
1 1260 1 1 35 1 1260 1
2 1054 886 2 35 0 0 886 1049 2 1054 0
1 1260 1 1 1049 1 1260 1
1 1260 1 1 1049 1 1260 1
1 1260 1 1 869 1 1260 1
1 1260 1 1 869 1 1260 1
1 1019 1038 2 869 0 111 1038 265 1 908 0
-1
13 43
0 598 0 1 600 0 598 0
0 598 0 1 867 0 598 0
0 598 0 1 867 0 598 0
0 598 0 1 867 0 598 0
0 598 0 1 1030 0 598 0
0 598 0 1 562 0 598 0
0 598 0 1 562 0 598 0
0 598 0 1 732 0 598 0
0 598 0 1 817 0 598 0
0 598 0 1 817 0 598 0
0 598 0 1 817 0 598 0
0 598 0 1 390 0 598 0
0 454 620 2 390 0 428 619 652 0 26 1
0 598 0 1 1185 0 598 0
0 598 0 1 1185 0 598 0
0 598 0 1 1185 0 598 0
0 598 0 1 195 0 598 0
0 598 0 1 195 0 598 0
0 598 0 1 443 0 598 0
0 598 0 1 443 0 598 0
0 588 43 2 443 0 0 42 77 0 588 1
0 598 0 1 77 0 598 0
0 598 0 1 797 0 598 0
0 598 0 1 797 0 598 0
0 598 0 1 797 0 598 0
0 598 0 1 1117 0 598 0
0 598 0 1 1117 0 598 0
0 420 766 2 1117 0 0 766 1037 0 420 0
0 598 0 1 1194 0 598 0
0 482 499 1 1194 0 482 499
0 598 0 1 201 0 598 0
2 409 810 2 201 0 379 810 122 2 30 0
0 598 0 1 122 0 598 0
0 598 0 1 122 0 598 0
0 598 0 1 35 0 598 0
0 598 0 1 35 0 598 0
0 598 0 1 35 0 598 0
0 598 0 1 35 0 598 0
0 598 0 1 1049 0 598 0
0 598 0 1 1049 0 598 0
0 558 172 2 1049 0 0 172 869 0 558 0
0 598 0 1 869 0 598 0
0 598 0 1 869 0 598 0
-1
14 61
1 1157 0 1 879 1 1157 0
1 1157 0 1 879 1 1157 0
1 1157 0 1 879 1 1157 0
1 1157 0 1 879 1 1157 0
0 930 979 2 879 0 503 979 722 0 427 0
1 1157 0 1 722 1 1157 0
1 1157 0 1 722 1 1157 0
1 1157 0 1 722 1 1157 0
0 961 845 2 722 0 28 845 429 0 933 0
1 1157 0 1 429 1 1157 0
1 1157 0 1 429 1 1157 0
1 1157 0 1 429 1 1157 0
1 1157 0 1 429 1 1157 0
0 883 1181 2 429 0 469 1181 269 0 414 0
1 1157 0 1 269 1 1157 0
1 1157 0 1 269 1 1157 0
1 1157 0 1 269 1 1157 0
1 1157 0 1 269 1 1157 0
1 1157 0 1 269 1 1157 0
1 842 1356 2 269 0 477 1355 792 1 365 1
1 1157 0 1 792 1 1157 0
1 1157 0 1 792 1 1157 0
1 1157 0 1 792 1 1157 0
1 1157 0 1 792 1 1157 0
1 1157 0 1 154 1 1157 0
1 1157 0 1 154 1 1157 0
1 1157 0 1 154 1 1157 0
1 1157 0 1 154 1 1157 0
1 1157 0 1 262 1 1157 0
1 1157 0 1 262 1 1157 0
1 1157 0 1 262 1 1157 0
1 976 779 2 262 0 337 778 26 1 639 1
1 1157 0 1 434 1 1157 0
1 1157 0 1 434 1 1157 0
1 1157 0 1 434 1 1157 0
0 981 759 2 434 0 600 759 282 0 381 0
1 1157 0 1 282 1 1157 0
1 1157 0 1 282 1 1157 0
1 1157 0 1 282 1 1157 0
1 1157 0 1 282 1 1157 0
1 1157 0 1 282 1 1157 0
1 913 1050 2 282 0 0 1049 305 1 913 1
1 1157 0 1 305 1 1157 0
1 1157 0 1 305 1 1157 0
1 1157 0 1 181 1 1157 0
1 1157 0 1 181 1 1157 0
1 975 783 2 181 0 645 783 291 1 330 0
1 1157 0 1 177 1 1157 0
1 1157 0 1 177 1 1157 0
1 1157 0 1 634 1 1157 0
1 1157 0 1 634 1 1157 0
0 1075 354 2 634 0 0 354 1044 0 1075 0
1 1157 0 1 1044 1 1157 0
1 1157 0 1 1044 1 1157 0
1 1157 0 1 1044 1 1157 0
1 1157 0 1 1039 1 1157 0
1 1157 0 1 777 1 1157 0
1 1157 0 1 777 1 1157 0
1 1157 0 1 777 1 1157 0
1 1157 0 1 777 1 1157 0
1 1157 0 1 374 1 1157 0
-1
15 46
1 702 0 1 600 1 702 0
1 702 0 1 1030 1 702 0
1 702 0 1 1030 1 702 0
1 702 0 1 1030 1 702 0
1 702 0 1 1030 1 702 0
1 702 0 1 1030 1 702 0
1 702 0 1 562 1 702 0
1 702 0 1 562 1 702 0
1 702 0 1 1052 1 702 0
1 702 0 1 1052 1 702 0
1 702 0 1 1052 1 702 0
1 702 0 1 652 1 702 0
1 702 0 1 652 1 702 0
1 702 0 1 652 1 702 0
1 702 0 1 873 1 702 0
1 702 0 1 873 1 702 0
1 702 0 1 873 1 702 0
0 648 235 1 873 0 648 235
1 524 767 2 195 0 339 766 579 1 185 1
1 702 0 1 579 1 702 0
1 702 0 1 579 1 702 0
1 702 0 1 579 1 702 0
1 702 0 1 579 1 702 0
0 507 842 2 579 0 464 842 1037 0 43 0
1 702 0 1 1037 1 702 0
1 702 0 1 1037 1 702 0
1 702 0 1 1037 1 702 0
1 702 0 1 1037 1 702 0
1 702 0 1 676 1 702 0
1 702 0 1 676 1 702 0
1 702 0 1 676 1 702 0
1 702 0 1 676 1 702 0
1 702 0 1 676 1 702 0
1 702 0 1 676 1 702 0
1 702 0 1 122 1 702 0
1 702 0 1 243 1 702 0
1 702 0 1 243 1 702 0
1 702 0 1 243 1 702 0
1 702 0 1 243 1 702 0
1 702 0 1 1049 1 702 0
1 702 0 1 1049 1 702 0
1 702 0 1 1031 1 702 0
1 556 629 2 1031 0 450 628 265 1 106 1
1 702 0 1 265 1 702 0
1 702 0 1 265 1 702 0
1 702 0 1 265 1 702 0
-1
16 59
2 1161 0 1 907 2 1161 0
2 1161 0 1 907 2 1161 0
2 1161 0 1 907 2 1161 0
2 1161 0 1 907 2 1161 0
0 1137 107 2 907 0 0 106 457 0 1137 1
2 1161 0 1 457 2 1161 0
2 1161 0 1 457 2 1161 0
2 1161 0 1 457 2 1161 0
2 1161 0 1 421 2 1161 0
2 1161 0 1 421 2 1161 0
2 1161 0 1 421 2 1161 0
2 1161 0 1 421 2 1161 0
2 1161 0 1 858 2 1161 0
0 1020 611 2 858 0 714 610 765 0 306 1
2 1161 0 1 765 2 1161 0
2 1161 0 1 765 2 1161 0
2 1161 0 1 765 2 1161 0
2 1161 0 1 765 2 1161 0
2 1161 0 1 494 2 1161 0
2 1161 0 1 494 2 1161 0
0 872 1248 2 494 0 497 1247 886 0 375 1
2 1161 0 1 886 2 1161 0
2 1161 0 1 694 2 1161 0
2 1161 0 1 694 2 1161 0
2 1161 0 1 956 2 1161 0
2 1161 0 1 956 2 1161 0
2 1161 0 1 956 2 1161 0
2 1161 0 1 558 2 1161 0
2 1161 0 1 558 2 1161 0
0 981 779 1 558 0 981 779
2 1161 0 1 1138 2 1161 0
2 1161 0 1 1138 2 1161 0
2 1161 0 1 514 2 1161 0
2 1161 0 1 514 2 1161 0
2 1161 0 1 514 2 1161 0
0 870 1256 1 514 0 870 1256
0 1141 90 1 1029 0 1141 90
2 1161 0 1 341 2 1161 0
2 1161 0 1 341 2 1161 0
2 1161 0 1 341 2 1161 0
2 1161 0 1 1144 2 1161 0
2 1161 0 1 1144 2 1161 0
2 1161 0 1 1144 2 1161 0
2 1161 0 1 917 2 1161 0
2 1161 0 1 917 2 1161 0
2 1161 0 1 917 2 1161 0
2 1161 0 1 917 2 1161 0
2 1161 0 1 431 2 1161 0
0 1042 516 2 431 0 912 516 147 0 130 0
2 1161 0 1 147 2 1161 0
2 1161 0 1 151 2 1161 0
2 1161 0 1 151 2 1161 0
2 1161 0 1 151 2 1161 0
0 1154 34 1 151 0 1154 34
2 1161 0 1 349 2 1161 0
2 1161 0 1 349 2 1161 0
2 1161 0 1 565 2 1161 0
2 1161 0 1 565 2 1161 0
2 1161 0 1 565 2 1161 0
-1
17 43
1 855 0 1 600 1 855 0
1 855 0 1 867 1 855 0
1 855 0 1 867 1 855 0
1 855 0 1 867 1 855 0
1 855 0 1 1030 1 855 0
0 542 1349 2 1030 0 181 1349 562 0 361 0
1 855 0 1 562 1 855 0
1 855 0 1 732 1 855 0
2 721 575 2 732 0 394 575 817 2 327 0
1 855 0 1 817 1 855 0
1 855 0 1 817 1 855 0
1 855 0 1 390 1 855 0
1 855 0 1 390 1 855 0
1 855 0 1 1185 1 855 0
1 855 0 1 1185 1 855 0
1 855 0 1 1185 1 855 0
0 543 1345 2 1185 0 171 1344 195 0 372 1
1 855 0 1 195 1 855 0
1 855 0 1 443 1 855 0
1 855 0 1 443 1 855 0
0 621 1009 1 443 0 621 1009
1 855 0 1 77 1 855 0
1 678 762 2 77 0 138 761 797 1 540 1
1 855 0 1 797 1 855 0
1 855 0 1 797 1 855 0
1 855 0 1 1117 1 855 0
1 855 0 1 1117 1 855 0
0 787 294 1 1117 0 787 294
1 855 0 1 1194 1 855 0
1 855 0 1 1194 1 855 0
1 855 0 1 201 1 855 0
1 855 0 1 201 1 855 0
1 855 0 1 122 1 855 0
1 855 0 1 122 1 855 0
1 566 1244 2 122 0 320 1244 35 1 246 0
1 855 0 1 35 1 855 0
1 855 0 1 35 1 855 0
1 855 0 1 35 1 855 0
1 855 0 1 1049 1 855 0
1 855 0 1 1049 1 855 0
0 584 1168 1 1049 0 584 1168
1 855 0 1 869 1 855 0
1 855 0 1 869 1 855 0
-1
18 55
0 1268 1 1 1163 0 1268 1
0 1268 1 1 1163 0 1268 1
0 1268 1 1 1163 0 1268 1
1 1148 516 2 1163 0 0 515 543 1 1148 1
0 1268 1 1 543 0 1268 1
0 1268 1 1 543 0 1268 1
0 1268 1 1 543 0 1268 1
1 1037 994 2 543 0 549 994 306 1 488 0
0 1268 1 1 306 0 1268 1
0 1268 1 1 306 0 1268 1
0 1268 1 1 306 0 1268 1
0 1268 1 1 306 0 1268 1
0 998 1164 2 306 0 601 1164 384 0 397 0
0 1268 1 1 384 0 1268 1
0 1268 1 1 384 0 1268 1
0 1268 1 1 384 0 1268 1
0 1268 1 1 1186 0 1268 1
0 1268 1 1 1186 0 1268 1
0 1268 1 1 1186 0 1268 1
0 1268 1 1 1186 0 1268 1
0 1268 1 1 1186 0 1268 1
0 1057 910 2 1186 0 0 909 854 0 1057 1
0 1268 1 1 854 0 1268 1
1 1146 525 2 854 0 669 524 957 1 477 1
0 1268 1 1 957 0 1268 1
0 1268 1 1 957 0 1268 1
0 1268 1 1 957 0 1268 1
1 1058 904 2 957 0 410 904 937 1 648 0
0 1268 1 1 937 0 1268 1
0 1268 1 1 937 0 1268 1
0 1268 1 1 12 0 1268 1
0 1268 1 1 12 0 1268 1
0 1268 1 1 12 0 1268 1
0 1268 1 1 279 0 1268 1
0 1268 1 1 279 0 1268 1
0 1268 1 1 279 0 1268 1
0 1268 1 1 1105 0 1268 1
0 1268 1 1 1105 0 1268 1
2 1134 575 2 1105 0 423 575 743 2 711 0
0 1268 1 1 743 0 1268 1
0 1268 1 1 743 0 1268 1
0 1268 1 1 743 0 1268 1
0 1268 1 1 743 0 1268 1
0 1034 1009 1 743 0 1034 1009
0 1268 1 1 1108 0 1268 1
0 1268 1 1 1108 0 1268 1
0 1268 1 1 1108 0 1268 1
0 1268 1 1 1108 0 1268 1
0 1268 1 1 1158 0 1268 1
0 1268 1 1 1158 0 1268 1
0 1268 1 1 1158 0 1268 1
0 1268 1 1 1158 0 1268 1
0 1268 1 1 1158 0 1268 1
2 983 1225 2 1158 0 233 1225 967 2 750 0
0 1268 1 1 967 0 1268 1
-1
19 96
0 632 1 1 158 0 632 1
0 632 1 1 158 0 632 1
0 632 1 1 158 0 632 1
0 632 1 1 158 0 632 1
0 632 1 1 158 0 632 1
0 632 1 1 158 0 632 1
0 632 1 1 158 0 632 1
0 632 1 1 158 0 632 1
1 502 559 2 158 0 47 559 549 1 455 0
0 632 1 1 549 0 632 1
0 632 1 1 549 0 632 1
0 632 1 1 549 0 632 1
0 632 1 1 549 0 632 1
0 632 1 1 549 0 632 1
0 632 1 1 549 0 632 1
0 632 1 1 549 0 632 1
0 632 1 1 549 0 632 1
0 632 1 1 549 0 632 1
0 632 1 1 549 0 632 1
0 632 1 1 549 0 632 1
0 632 1 1 549 0 632 1
0 632 1 1 549 0 632 1
0 632 1 1 549 0 632 1
0 632 1 1 549 0 632 1
0 632 1 1 549 0 632 1
0 632 1 1 549 0 632 1
0 632 1 1 549 0 632 1
1 327 1312 2 549 0 129 1311 771 1 198 1
0 632 1 1 771 0 632 1
0 632 1 1 771 0 632 1
0 632 1 1 771 0 632 1
0 632 1 1 771 0 632 1
0 632 1 1 771 0 632 1
0 632 1 1 771 0 632 1
0 632 1 1 771 0 632 1
0 632 1 1 771 0 632 1
0 632 1 1 771 0 632 1
0 632 1 1 771 0 632 1
0 632 1 1 771 0 632 1
0 448 793 2 771 0 94 793 489 0 354 0
0 632 1 1 489 0 632 1
0 632 1 1 489 0 632 1
0 632 1 1 489 0 632 1
0 632 1 1 489 0 632 1
0 632 1 1 489 0 632 1
0 632 1 1 489 0 632 1
0 632 1 1 489 0 632 1
0 632 1 1 489 0 632 1
0 632 1 1 489 0 632 1
0 632 1 1 489 0 632 1
0 632 1 1 489 0 632 1
0 632 1 1 489 0 632 1
0 632 1 1 489 0 632 1
0 632 1 1 489 0 632 1
0 632 1 1 489 0 632 1
0 632 1 1 489 0 632 1
0 469 702 1 489 0 469 702
2 516 497 2 489 0 0 497 270 2 516 0
0 632 1 1 270 0 632 1
0 632 1 1 270 0 632 1
0 632 1 1 270 0 632 1
0 632 1 1 270 0 632 1
0 632 1 1 270 0 632 1
0 632 1 1 270 0 632 1
0 632 1 1 270 0 632 1
0 632 1 1 270 0 632 1
0 632 1 1 270 0 632 1
0 632 1 1 270 0 632 1
0 632 1 1 270 0 632 1
0 632 1 1 270 0 632 1
0 592 173 1 270 0 592 173
2 450 781 2 270 0 0 781 39 2 450 0
0 632 1 1 39 0 632 1
0 632 1 1 39 0 632 1
0 632 1 1 39 0 632 1
0 632 1 1 39 0 632 1
0 632 1 1 39 0 632 1
0 632 1 1 39 0 632 1
0 632 1 1 39 0 632 1
0 632 1 1 39 0 632 1
0 632 1 1 39 0 632 1
0 632 1 1 39 0 632 1
0 632 1 1 39 0 632 1
0 632 1 1 39 0 632 1
1 418 920 2 39 0 352 920 416 1 66 0
0 632 1 1 416 0 632 1
0 632 1 1 416 0 632 1
0 632 1 1 416 0 632 1
0 632 1 1 416 0 632 1
0 632 1 1 416 0 632 1
0 632 1 1 416 0 632 1
0 632 1 1 416 0 632 1
0 632 1 1 416 0 632 1
0 632 1 1 416 0 632 1
0 632 1 1 416 0 632 1
0 632 1 1 416 0 632 1
-1
20 56
1 1136 1 1 907 1 1136 1
1 1136 1 1 907 1 1136 1
1 1136 1 1 907 1 1136 1
0 849 1239 1 907 0 849 1239
1 1136 1 1 457 1 1136 1
1 1136 1 1 457 1 1136 1
1 1136 1 1 457 1 1136 1
0 829 1325 2 457 0 704 1325 421 0 125 0
1 1136 1 1 421 1 1136 1
1 1136 1 1 421 1 1136 1
1 1136 1 1 421 1 1136 1
1 1136 1 1 858 1 1136 1
1 1136 1 1 858 1 1136 1
1 1136 1 1 765 1 1136 1
1 1136 1 1 765 1 1136 1
1 1136 1 1 765 1 1136 1
1 1136 1 1 765 1 1136 1
1 1136 1 1 494 1 1136 1
1 1136 1 1 494 1 1136 1
1 1136 1 1 494 1 1136 1
1 1136 1 1 886 1 1136 1
1 1012 535 2 886 0 548 535 694 1 464 0
1 1136 1 1 694 1 1136 1
0 1051 369 2 694 0 0 368 956 0 1051 1
1 1136 1 1 956 1 1136 1
1 1136 1 1 956 1 1136 1
0 899 1023 2 956 0 5 1023 558 0 894 0
1 1136 1 1 558 1 1136 1
1 1136 1 1 558 1 1136 1
1 1136 1 1 1138 1 1136 1
1 1136 1 1 1138 1 1136 1
1 1136 1 1 514 1 1136 1
1 1136 1 1 514 1 1136 1
1 1136 1 1 514 1 1136 1
1 1136 1 1 514 1 1136 1
1 1136 1 1 1029 1 1136 1
1 1136 1 1 341 1 1136 1
1 1136 1 1 341 1 1136 1
1 1136 1 1 341 1 1136 1
2 870 1145 2 341 0 212 1145 1144 2 658 0
1 1136 1 1 1144 1 1136 1
1 1136 1 1 1144 1 1136 1
1 890 1060 2 1144 0 720 1060 917 1 170 0
1 1136 1 1 917 1 1136 1
1 1136 1 1 917 1 1136 1
1 1136 1 1 917 1 1136 1
0 826 1338 2 917 0 190 1338 431 0 636 0
1 1136 1 1 431 1 1136 1
1 1136 1 1 147 1 1136 1
1 1136 1 1 151 1 1136 1
1 1136 1 1 151 1 1136 1
1 1136 1 1 151 1 1136 1
1 1136 1 1 151 1 1136 1
1 1136 1 1 349 1 1136 1
1 1136 1 1 349 1 1136 1
0 897 1032 2 725 0 152 1032 1145 0 745 0
-1
21 44
1 1086 0 1 600 1 1086 0
1 1055 133 2 600 0 0 133 867 1 1055 0
1 1086 0 1 867 1 1086 0
1 1086 0 1 867 1 1086 0
0 776 1336 2 867 0 667 1335 1030 0 109 1
1 1086 0 1 1030 1 1086 0
1 1086 0 1 562 1 1086 0
1 1086 0 1 562 1 1086 0
1 1086 0 1 732 1 1086 0
1 1086 0 1 817 1 1086 0
1 1086 0 1 817 1 1086 0
1 1086 0 1 817 1 1086 0
1 1086 0 1 390 1 1086 0
1 1086 0 1 652 1 1086 0
1 1086 0 1 1185 1 1086 0
1 1086 0 1 1185 1 1086 0
1 1086 0 1 1185 1 1086 0
1 1086 0 1 195 1 1086 0
1 1086 0 1 195 1 1086 0
1 1086 0 1 443 1 1086 0
1 1086 0 1 443 1 1086 0
1 1086 0 1 77 1 1086 0
1 1086 0 1 77 1 1086 0
1 1086 0 1 797 1 1086 0
1 1086 0 1 797 1 1086 0
0 932 664 1 797 0 932 664
1 1086 0 1 1117 1 1086 0
1 1086 0 1 1117 1 1086 0
1 1086 0 1 1194 1 1086 0
1 1086 0 1 1194 1 1086 0
1 1009 331 2 1194 0 0 331 201 1 1009 0
1 1086 0 1 201 1 1086 0
1 1086 0 1 122 1 1086 0
1 1086 0 1 122 1 1086 0
1 1086 0 1 122 1 1086 0
1 1086 0 1 35 1 1086 0
1 1086 0 1 35 1 1086 0
1 1086 0 1 35 1 1086 0
0 952 578 1 35 0 952 578
1 1086 0 1 1049 1 1086 0
1 1086 0 1 1049 1 1086 0
1 1086 0 1 869 1 1086 0
1 1086 0 1 869 1 1086 0
1 1086 0 1 869 1 1086 0
-1
22 66
1 1125 1 1 307 1 1125 1
1 1125 1 1 307 1 1125 1
1 1125 1 1 307 1 1125 1
1 1125 1 1 307 1 1125 1
1 1125 1 1 307 1 1125 1
2 910 925 2 307 0 802 925 802 2 108 0
1 1125 1 1 802 1 1125 1
1 1125 1 1 802 1 1125 1
1 1125 1 1 802 1 1125 1
1 1125 1 1 802 1 1125 1
1 1125 1 1 680 1 1125 1
1 1125 1 1 680 1 1125 1
1 1125 1 1 680 1 1125 1
1 1125 1 1 680 1 1125 1
1 1125 1 1 948 1 1125 1
1 1125 1 1 948 1 1125 1
1 1125 1 1 948 1 1125 1
1 1125 1 1 948 1 1125 1
1 1125 1 1 948 1 1125 1
1 1125 1 1 948 1 1125 1
1 1125 1 1 948 1 1125 1
1 1125 1 1 948 1 1125 1
1 805 1379 2 948 0 802 1378 611 1 3 1
1 1125 1 1 611 1 1125 1
1 1125 1 1 611 1 1125 1
1 1125 1 1 611 1 1125 1
1 1125 1 1 611 1 1125 1
0 1122 16 1 611 0 1122 16
1 1125 1 1 26 1 1125 1
1 1125 1 1 26 1 1125 1
1 1125 1 1 26 1 1125 1
1 1125 1 1 26 1 1125 1
1 1125 1 1 626 1 1125 1
1 1125 1 1 626 1 1125 1
1 1125 1 1 626 1 1125 1
1 1125 1 1 626 1 1125 1
1 1125 1 1 626 1 1125 1
0 1108 76 1 626 0 1108 76
1 1125 1 1 772 1 1125 1
1 1125 1 1 772 1 1125 1
1 1125 1 1 772 1 1125 1
1 1125 1 1 772 1 1125 1
0 959 718 2 772 0 660 718 787 0 299 0
1 1125 1 1 787 1 1125 1
1 1125 1 1 787 1 1125 1
1 1125 1 1 787 1 1125 1
1 1125 1 1 787 1 1125 1
1 1125 1 1 787 1 1125 1
1 1125 1 1 4 1 1125 1
1 1125 1 1 4 1 1125 1
1 1125 1 1 4 1 1125 1
1 1125 1 1 4 1 1125 1
1 1125 1 1 4 1 1125 1
1 1125 1 1 4 1 1125 1
2 940 796 2 4 0 0 796 837 2 940 0
1 1125 1 1 837 1 1125 1
1 1125 1 1 837 1 1125 1
1 1125 1 1 837 1 1125 1
1 1125 1 1 837 1 1125 1
1 1125 1 1 837 1 1125 1
2 786 1459 2 837 0 599 1459 583 2 187 0
1 1125 1 1 583 1 1125 1
1 1125 1 1 583 1 1125 1
1 1125 1 1 583 1 1125 1
1 1125 1 1 583 1 1125 1
1 1125 1 1 583 1 1125 1
-1
23 67
2 883 0 1 610 2 883 0
2 883 0 1 610 2 883 0
2 883 0 1 610 2 883 0
2 883 0 1 610 2 883 0
2 883 0 1 610 2 883 0
2 883 0 1 610 2 883 0
2 883 0 1 610 2 883 0
2 883 0 1 610 2 883 0
0 750 576 1 610 0 750 576
1 815 294 2 610 0 0 294 614 1 815 0
2 883 0 1 614 2 883 0
2 883 0 1 614 2 883 0
2 883 0 1 614 2 883 0
2 883 0 1 614 2 883 0
2 883 0 1 614 2 883 0
2 883 0 1 614 2 883 0
2 883 0 1 614 2 883 0
2 883 0 1 614 2 883 0
2 883 0 1 614 2 883 0
2 883 0 1 614 2 883 0
2 883 0 1 614 2 883 0
2 883 0 1 614 2 883 0
2 587 1274 2 614 0 30 1274 168 2 557 0
2 883 0 1 168 2 883 0
2 883 0 1 168 2 883 0
2 883 0 1 168 2 883 0
2 883 0 1 168 2 883 0
2 883 0 1 168 2 883 0
2 883 0 1 168 2 883 0
2 883 0 1 168 2 883 0
2 883 0 1 168 2 883 0
2 883 0 1 168 2 883 0
2 883 0 1 168 2 883 0
2 883 0 1 168 2 883 0
2 883 0 1 168 2 883 0
1 585 1285 2 168 0 377 1284 305 1 208 1
2 883 0 1 305 2 883 0
2 883 0 1 305 2 883 0
2 883 0 1 305 2 883 0
2 883 0 1 305 2 883 0
2 883 0 1 305 2 883 0
2 883 0 1 305 2 883 0
2 883 0 1 305 2 883 0
2 883 0 1 305 2 883 0
0 540 1480 2 305 0 62 1480 181 0 478 0
2 883 0 1 181 2 883 0
2 883 0 1 181 2 883 0
2 883 0 1 634 2 883 0
2 883 0 1 634 2 883 0
2 883 0 1 634 2 883 0
2 883 0 1 634 2 883 0
0 748 584 1 634 0 748 584
2 883 0 1 1044 2 883 0
2 883 0 1 1044 2 883 0
2 883 0 1 1044 2 883 0
1 776 462 2 1044 0 0 461 1039 1 776 1
2 883 0 1 1039 2 883 0
2 883 0 1 777 2 883 0
2 883 0 1 777 2 883 0
2 883 0 1 777 2 883 0
0 597 1235 2 777 0 152 1235 374 0 445 0
2 883 0 1 374 2 883 0
2 883 0 1 374 2 883 0
2 883 0 1 374 2 883 0
2 883 0 1 374 2 883 0
2 883 0 1 374 2 883 0
2 883 0 1 374 2 883 0
-1
24 56
0 879 1 1 1163 0 879 1
0 879 1 1 1163 0 879 1
0 879 1 1 1163 0 879 1
0 813 285 1 1163 0 813 285
0 879 1 1 543 0 879 1
0 879 1 1 543 0 879 1
0 879 1 1 543 0 879 1
0 879 1 1 543 0 879 1
0 879 1 1 306 0 879 1
0 879 1 1 306 0 879 1
0 879 1 1 306 0 879 1
0 879 1 1 306 0 879 1
0 879 1 1 306 0 879 1
0 879 1 1 384 0 879 1
0 879 1 1 384 0 879 1
0 879 1 1 384 0 879 1
1 687 826 2 384 0 641 825 1186 1 46 1
0 879 1 1 1186 0 879 1
0 879 1 1 1186 0 879 1
0 879 1 1 1186 0 879 1
0 879 1 1 1186 0 879 1
0 816 272 1 1186 0 816 272
0 879 1 1 854 0 879 1
0 879 1 1 854 0 879 1
0 879 1 1 957 0 879 1
0 879 1 1 957 0 879 1
0 879 1 1 957 0 879 1
0 879 1 1 957 0 879 1
0 879 1 1 937 0 879 1
0 879 1 1 937 0 879 1
1 737 611 2 937 0 592 611 12 1 145 0
0 879 1 1 12 0 879 1
0 879 1 1 12 0 879 1
0 719 690 2 12 0 547 690 279 0 172 0
0 879 1 1 279 0 879 1
0 879 1 1 279 0 879 1
1 726 658 2 279 0 233 658 1105 1 493 0
0 879 1 1 1105 0 879 1
0 879 1 1 1105 0 879 1
0 879 1 1 743 0 879 1
0 879 1 1 743 0 879 1
0 879 1 1 743 0 879 1
0 879 1 1 743 0 879 1
0 879 1 1 743 0 879 1
0 826 229 2 743 0 0 228 1108 0 826 1
0 879 1 1 1108 0 879 1
0 879 1 1 1108 0 879 1
0 879 1 1 1108 0 879 1
0 648 996 2 1108 0 501 996 1158 0 147 0
0 879 1 1 1158 0 879 1
0 879 1 1 1158 0 879 1
0 879 1 1 1158 0 879 1
0 879 1 1 1158 0 879 1
0 879 1 1 1158 0 879 1
0 879 1 1 967 0 879 1
0 879 1 1 967 0 879 1
-1
25 84
1 684 0 1 1089 1 684 0
1 684 0 1 1089 1 684 0
1 684 0 1 1089 1 684 0
1 684 0 1 1089 1 684 0
1 684 0 1 1089 1 684 0
1 684 0 1 1089 1 684 0
1 684 0 1 1089 1 684 0
1 684 0 1 1089 1 684 0
0 435 1074 2 1089 0 9 1073 378 0 426 1
1 684 0 1 378 1 684 0
1 684 0 1 378 1 684 0
1 684 0 1 378 1 684 0
1 684 0 1 378 1 684 0
1 684 0 1 378 1 684 0
1 684 0 1 378 1 684 0
1 684 0 1 378 1 684 0
1 684 0 1 378 1 684 0
0 457 979 1 378 0 457 979
1 684 0 1 769 1 684 0
1 684 0 1 769 1 684 0
1 684 0 1 769 1 684 0
1 684 0 1 769 1 684 0
1 684 0 1 769 1 684 0
1 684 0 1 769 1 684 0
1 684 0 1 769 1 684 0
1 684 0 1 128 1 684 0
1 684 0 1 128 1 684 0
1 684 0 1 128 1 684 0
1 684 0 1 128 1 684 0
1 684 0 1 128 1 684 0
0 634 217 2 128 0 0 217 574 0 634 0
1 684 0 1 574 1 684 0
1 684 0 1 574 1 684 0
1 684 0 1 574 1 684 0
1 684 0 1 574 1 684 0
1 684 0 1 357 1 684 0
1 684 0 1 357 1 684 0
1 684 0 1 357 1 684 0
1 684 0 1 357 1 684 0
1 684 0 1 357 1 684 0
1 684 0 1 357 1 684 0
1 684 0 1 357 1 684 0
2 453 993 2 357 0 138 993 192 2 315 0
1 684 0 1 192 1 684 0
1 684 0 1 192 1 684 0
1 684 0 1 192 1 684 0
1 684 0 1 192 1 684 0
1 684 0 1 1112 1 684 0
1 684 0 1 1112 1 684 0
1 684 0 1 1112 1 684 0
1 684 0 1 1112 1 684 0
1 684 0 1 1112 1 684 0
1 684 0 1 1112 1 684 0
1 684 0 1 1112 1 684 0
0 583 437 1 1112 0 583 437
1 684 0 1 490 1 684 0
1 684 0 1 490 1 684 0
1 684 0 1 490 1 684 0
1 684 0 1 490 1 684 0
1 684 0 1 490 1 684 0
1 684 0 1 490 1 684 0
1 684 0 1 490 1 684 0
1 684 0 1 490 1 684 0
1 684 0 1 490 1 684 0
1 684 0 1 490 1 684 0
1 357 1408 2 490 0 205 1407 265 1 152 1
1 684 0 1 265 1 684 0
1 684 0 1 265 1 684 0
1 684 0 1 265 1 684 0
1 684 0 1 265 1 684 0
1 592 396 2 265 0 0 395 1145 1 592 1
1 684 0 1 1145 1 684 0
1 684 0 1 202 1 684 0
1 684 0 1 202 1 684 0
1 684 0 1 202 1 684 0
1 684 0 1 202 1 684 0
1 684 0 1 202 1 684 0
0 671 58 2 202 0 0 57 43 0 671 1
1 684 0 1 43 1 684 0
1 684 0 1 43 1 684 0
1 684 0 1 43 1 684 0
1 684 0 1 43 1 684 0
1 684 0 1 43 1 684 0
1 684 0 1 43 1 684 0
-1
26 83
1 529 1 1 1089 1 529 1
1 529 1 1 1089 1 529 1
1 529 1 1 1089 1 529 1
1 529 1 1 1089 1 529 1
1 529 1 1 1089 1 529 1
1 529 1 1 1089 1 529 1
1 529 1 1 1089 1 529 1
1 529 1 1 1089 1 529 1
1 529 1 1 378 1 529 1
1 529 1 1 378 1 529 1
1 529 1 1 378 1 529 1
1 529 1 1 378 1 529 1
1 529 1 1 378 1 529 1
1 529 1 1 378 1 529 1
1 529 1 1 378 1 529 1
1 529 1 1 378 1 529 1
1 529 1 1 378 1 529 1
0 472 248 2 378 0 0 248 769 0 472 0
1 529 1 1 769 1 529 1
1 529 1 1 769 1 529 1
1 529 1 1 769 1 529 1
1 529 1 1 769 1 529 1
1 529 1 1 769 1 529 1
1 529 1 1 769 1 529 1
0 312 937 2 769 0 31 936 128 0 281 1
1 529 1 1 128 1 529 1
1 529 1 1 128 1 529 1
1 529 1 1 128 1 529 1
1 529 1 1 128 1 529 1
0 420 472 1 128 0 420 472
1 529 1 1 574 1 529 1
1 529 1 1 574 1 529 1
1 529 1 1 574 1 529 1
1 529 1 1 574 1 529 1
2 387 610 2 574 0 32 610 357 2 355 0
1 529 1 1 357 1 529 1
1 529 1 1 357 1 529 1
1 529 1 1 357 1 529 1
1 529 1 1 357 1 529 1
1 529 1 1 357 1 529 1
1 529 1 1 357 1 529 1
1 529 1 1 357 1 529 1
1 529 1 1 192 1 529 1
1 529 1 1 192 1 529 1
1 529 1 1 192 1 529 1
1 529 1 1 192 1 529 1
0 387 614 2 192 0 385 614 1112 0 2 0
1 529 1 1 1112 1 529 1
1 529 1 1 1112 1 529 1
1 529 1 1 1112 1 529 1
1 529 1 1 1112 1 529 1
1 529 1 1 1112 1 529 1
1 529 1 1 1112 1 529 1
1 529 1 1 1112 1 529 1
0 398 566 2 1112 0 0 566 490 0 398 0
1 529 1 1 490 1 529 1
1 529 1 1 490 1 529 1
1 529 1 1 490 1 529 1
1 529 1 1 490 1 529 1
1 529 1 1 490 1 529 1
1 529 1 1 490 1 529 1
1 529 1 1 490 1 529 1
1 529 1 1 490 1 529 1
1 529 1 1 490 1 529 1
1 529 1 1 490 1 529 1
1 529 1 1 265 1 529 1
1 529 1 1 265 1 529 1
1 529 1 1 265 1 529 1
1 529 1 1 265 1 529 1
0 340 816 1 265 0 340 816
1 529 1 1 1145 1 529 1
1 260 1159 2 1145 0 229 1158 202 1 31 1
1 529 1 1 202 1 529 1
1 529 1 1 202 1 529 1
1 529 1 1 202 1 529 1
1 529 1 1 202 1 529 1
0 390 601 1 202 0 390 601
1 529 1 1 43 1 529 1
1 529 1 1 43 1 529 1
1 529 1 1 43 1 529 1
1 529 1 1 43 1 529 1
1 529 1 1 43 1 529 1
1 529 1 1 43 1 529 1
-1
27 54
1 1026 0 1 805 1 1026 0
1 1026 0 1 805 1 1026 0
1 1026 0 1 805 1 1026 0
1 1026 0 1 805 1 1026 0
1 1026 0 1 696 1 1026 0
1 1026 0 1 696 1 1026 0
1 1026 0 1 696 1 1026 0
0 856 733 1 696 0 856 733
1 1026 0 1 257 1 1026 0
1 1026 0 1 257 1 1026 0
1 1026 0 1 257 1 1026 0
1 1026 0 1 257 1 1026 0
0 919 462 1 257 0 919 462
1 1026 0 1 1142 1 1026 0
1 1026 0 1 1142 1 1026 0
1 1026 0 1 1142 1 1026 0
1 1026 0 1 1142 1 1026 0
1 708 1369 2 1142 0 412 1368 234 1 296 1
1 1026 0 1 234 1 1026 0
1 1026 0 1 234 1 1026 0
1 1026 0 1 234 1 1026 0
1 1026 0 1 512 1 1026 0
1 1026 0 1 512 1 1026 0
1 1026 0 1 512 1 1026 0
1 1026 0 1 512 1 1026 0
1 1026 0 1 1037 1 1026 0
1 1026 0 1 1037 1 1026 0
1 756 1162 2 1037 0 0 1161 268 1 756 1
1 1026 0 1 268 1 1026 0
1 1026 0 1 268 1 1026 0
1 1026 0 1 268 1 1026 0
1 1026 0 1 268 1 1026 0
0 727 1289 2 268 0 0 1288 84 0 727 1
1 1026 0 1 84 1 1026 0
1 1026 0 1 1132 1 1026 0
1 1026 0 1 1132 1 1026 0
0 885 609 2 1132 0 40 608 965 0 845 1
1 1026 0 1 965 1 1026 0
1 1026 0 1 965 1 1026 0
1 872 663 2 965 0 0 662 969 1 872 1
1 1026 0 1 969 1 1026 0
1 1026 0 1 969 1 1026 0
1 810 930 2 969 0 631 929 191 1 179 1
1 1026 0 1 191 1 1026 0
1 1026 0 1 191 1 1026 0
1 1026 0 1 191 1 1026 0
1 1026 0 1 147 1 1026 0
1 1026 0 1 147 1 1026 0
1 1026 0 1 147 1 1026 0
1 1026 0 1 1149 1 1026 0
1 1026 0 1 1149 1 1026 0
1 1026 0 1 1149 1 1026 0
1 1026 0 1 1149 1 1026 0
1 1026 0 1 837 1 1026 0
-1
28 66
2 750 0 1 132 2 750 0
2 750 0 1 132 2 750 0
2 750 0 1 132 2 750 0
2 750 0 1 132 2 750 0
2 750 0 1 132 2 750 0
1 556 837 2 132 0 39 836 438 1 517 1
2 750 0 1 438 2 750 0
2 750 0 1 438 2 750 0
2 750 0 1 438 2 750 0
2 750 0 1 438 2 750 0
2 750 0 1 438 2 750 0
2 750 0 1 438 2 750 0
2 750 0 1 438 2 750 0
2 750 0 1 438 2 750 0
2 750 0 1 516 2 750 0
2 750 0 1 516 2 750 0
2 750 0 1 516 2 750 0
2 750 0 1 516 2 750 0
0 632 512 2 516 0 0 511 174 0 632 1
2 750 0 1 174 2 750 0
2 750 0 1 174 2 750 0
2 750 0 1 174 2 750 0
2 750 0 1 174 2 750 0
2 750 0 1 174 2 750 0
2 750 0 1 312 2 750 0
2 750 0 1 312 2 750 0
2 750 0 1 312 2 750 0
2 750 0 1 312 2 750 0
2 750 0 1 312 2 750 0
2 750 0 1 1134 2 750 0
2 750 0 1 1134 2 750 0
2 750 0 1 1134 2 750 0
2 750 0 1 1134 2 750 0
2 750 0 1 1134 2 750 0
2 750 0 1 1134 2 750 0
2 750 0 1 412 2 750 0
2 750 0 1 412 2 750 0
2 750 0 1 412 2 750 0
2 750 0 1 412 2 750 0
2 750 0 1 405 2 750 0
2 750 0 1 405 2 750 0
2 750 0 1 405 2 750 0
2 750 0 1 405 2 750 0
2 750 0 1 405 2 750 0
2 750 0 1 405 2 750 0
2 750 0 1 712 2 750 0
2 750 0 1 712 2 750 0
2 750 0 1 712 2 750 0
2 750 0 1 712 2 750 0
2 750 0 1 712 2 750 0
2 750 0 1 712 2 750 0
1 509 1040 2 712 0 154 1039 847 1 355 1
2 750 0 1 847 2 750 0
2 750 0 1 847 2 750 0
2 750 0 1 847 2 750 0
0 599 654 2 847 0 303 654 65 0 296 0
2 750 0 1 65 2 750 0
2 750 0 1 65 2 750 0
2 750 0 1 65 2 750 0
2 750 0 1 65 2 750 0
2 750 0 1 159 2 750 0
2 750 0 1 159 2 750 0
2 750 0 1 159 2 750 0
2 750 0 1 159 2 750 0
2 750 0 1 159 2 750 0
2 750 0 1 159 2 750 0
-1
29 46
1 824 0 1 600 1 824 0
0 700 536 1 600 0 700 536
1 824 0 1 1030 1 824 0
1 824 0 1 1030 1 824 0
1 824 0 1 1030 1 824 0
1 824 0 1 1030 1 824 0
1 824 0 1 562 1 824 0
1 824 0 1 562 1 824 0
1 824 0 1 1052 1 824 0
1 824 0 1 1052 1 824 0
1 824 0 1 1052 1 824 0
1 689 581 2 1052 0 645 581 652 1 44 0
1 824 0 1 652 1 824 0
1 824 0 1 652 1 824 0
1 824 0 1 873 1 824 0
1 824 0 1 873 1 824 0
1 824 0 1 873 1 824 0
1 824 0 1 873 1 824 0
1 722 439 2 873 0 0 438 195 1 722 1
1 824 0 1 579 1 824 0
1 824 0 1 579 1 824 0
1 824 0 1 579 1 824 0
1 824 0 1 579 1 824 0
1 824 0 1 579 1 824 0
1 824 0 1 1037 1 824 0
1 824 0 1 1037 1 824 0
1 824 0 1 1037 1 824 0
1 824 0 1 1037 1 824 0
1 824 0 1 676 1 824 0
1 824 0 1 676 1 824 0
1 824 0 1 676 1 824 0
1 824 0 1 676 1 824 0
1 824 0 1 676 1 824 0
1 824 0 1 676 1 824 0
1 578 1059 2 676 0 354 1058 122 1 224 1
1 824 0 1 243 1 824 0
1 824 0 1 243 1 824 0
1 824 0 1 243 1 824 0
1 824 0 1 243 1 824 0
0 665 686 2 243 0 62 686 1049 0 603 0
1 824 0 1 1049 1 824 0
1 824 0 1 1031 1 824 0
1 824 0 1 1031 1 824 0
1 824 0 1 265 1 824 0
1 824 0 1 265 1 824 0
1 824 0 1 265 1 824 0
-1
30 57
2 803 0 1 907 2 803 0
2 803 0 1 907 2 803 0
2 803 0 1 907 2 803 0
2 803 0 1 907 2 803 0
2 803 0 1 457 2 803 0
2 803 0 1 457 2 803 0
2 803 0 1 457 2 803 0
2 803 0 1 457 2 803 0
2 803 0 1 421 2 803 0
2 803 0 1 421 2 803 0
2 803 0 1 421 2 803 0
2 550 1089 2 421 0 0 1089 858 2 550 0
2 803 0 1 858 2 803 0
2 803 0 1 765 2 803 0
2 803 0 1 765 2 803 0
2 803 0 1 765 2 803 0
2 803 0 1 765 2 803 0
0 470 1437 2 765 0 252 1437 494 0 218 0
2 803 0 1 494 2 803 0
2 803 0 1 494 2 803 0
2 803 0 1 886 2 803 0
2 803 0 1 886 2 803 0
2 803 0 1 694 2 803 0
0 748 240 1 694 0 748 240
2 803 0 1 956 2 803 0
2 803 0 1 956 2 803 0
2 803 0 1 956 2 803 0
2 803 0 1 558 2 803 0
2 803 0 1 558 2 803 0
2 803 0 1 1138 2 803 0
2 803 0 1 1138 2 803 0
2 628 753 2 1138 0 585 753 514 2 43 0
2 803 0 1 514 2 803 0
2 803 0 1 514 2 803 0
2 803 0 1 514 2 803 0
0 803 3 2 514 0 0 3 1029 0 803 0
2 803 0 1 341 2 803 0
2 803 0 1 341 2 803 0
2 803 0 1 341 2 803 0
2 803 0 1 341 2 803 0
2 803 0 1 1144 2 803 0
2 803 0 1 1144 2 803 0
2 803 0 1 1144 2 803 0
2 803 0 1 917 2 803 0
2 803 0 1 917 2 803 0
2 803 0 1 917 2 803 0
2 803 0 1 917 2 803 0
2 803 0 1 431 2 803 0
2 803 0 1 147 2 803 0
2 803 0 1 151 2 803 0
2 803 0 1 151 2 803 0
2 803 0 1 151 2 803 0
2 803 0 1 151 2 803 0
1 492 1341 2 151 0 0 1341 349 1 492 0
2 803 0 1 349 2 803 0
2 649 663 2 349 0 87 663 725 2 562 0
2 803 0 1 565 2 803 0
-1
31 68
1 531 0 1 473 1 531 0
1 531 0 1 473 1 531 0
1 531 0 1 473 1 531 0
1 531 0 1 473 1 531 0
1 531 0 1 89 1 531 0
1 531 0 1 89 1 531 0
1 531 0 1 89 1 531 0
0 349 786 1 89 0 349 786
1 531 0 1 1081 1 531 0
1 531 0 1 1081 1 531 0
1 531 0 1 1081 1 531 0
1 531 0 1 1081 1 531 0
1 531 0 1 150 1 531 0
1 531 0 1 150 1 531 0
1 531 0 1 150 1 531 0
1 531 0 1 150 1 531 0
1 531 0 1 150 1 531 0
1 531 0 1 152 1 531 0
1 531 0 1 152 1 531 0
0 453 338 1 152 0 453 338
1 531 0 1 1135 1 531 0
1 531 0 1 1135 1 531 0
1 531 0 1 1135 1 531 0
1 531 0 1 1135 1 531 0
2 449 352 2 1135 0 0 352 119 2 449 0
1 531 0 1 119 1 531 0
1 531 0 1 119 1 531 0
1 531 0 1 119 1 531 0
1 531 0 1 119 1 531 0
1 531 0 1 119 1 531 0
1 531 0 1 466 1 531 0
1 531 0 1 466 1 531 0
1 531 0 1 466 1 531 0
1 531 0 1 466 1 531 0
1 531 0 1 267 1 531 0
1 531 0 1 267 1 531 0
1 531 0 1 267 1 531 0
1 317 922 2 267 0 29 921 718 1 288 1
1 531 0 1 718 1 531 0
1 531 0 1 718 1 531 0
1 531 0 1 718 1 531 0
1 496 151 2 718 0 0 151 325 1 496 0
1 531 0 1 325 1 531 0
1 531 0 1 291 1 531 0
1 531 0 1 291 1 531 0
1 531 0 1 291 1 531 0
1 531 0 1 291 1 531 0
1 531 0 1 291 1 531 0
1 531 0 1 177 1 531 0
1 531 0 1 177 1 531 0
1 531 0 1 478 1 531 0
1 531 0 1 478 1 531 0
1 531 0 1 478 1 531 0
1 531 0 1 1039 1 531 0
1 531 0 1 1039 1 531 0
1 531 0 1 1039 1 531 0
1 531 0 1 1039 1 531 0
1 531 0 1 492 1 531 0
1 531 0 1 492 1 531 0
1 531 0 1 492 1 531 0
0 348 790 1 492 0 348 790
1 531 0 1 372 1 531 0
1 531 0 1 372 1 531 0
1 531 0 1 372 1 531 0
1 531 0 1 372 1 531 0
1 531 0 1 1006 1 531 0
1 531 0 1 1006 1 531 0
1 531 0 1 1006 1 531 0
-1
32 45
0 818 0 1 885 0 818 0
0 818 0 1 885 0 818 0
0 818 0 1 999 0 818 0
0 818 0 1 729 0 818 0
0 818 0 1 944 0 818 0
0 818 0 1 456 0 818 0
0 818 0 1 249 0 818 0
0 818 0 1 249 0 818 0
0 818 0 1 448 0 818 0
0 818 0 1 806 0 818 0
0 818 0 1 57 0 818 0
0 609 900 2 57 0 0 899 747 0 609 1
0 818 0 1 747 0 818 0
0 818 0 1 1095 0 818 0
0 778 172 1 1095 0 778 172
0 818 0 1 838 0 818 0
0 818 0 1 218 0 818 0
0 818 0 1 741 0 818 0
1 693 536 2 294 0 442 535 463 1 251 1
2 625 827 2 463 0 83 827 911 2 542 0
0 818 0 1 936 0 818 0
0 818 0 1 936 0 818 0
0 818 0 1 1050 0 818 0
0 818 0 1 47 0 818 0
0 818 0 1 228 0 818 0
0 818 0 1 140 0 818 0
0 818 0 1 737 0 818 0
0 818 0 1 647 0 818 0
0 818 0 1 647 0 818 0
0 818 0 1 1137 0 818 0
0 818 0 1 710 0 818 0
0 818 0 1 509 0 818 0
0 818 0 1 162 0 818 0
1 799 80 2 297 0 0 79 472 1 799 1
0 818 0 1 472 0 818 0
0 818 0 1 935 0 818 0
0 493 1399 2 935 0 243 1399 572 0 250 0
0 818 0 1 572 0 818 0
0 818 0 1 1032 0 818 0
0 818 0 1 738 0 818 0
0 818 0 1 738 0 818 0
0 818 0 1 738 0 818 0
0 818 0 1 738 0 818 0
0 818 0 1 738 0 818 0
0 818 0 1 738 0 818 0
-1
33 66
2 743 0 1 132 2 743 0
2 743 0 1 132 2 743 0
2 743 0 1 132 2 743 0
2 743 0 1 132 2 743 0
2 743 0 1 132 2 743 0
2 743 0 1 438 2 743 0
2 743 0 1 438 2 743 0
2 743 0 1 438 2 743 0
2 743 0 1 438 2 743 0
2 743 0 1 438 2 743 0
2 743 0 1 438 2 743 0
2 743 0 1 438 2 743 0
2 743 0 1 438 2 743 0
2 743 0 1 516 2 743 0
2 743 0 1 516 2 743 0
2 743 0 1 516 2 743 0
2 743 0 1 516 2 743 0
0 690 231 1 516 0 690 231
2 743 0 1 174 2 743 0
2 743 0 1 174 2 743 0
2 743 0 1 174 2 743 0
2 743 0 1 174 2 743 0
2 743 0 1 174 2 743 0
0 527 933 2 174 0 289 933 312 0 238 0
2 743 0 1 312 2 743 0
2 743 0 1 312 2 743 0
2 743 0 1 312 2 743 0
2 743 0 1 312 2 743 0
1 553 820 2 312 0 402 820 1104 1 151 0
2 743 0 1 1134 2 743 0
2 743 0 1 1134 2 743 0
2 743 0 1 1134 2 743 0
2 743 0 1 1134 2 743 0
2 743 0 1 1134 2 743 0
2 743 0 1 1134 2 743 0
2 743 0 1 412 2 743 0
2 743 0 1 412 2 743 0
2 743 0 1 412 2 743 0
1 601 613 2 412 0 274 613 405 1 327 0
2 743 0 1 405 2 743 0
2 743 0 1 405 2 743 0
2 743 0 1 405 2 743 0
2 743 0 1 405 2 743 0
2 743 0 1 405 2 743 0
0 515 985 2 405 0 300 985 712 0 215 0
2 743 0 1 712 2 743 0
2 743 0 1 712 2 743 0
2 743 0 1 712 2 743 0
2 743 0 1 712 2 743 0
2 743 0 1 712 2 743 0
2 743 0 1 712 2 743 0
2 743 0 1 847 2 743 0
2 743 0 1 847 2 743 0
2 743 0 1 847 2 743 0
2 743 0 1 847 2 743 0
2 743 0 1 65 2 743 0
2 743 0 1 65 2 743 0
2 743 0 1 65 2 743 0
2 743 0 1 65 2 743 0
0 572 740 2 65 0 367 739 159 0 205 1
2 743 0 1 159 2 743 0
2 743 0 1 159 2 743 0
2 743 0 1 159 2 743 0
2 743 0 1 159 2 743 0
2 743 0 1 159 2 743 0
2 524 943 2 159 0 54 943 971 2 470 0
-1
34 61
1 927 1 1 879 1 927 1
1 927 1 1 879 1 927 1
1 927 1 1 879 1 927 1
1 927 1 1 879 1 927 1
1 927 1 1 722 1 927 1
1 927 1 1 722 1 927 1
1 927 1 1 722 1 927 1
1 927 1 1 722 1 927 1
1 927 1 1 429 1 927 1
1 927 1 1 429 1 927 1
1 927 1 1 429 1 927 1
1 927 1 1 429 1 927 1
1 927 1 1 429 1 927 1
1 927 1 1 269 1 927 1
1 927 1 1 269 1 927 1
1 927 1 1 269 1 927 1
1 927 1 1 269 1 927 1
1 927 1 1 269 1 927 1
1 927 1 1 269 1 927 1
1 927 1 1 792 1 927 1
1 927 1 1 792 1 927 1
1 927 1 1 792 1 927 1
1 927 1 1 792 1 927 1
1 696 996 2 792 0 290 995 154 1 406 1
1 927 1 1 154 1 927 1
1 927 1 1 154 1 927 1
1 927 1 1 154 1 927 1
1 719 897 2 154 0 286 897 262 1 433 0
1 927 1 1 262 1 927 1
1 927 1 1 262 1 927 1
1 927 1 1 262 1 927 1
1 927 1 1 26 1 927 1
1 927 1 1 434 1 927 1
1 927 1 1 434 1 927 1
1 927 1 1 434 1 927 1
1 927 1 1 282 1 927 1
1 927 1 1 282 1 927 1
1 927 1 1 282 1 927 1
1 927 1 1 282 1 927 1
1 927 1 1 282 1 927 1
0 871 244 1 282 0 871 244
1 927 1 1 305 1 927 1
1 927 1 1 305 1 927 1
1 927 1 1 305 1 927 1
1 927 1 1 181 1 927 1
1 927 1 1 181 1 927 1
1 927 1 1 291 1 927 1
1 927 1 1 177 1 927 1
1 927 1 1 177 1 927 1
1 927 1 1 634 1 927 1
1 927 1 1 634 1 927 1
1 927 1 1 1044 1 927 1
1 927 1 1 1044 1 927 1
1 927 1 1 1044 1 927 1
0 758 730 1 1044 0 758 730
1 927 1 1 1039 1 927 1
1 927 1 1 777 1 927 1
1 927 1 1 777 1 927 1
1 927 1 1 777 1 927 1
1 927 1 1 777 1 927 1
1 927 1 1 374 1 927 1
-1
35 47
0 665 0 1 885 0 665 0
0 665 0 1 999 0 665 0
0 665 0 1 729 0 665 0
0 665 0 1 944 0 665 0
0 665 0 1 456 0 665 0
0 665 0 1 249 0 665 0
0 665 0 1 249 0 665 0
0 665 0 1 448 0 665 0
0 665 0 1 806 0 665 0
1 357 1325 2 806 0 82 1325 57 1 275 0
0 662 13 1 57 0 662 13
0 665 0 1 747 0 665 0
0 665 0 1 1095 0 665 0
0 665 0 1 1095 0 665 0
0 665 0 1 838 0 665 0
0 665 0 1 218 0 665 0
0 665 0 1 741 0 665 0
0 665 0 1 294 0 665 0
0 665 0 1 463 0 665 0
0 665 0 1 936 0 665 0
0 665 0 1 936 0 665 0
0 665 0 1 1050 0 665 0
0 665 0 1 47 0 665 0
0 665 0 1 228 0 665 0
0 665 0 1 140 0 665 0
0 665 0 1 737 0 665 0
0 665 0 1 647 0 665 0
0 665 0 1 647 0 665 0
0 665 0 1 1137 0 665 0
0 665 0 1 710 0 665 0
0 665 0 1 509 0 665 0
0 665 0 1 162 0 665 0
0 665 0 1 297 0 665 0
0 665 0 1 472 0 665 0
0 665 0 1 935 0 665 0
0 665 0 1 935 0 665 0
0 665 0 1 572 0 665 0
0 665 0 1 1032 0 665 0
0 665 0 1 738 0 665 0
0 665 0 1 738 0 665 0
0 665 0 1 738 0 665 0
0 665 0 1 738 0 665 0
0 665 0 1 738 0 665 0
0 665 0 1 738 0 665 0
0 665 0 1 738 0 665 0
0 665 0 1 738 0 665 0
0 158 1154 1 738 0 158 1154
-1
36 59
0 1070 1 1 435 0 1070 1
0 1070 1 1 435 0 1070 1
0 1070 1 1 1169 0 1070 1
0 1070 1 1 1169 0 1070 1
0 1070 1 1 373 0 1070 1
0 1070 1 1 373 0 1070 1
0 1070 1 1 373 0 1070 1
0 1070 1 1 440 0 1070 1
0 1070 1 1 440 0 1070 1
0 1070 1 1 440 0 1070 1
0 1070 1 1 440 0 1070 1
0 1070 1 1 689 0 1070 1
0 1034 156 1 689 0 1034 156
0 1070 1 1 683 0 1070 1
2 932 592 2 683 0 634 592 603 2 298 0
0 1070 1 1 603 0 1070 1
0 1070 1 1 603 0 1070 1
0 1070 1 1 603 0 1070 1
0 1064 27 2 603 0 0 26 613 0 1064 1
0 1070 1 1 613 0 1070 1
0 1070 1 1 180 0 1070 1
0 1070 1 1 180 0 1070 1
0 1070 1 1 180 0 1070 1
0 1070 1 1 180 0 1070 1
2 738 1427 2 180 0 406 1427 54 2 332 0
0 1070 1 1 54 0 1070 1
0 1070 1 1 54 0 1070 1
0 1070 1 1 1193 0 1070 1
0 1070 1 1 1193 0 1070 1
0 936 578 1 1193 0 936 578
0 1070 1 1 436 0 1070 1
0 1070 1 1 26 0 1070 1
0 1070 1 1 607 0 1070 1
0 1070 1 1 607 0 1070 1
0 1070 1 1 607 0 1070 1
0 1070 1 1 507 0 1070 1
0 1070 1 1 507 0 1070 1
0 1070 1 1 507 0 1070 1
0 1070 1 1 475 0 1070 1
0 1070 1 1 475 0 1070 1
1 877 830 2 475 0 507 829 227 1 370 1
0 1070 1 1 227 0 1070 1
0 1070 1 1 227 0 1070 1
0 1070 1 1 113 0 1070 1
0 948 526 2 113 0 837 526 485 0 111 0
0 1070 1 1 485 0 1070 1
0 1070 1 1 485 0 1070 1
0 1070 1 1 485 0 1070 1
0 1070 1 1 633 0 1070 1
0 1070 1 1 633 0 1070 1
0 1070 1 1 503 0 1070 1
0 1070 1 1 503 0 1070 1
0 1070 1 1 503 0 1070 1
0 1070 1 1 942 0 1070 1
0 1070 1 1 942 0 1070 1
0 1070 1 1 942 0 1070 1
0 1070 1 1 942 0 1070 1
0 1070 1 1 942 0 1070 1
0 1070 1 1 740 0 1070 1
-1
37 63
0 1094 0 1 1140 0 1094 0
0 1094 0 1 1140 0 1094 0
0 1094 0 1 1140 0 1094 0
0 1094 0 1 1140 0 1094 0
0 1094 0 1 1140 0 1094 0
0 1094 0 1 1140 0 1094 0
0 1094 0 1 1140 0 1094 0
0 1094 0 1 1140 0 1094 0
0 1094 0 1 1140 0 1094 0
0 1094 0 1 1140 0 1094 0
1 805 1243 2 1140 0 247 1243 421 1 558 0
0 1033 263 1 421 0 1033 263
0 1094 0 1 395 0 1094 0
0 1094 0 1 395 0 1094 0
0 1094 0 1 395 0 1094 0
0 1094 0 1 395 0 1094 0
0 1094 0 1 395 0 1094 0
0 1094 0 1 395 0 1094 0
0 1094 0 1 395 0 1094 0
0 1094 0 1 395 0 1094 0
0 1094 0 1 395 0 1094 0
0 1094 0 1 395 0 1094 0
0 1094 0 1 395 0 1094 0
1 770 1394 2 395 0 512 1394 339 1 258 0
0 1094 0 1 339 0 1094 0
0 1094 0 1 339 0 1094 0
0 1094 0 1 339 0 1094 0
0 1094 0 1 339 0 1094 0
0 1094 0 1 339 0 1094 0
1 923 735 2 339 0 886 735 591 1 37 0
0 1094 0 1 591 0 1094 0
0 1094 0 1 591 0 1094 0
0 1094 0 1 591 0 1094 0
0 1094 0 1 591 0 1094 0
0 1094 0 1 591 0 1094 0
0 1094 0 1 591 0 1094 0
0 1094 0 1 591 0 1094 0
0 1094 0 1 591 0 1094 0
0 1094 0 1 591 0 1094 0
0 1094 0 1 591 0 1094 0
0 807 1236 2 591 0 146 1236 1031 0 661 0
0 1094 0 1 1031 0 1094 0
0 1094 0 1 1031 0 1094 0
0 1094 0 1 1067 0 1094 0
0 1094 0 1 1067 0 1094 0
0 1094 0 1 1067 0 1094 0
0 1094 0 1 1067 0 1094 0
0 1094 0 1 1067 0 1094 0
0 952 612 2 1067 0 38 612 725 0 914 0
0 1094 0 1 725 0 1094 0
0 1094 0 1 725 0 1094 0
0 1094 0 1 725 0 1094 0
0 1094 0 1 725 0 1094 0
0 1094 0 1 725 0 1094 0
0 1094 0 1 725 0 1094 0
0 1094 0 1 725 0 1094 0
0 1094 0 1 1145 0 1094 0
0 1094 0 1 1145 0 1094 0
0 1094 0 1 1145 0 1094 0
0 1094 0 1 1145 0 1094 0
0 1094 0 1 1145 0 1094 0
0 1094 0 1 1145 0 1094 0
0 1094 0 1 1145 0 1094 0
-1
38 52
0 1050 1 1 845 0 1050 1
0 1050 1 1 845 0 1050 1
0 930 518 2 845 0 236 518 793 0 694 0
0 1050 1 1 793 0 1050 1
0 1050 1 1 793 0 1050 1
0 1050 1 1 793 0 1050 1
0 1050 1 1 793 0 1050 1
0 913 591 2 793 0 461 591 155 0 452 0
0 1050 1 1 155 0 1050 1
0 1050 1 1 155 0 1050 1
0 1050 1 1 155 0 1050 1
0 1050 1 1 529 0 1050 1
0 1050 1 1 529 0 1050 1
0 1050 1 1 529 0 1050 1
0 1050 1 1 529 0 1050 1
0 1050 1 1 529 0 1050 1
0 1050 1 1 529 0 1050 1
1 868 783 2 529 0 801 783 459 1 67 0
0 1050 1 1 459 0 1050 1
0 1050 1 1 459 0 1050 1
0 710 1465 2 459 0 65 1464 1190 0 645 1
0 1050 1 1 1190 0 1050 1
0 1050 1 1 1190 0 1050 1
0 1050 1 1 93 0 1050 1
0 1050 1 1 93 0 1050 1
0 1050 1 1 93 0 1050 1
0 855 840 2 93 0 51 840 881 0 804 0
0 1050 1 1 881 0 1050 1
0 1050 1 1 881 0 1050 1
0 1050 1 1 881 0 1050 1
0 960 388 1 881 0 960 388
0 1014 156 2 881 0 0 155 1036 0 1014 1
0 1050 1 1 1036 0 1050 1
0 1050 1 1 1036 0 1050 1
0 1050 1 1 1036 0 1050 1
0 1050 1 1 1036 0 1050 1
1 831 942 2 1036 0 0 941 1188 1 831 1
0 1050 1 1 1188 0 1050 1
0 1050 1 1 1188 0 1050 1
1 989 262 2 1188 0 0 262 965 1 989 0
0 1050 1 1 325 0 1050 1
0 1050 1 1 325 0 1050 1
0 1050 1 1 325 0 1050 1
1 850 860 2 325 0 103 859 891 1 747 1
0 1050 1 1 891 0 1050 1
0 850 862 2 891 0 109 861 177 0 741 1
0 1050 1 1 177 0 1050 1
0 1050 1 1 177 0 1050 1
0 1050 1 1 177 0 1050 1
0 1050 1 1 177 0 1050 1
0 1050 1 1 203 0 1050 1
0 1050 1 1 203 0 1050 1
-1
39 48
1 947 1 1 287 1 947 1
1 947 1 1 287 1 947 1
1 947 1 1 287 1 947 1
1 947 1 1 287 1 947 1
1 947 1 1 51 1 947 1
1 947 1 1 51 1 947 1
1 947 1 1 51 1 947 1
1 947 1 1 51 1 947 1
1 947 1 1 51 1 947 1
1 947 1 1 790 1 947 1
1 947 1 1 790 1 947 1
1 947 1 1 790 1 947 1
1 947 1 1 790 1 947 1
0 606 1471 2 438 0 595 1470 828 0 11 1
1 947 1 1 828 1 947 1
1 947 1 1 828 1 947 1
1 947 1 1 828 1 947 1
1 947 1 1 828 1 947 1
1 947 1 1 182 1 947 1
1 947 1 1 182 1 947 1
1 947 1 1 182 1 947 1
1 947 1 1 182 1 947 1
1 947 1 1 1104 1 947 1
1 947 1 1 1104 1 947 1
1 947 1 1 1104 1 947 1
1 947 1 1 1104 1 947 1
1 947 1 1 1104 1 947 1
1 947 1 1 1104 1 947 1
1 947 1 1 1104 1 947 1
1 947 1 1 297 1 947 1
1 947 1 1 297 1 947 1
1 947 1 1 297 1 947 1
1 947 1 1 297 1 947 1
1 947 1 1 1134 1 947 1
1 947 1 1 1134 1 947 1
1 947 1 1 1032 1 947 1
1 947 1 1 1032 1 947 1
1 947 1 1 1032 1 947 1
1 947 1 1 44 1 947 1
1 947 1 1 44 1 947 1
1 947 1 1 44 1 947 1
1 947 1 1 44 1 947 1
1 947 1 1 653 1 947 1
1 947 1 1 653 1 947 1
1 947 1 1 653 1 947 1
1 947 1 1 653 1 947 1
1 947 1 1 653 1 947 1
0 747 864 2 653 0 130 864 476 0 617 0
-1
40 55
2 532 0 1 805 2 532 0
2 532 0 1 805 2 532 0
2 532 0 1 805 2 532 0
2 532 0 1 805 2 532 0
2 532 0 1 805 2 532 0
2 532 0 1 696 2 532 0
2 532 0 1 696 2 532 0
2 532 0 1 696 2 532 0
0 465 292 2 696 0 0 291 257 0 465 1
2 532 0 1 257 2 532 0
2 532 0 1 257 2 532 0
2 532 0 1 257 2 532 0
2 532 0 1 257 2 532 0
1 305 979 2 257 0 0 979 1142 1 305 0
2 532 0 1 1142 2 532 0
2 532 0 1 1142 2 532 0
2 532 0 1 1142 2 532 0
2 532 0 1 1142 2 532 0
2 532 0 1 234 2 532 0
2 532 0 1 234 2 532 0
2 532 0 1 234 2 532 0
2 532 0 1 234 2 532 0
2 532 0 1 512 2 532 0
2 532 0 1 512 2 532 0
2 532 0 1 512 2 532 0
2 532 0 1 512 2 532 0
2 532 0 1 1037 2 532 0
2 532 0 1 1037 2 532 0
2 532 0 1 268 2 532 0
2 532 0 1 268 2 532 0
2 532 0 1 268 2 532 0
2 532 0 1 268 2 532 0
2 532 0 1 268 2 532 0
2 532 0 1 84 2 532 0
2 532 0 1 84 2 532 0
2 532 0 1 1132 2 532 0
2 532 0 1 1132 2 532 0
2 532 0 1 965 2 532 0
2 532 0 1 965 2 532 0
2 532 0 1 965 2 532 0
2 532 0 1 969 2 532 0
2 532 0 1 969 2 532 0
2 532 0 1 969 2 532 0
2 532 0 1 191 2 532 0
2 532 0 1 191 2 532 0
2 532 0 1 191 2 532 0
2 532 0 1 191 2 532 0
2 532 0 1 147 2 532 0
2 532 0 1 147 2 532 0
2 532 0 1 147 2 532 0
2 532 0 1 1149 2 532 0
2 532 0 1 1149 2 532 0
2 532 0 1 1149 2 532 0
2 532 0 1 1149 2 532 0
2 532 0 1 837 2 532 0
-1
