1 6
0 8547 0 1 2 0 8547 0
1 8375 1057 2 2 0 101 1056 7 1 8274 1
2 8319 1400 2 7 0 4325 1399 10 2 3994 1
0 8341 1268 2 10 0 2319 1267 1 0 6022 1
1 8343 1254 3 1 0 350 707 9 0 4923 547 4 1 3070 0
0 8343 1256 2 4 0 1038 1255 5 0 7305 1
-1
2 3
1 427 0 1 2 1 427 0
1 427 0 1 2 1 427 0
1 427 0 1 6 1 427 0
-1
3 6
0 1646 0 1 6 0 1646 0
0 1646 0 1 6 0 1646 0
0 1646 0 1 6 0 1646 0
0 1646 0 1 10 0 1646 0
0 1646 0 1 4 0 1646 0
0 1646 0 1 4 0 1646 0
-1
4 6
0 1110 1 1 6 0 1110 1
0 1110 1 1 6 0 1110 1
0 938 1060 2 6 0 271 1059 10 0 667 1
0 1110 1 1 10 0 1110 1
0 1110 1 1 4 0 1110 1
0 1110 1 1 4 0 1110 1
-1
5 6
0 846 0 1 6 0 846 0
0 846 0 1 6 0 846 0
0 846 0 1 10 0 846 0
0 846 0 1 10 0 846 0
0 846 0 1 4 0 846 0
0 846 0 1 4 0 846 0
-1
