1 19
0 8333 1 1 23 0 8333 1
0 8333 1 1 153 0 8333 1
1 7999 1483 2 153 0 366 1482 189 1 7633 1
1 8082 1114 2 77 0 7731 1114 150 1 351 0
1 8073 1154 2 150 0 7422 1153 1 1 651 1
1 8113 976 2 1 0 5529 975 31 1 2584 1
0 8333 1 1 36 0 8333 1
0 8157 783 2 163 0 6725 781 178 0 1432 2
1 7945 1723 3 178 0 3084 789 95 0 4653 934 193 1 208 0
0 8333 1 1 193 0 8333 1
0 8333 1 1 98 0 8333 1
1 8169 727 2 52 0 4709 726 39 1 3460 1
0 8333 1 1 34 0 8333 1
1 8196 607 2 146 0 5372 607 195 1 2824 0
1 8159 772 2 57 0 6142 771 90 1 2017 1
0 8113 979 2 90 0 4190 978 155 0 3923 1
0 7943 1734 3 155 0 1508 1137 84 0 2037 597 183 0 4398 0
0 8206 565 2 137 0 5076 564 111 0 3130 1
1 8043 1287 2 111 0 5859 1287 115 1 2184 0
-1
2 25
1 416 0 1 95 1 416 0
1 416 0 1 95 1 416 0
1 416 0 1 95 1 416 0
1 416 0 1 95 1 416 0
1 416 0 1 95 1 416 0
1 416 0 1 95 1 416 0
1 416 0 1 95 1 416 0
1 416 0 1 95 1 416 0
1 416 0 1 95 1 416 0
1 416 0 1 84 1 416 0
1 416 0 1 84 1 416 0
1 416 0 1 84 1 416 0
1 416 0 1 84 1 416 0
1 416 0 1 84 1 416 0
1 416 0 1 84 1 416 0
1 416 0 1 84 1 416 0
1 416 0 1 84 1 416 0
1 416 0 1 70 1 416 0
1 416 0 1 70 1 416 0
1 416 0 1 70 1 416 0
1 416 0 1 70 1 416 0
1 416 0 1 70 1 416 0
1 416 0 1 70 1 416 0
1 416 0 1 70 1 416 0
0 0 1027 1 70 0 0 1027
-1
3 33
1 1465 0 1 63 1 1465 0
1 1465 0 1 63 1 1465 0
1 1465 0 1 63 1 1465 0
1 1465 0 1 100 1 1465 0
1 1465 0 1 100 1 1465 0
1 1465 0 1 30 1 1465 0
1 1465 0 1 30 1 1465 0
1 1465 0 1 30 1 1465 0
1 1465 0 1 93 1 1465 0
1 1465 0 1 93 1 1465 0
1 1465 0 1 50 1 1465 0
1 1465 0 1 50 1 1465 0
1 1465 0 1 134 1 1465 0
1 1465 0 1 134 1 1465 0
1 1465 0 1 7 1 1465 0
1 1314 672 2 7 0 1203 672 106 1 111 0
1 1465 0 1 106 1 1465 0
0 1284 808 2 106 0 74 806 188 0 1210 2
1 1465 0 1 188 1 1465 0
1 1234 1027 2 188 0 974 1026 22 1 260 1
1 1465 0 1 22 1 1465 0
1 1465 0 1 22 1 1465 0
0 1155 1381 2 22 0 833 1380 101 0 322 1
1 1465 0 1 101 1 1465 0
1 1465 0 1 185 1 1465 0
1 1465 0 1 185 1 1465 0
1 1465 0 1 160 1 1465 0
1 1465 0 1 160 1 1465 0
1 1465 0 1 26 1 1465 0
1 1465 0 1 26 1 1465 0
0 1180 1270 1 26 0 1180 1270
1 1465 0 1 80 1 1465 0
0 1273 857 2 80 0 634 855 142 0 639 2
-1
4 23
0 1083 1 1 23 0 1083 1
0 1083 1 1 153 0 1083 1
0 1083 1 1 153 0 1083 1
0 1083 1 1 77 0 1083 1
0 1083 1 1 150 0 1083 1
0 1083 1 1 1 0 1083 1
1 960 545 2 31 0 800 545 36 1 160 0
0 820 1170 2 36 0 507 1169 163 0 313 1
0 1083 1 1 178 0 1083 1
0 1083 1 1 193 0 1083 1
0 1083 1 1 98 0 1083 1
0 1083 1 1 52 0 1083 1
0 956 565 2 39 0 104 565 34 0 852 0
0 798 1268 2 34 0 698 1267 146 0 100 1
0 970 503 2 195 0 173 503 57 0 797 0
0 1083 1 1 90 0 1083 1
0 1083 1 1 155 0 1083 1
0 986 432 2 183 0 0 431 40 0 986 1
0 1083 1 1 111 0 1083 1
0 1083 1 1 6 0 1083 1
0 1083 1 1 6 0 1083 1
0 1083 1 1 6 0 1083 1
0 1083 1 1 115 0 1083 1
-1
5 27
0 857 2 1 164 0 857 2
0 857 2 1 164 0 857 2
0 857 2 1 164 0 857 2
0 857 2 1 164 0 857 2
0 857 2 1 164 0 857 2
0 596 1162 2 164 0 543 1162 113 0 53 0
0 857 2 1 113 0 857 2
0 857 2 1 113 0 857 2
0 857 2 1 113 0 857 2
0 857 2 1 113 0 857 2
0 857 2 1 113 0 857 2
0 857 2 1 113 0 857 2
0 857 2 1 113 0 857 2
0 857 2 1 113 0 857 2
0 857 2 1 113 0 857 2
0 459 1771 2 113 0 118 858 182 0 341 913
0 857 2 1 70 0 857 2
0 857 2 1 70 0 857 2
0 857 2 1 70 0 857 2
0 857 2 1 70 0 857 2
0 857 2 1 70 0 857 2
0 857 2 1 70 0 857 2
0 857 2 1 70 0 857 2
0 857 2 1 70 0 857 2
0 827 135 1 70 0 827 135
0 784 326 2 190 0 0 325 40 0 784 1
0 857 2 1 40 0 857 2
-1
6 24
0 1529 0 1 23 0 1529 0
0 1249 1245 2 23 0 278 1245 153 0 971 0
0 1529 0 1 153 0 1529 0
1 1335 860 2 189 0 115 860 77 1 1220 0
0 1529 0 1 150 0 1529 0
0 1529 0 1 1 0 1529 0
0 1529 0 1 31 0 1529 0
0 1529 0 1 36 0 1529 0
0 1529 0 1 178 0 1529 0
0 1529 0 1 193 0 1529 0
0 1225 1351 2 193 0 1014 1350 98 0 211 1
0 1276 1125 2 98 0 525 1125 52 0 751 0
0 1529 0 1 39 0 1529 0
0 1529 0 1 34 0 1529 0
0 1529 0 1 195 0 1529 0
0 1529 0 1 90 0 1529 0
0 1529 0 1 155 0 1529 0
0 1479 222 1 183 0 1479 222
0 1529 0 1 111 0 1529 0
0 1529 0 1 6 0 1529 0
0 1529 0 1 6 0 1529 0
0 1529 0 1 6 0 1529 0
0 1529 0 1 115 0 1529 0
0 1529 0 1 115 0 1529 0
-1
7 36
0 749 0 1 5 0 749 0
0 622 565 2 5 0 203 564 143 0 419 1
0 749 0 1 143 0 749 0
0 749 0 1 143 0 749 0
0 749 0 1 99 0 749 0
0 749 0 1 99 0 749 0
1 527 984 2 99 0 59 984 177 1 468 0
0 749 0 1 177 0 749 0
0 749 0 1 177 0 749 0
0 749 0 1 149 0 749 0
0 749 0 1 149 0 749 0
0 749 0 1 149 0 749 0
0 749 0 1 149 0 749 0
0 749 0 1 179 0 749 0
0 748 5 2 179 0 0 5 91 0 748 0
0 749 0 1 91 0 749 0
0 563 827 1 91 0 563 827
0 749 0 1 132 0 749 0
0 749 0 1 58 0 749 0
0 749 0 1 58 0 749 0
0 749 0 1 58 0 749 0
0 749 0 1 38 0 749 0
0 749 0 1 38 0 749 0
0 749 0 1 4 0 749 0
0 749 0 1 4 0 749 0
0 749 0 1 4 0 749 0
0 749 0 1 4 0 749 0
0 749 0 1 122 0 749 0
0 749 0 1 122 0 749 0
0 546 902 2 122 0 475 902 172 0 71 0
0 749 0 1 172 0 749 0
1 583 735 2 172 0 277 735 141 1 306 0
0 749 0 1 112 0 749 0
0 749 0 1 112 0 749 0
0 749 0 1 141 0 749 0
0 749 0 1 141 0 749 0
-1
8 35
0 1403 1 1 5 0 1403 1
0 1403 1 1 143 0 1403 1
0 1403 1 1 143 0 1403 1
0 1198 912 2 143 0 773 911 99 0 425 1
0 1403 1 1 99 0 1403 1
0 1403 1 1 99 0 1403 1
0 1403 1 1 177 0 1403 1
0 1403 1 1 177 0 1403 1
0 1403 1 1 177 0 1403 1
0 1403 1 1 149 0 1403 1
0 1403 1 1 149 0 1403 1
0 1403 1 1 149 0 1403 1
0 1124 1241 1 149 0 1124 1241
0 1403 1 1 179 0 1403 1
0 1403 1 1 91 0 1403 1
0 1403 1 1 91 0 1403 1
1 1399 16 2 91 0 0 15 132 1 1399 1
0 1284 530 2 132 0 1265 530 58 0 19 0
0 1403 1 1 58 0 1403 1
0 1403 1 1 58 0 1403 1
0 1154 1108 2 58 0 823 1108 6 0 331 0
0 1403 1 1 38 0 1403 1
0 1403 1 1 38 0 1403 1
0 1403 1 1 4 0 1403 1
0 1403 1 1 4 0 1403 1
0 1403 1 1 4 0 1403 1
0 1403 1 1 4 0 1403 1
0 1403 1 1 122 0 1403 1
0 1403 1 1 122 0 1403 1
0 1403 1 1 172 0 1403 1
0 1403 1 1 172 0 1403 1
0 1403 1 1 112 0 1403 1
0 1403 1 1 112 0 1403 1
0 1403 1 1 112 0 1403 1
0 1403 1 1 141 0 1403 1
-1
9 34
0 1454 0 1 15 0 1454 0
0 1454 0 1 15 0 1454 0
0 1454 0 1 88 0 1454 0
0 1454 0 1 88 0 1454 0
0 1454 0 1 46 0 1454 0
0 1454 0 1 46 0 1454 0
0 1454 0 1 168 0 1454 0
0 1454 0 1 168 0 1454 0
0 1454 0 1 130 0 1454 0
1 1334 531 2 130 0 470 530 200 1 864 1
0 1454 0 1 200 0 1454 0
0 1454 0 1 200 0 1454 0
0 1454 0 1 121 0 1454 0
0 1454 0 1 121 0 1454 0
0 1454 0 1 121 0 1454 0
0 1454 0 1 191 0 1454 0
0 1454 0 1 191 0 1454 0
0 1454 0 1 191 0 1454 0
0 1119 1489 2 191 0 207 1488 156 0 912 1
0 1454 0 1 156 0 1454 0
0 1247 920 2 156 0 387 920 19 0 860 0
0 1454 0 1 19 0 1454 0
0 1454 0 1 118 0 1454 0
0 1386 302 1 118 0 1386 302
0 1454 0 1 32 0 1454 0
0 1454 0 1 32 0 1454 0
0 1454 0 1 32 0 1454 0
0 1454 0 1 115 0 1454 0
0 1454 0 1 109 0 1454 0
0 1454 0 1 109 0 1454 0
0 1454 0 1 109 0 1454 0
0 1454 0 1 20 0 1454 0
0 1454 0 1 20 0 1454 0
0 1454 0 1 145 0 1454 0
-1
10 27
0 1162 2 1 164 0 1162 2
0 1162 2 1 164 0 1162 2
0 1162 2 1 164 0 1162 2
0 1162 2 1 164 0 1162 2
0 1162 2 1 164 0 1162 2
0 1162 2 1 182 0 1162 2
0 1162 2 1 182 0 1162 2
0 1162 2 1 182 0 1162 2
0 1162 2 1 182 0 1162 2
0 1162 2 1 182 0 1162 2
0 1162 2 1 182 0 1162 2
0 1162 2 1 182 0 1162 2
0 1162 2 1 182 0 1162 2
0 1162 2 1 182 0 1162 2
0 1162 2 1 182 0 1162 2
0 1073 397 2 182 0 0 396 155 0 1073 1
0 1162 2 1 155 0 1162 2
0 1162 2 1 190 0 1162 2
0 1162 2 1 190 0 1162 2
0 1162 2 1 190 0 1162 2
0 1162 2 1 190 0 1162 2
0 1162 2 1 190 0 1162 2
0 1162 2 1 190 0 1162 2
0 1162 2 1 190 0 1162 2
0 1010 677 1 190 0 1010 677
0 1162 2 1 40 0 1162 2
0 1026 529 1 40 0 1026 529
-1
11 32
0 1417 2 1 63 0 1417 2
0 1417 2 1 63 0 1417 2
0 1417 2 1 63 0 1417 2
0 1417 2 1 100 0 1417 2
0 1417 2 1 100 0 1417 2
0 1417 2 1 30 0 1417 2
0 1417 2 1 30 0 1417 2
1 1162 1132 2 30 0 89 1132 93 1 1073 0
0 1417 2 1 93 0 1417 2
1 1209 923 2 93 0 98 923 50 1 1111 0
0 1417 2 1 50 0 1417 2
0 1417 2 1 50 0 1417 2
0 1417 2 1 134 0 1417 2
0 1417 2 1 134 0 1417 2
0 1417 2 1 7 0 1417 2
0 1417 2 1 106 0 1417 2
0 1417 2 1 106 0 1417 2
0 1417 2 1 188 0 1417 2
0 1417 2 1 188 0 1417 2
0 1417 2 1 22 0 1417 2
0 1417 2 1 22 0 1417 2
0 1417 2 1 22 0 1417 2
0 1417 2 1 101 0 1417 2
0 1417 2 1 101 0 1417 2
0 1417 2 1 185 0 1417 2
0 1243 775 2 185 0 605 775 160 0 638 0
0 1417 2 1 160 0 1417 2
1 1216 892 2 160 0 255 892 26 1 961 0
0 1417 2 1 26 0 1417 2
0 1417 2 1 26 0 1417 2
0 1401 73 2 26 0 0 72 80 0 1401 1
0 1417 2 1 80 0 1417 2
-1
12 33
0 1377 2 1 15 0 1377 2
0 1377 2 1 88 0 1377 2
0 1377 2 1 88 0 1377 2
1 1143 1039 2 88 0 399 1039 46 1 744 0
0 1377 2 1 46 0 1377 2
0 1377 2 1 168 0 1377 2
0 1377 2 1 168 0 1377 2
1 1120 1141 2 168 0 1043 1141 130 1 77 0
0 1377 2 1 130 0 1377 2
0 1377 2 1 200 0 1377 2
0 1377 2 1 200 0 1377 2
1 1097 1243 2 200 0 478 1243 121 1 619 0
0 1377 2 1 121 0 1377 2
0 1377 2 1 121 0 1377 2
1 1065 1386 2 121 0 538 1385 191 1 527 1
0 1377 2 1 191 0 1377 2
0 1377 2 1 191 0 1377 2
0 1377 2 1 191 0 1377 2
0 1377 2 1 156 0 1377 2
0 1377 2 1 156 0 1377 2
0 1377 2 1 19 0 1377 2
1 1202 777 2 19 0 493 776 118 1 709 1
0 1377 2 1 118 0 1377 2
0 1377 2 1 32 0 1377 2
0 1377 2 1 32 0 1377 2
0 1377 2 1 32 0 1377 2
0 1377 2 1 115 0 1377 2
1 1109 1190 2 115 0 171 1190 109 1 938 0
0 1377 2 1 109 0 1377 2
0 1377 2 1 109 0 1377 2
0 1377 2 1 20 0 1377 2
0 1377 2 1 20 0 1377 2
0 1162 957 2 20 0 160 956 158 0 1002 1
-1
13 32
1 1401 0 1 63 1 1401 0
1 1401 0 1 63 1 1401 0
1 1115 1271 2 63 0 40 1271 100 1 1075 0
1 1401 0 1 100 1 1401 0
1 1169 1031 2 100 0 1071 1031 30 1 98 0
1 1401 0 1 30 1 1401 0
1 1401 0 1 30 1 1401 0
1 1401 0 1 93 1 1401 0
1 1401 0 1 93 1 1401 0
1 1401 0 1 50 1 1401 0
1 1401 0 1 50 1 1401 0
1 1157 1084 2 50 0 101 1083 134 1 1056 1
1 1401 0 1 134 1 1401 0
0 1182 976 2 134 0 586 974 7 0 596 2
1 1401 0 1 7 1 1401 0
1 1401 0 1 106 1 1401 0
1 1401 0 1 106 1 1401 0
1 1401 0 1 188 1 1401 0
1 1401 0 1 188 1 1401 0
1 1401 0 1 22 1 1401 0
1 1401 0 1 22 1 1401 0
1 1401 0 1 22 1 1401 0
1 1401 0 1 101 1 1401 0
0 1237 731 2 101 0 600 731 185 0 637 0
1 1401 0 1 185 1 1401 0
1 1401 0 1 160 1 1401 0
1 1401 0 1 160 1 1401 0
1 1401 0 1 26 1 1401 0
1 1401 0 1 26 1 1401 0
1 1401 0 1 26 1 1401 0
1 1401 0 1 80 1 1401 0
1 1401 0 1 80 1 1401 0
-1
14 35
0 1365 0 1 5 0 1365 0
0 1365 0 1 5 0 1365 0
0 1365 0 1 143 0 1365 0
0 1365 0 1 143 0 1365 0
0 1365 0 1 99 0 1365 0
0 1365 0 1 99 0 1365 0
0 1365 0 1 99 0 1365 0
0 1365 0 1 177 0 1365 0
0 1365 0 1 177 0 1365 0
1 1115 1108 2 177 0 1084 1107 149 1 31 1
0 1365 0 1 149 0 1365 0
0 1365 0 1 149 0 1365 0
0 1365 0 1 149 0 1365 0
1 1333 139 2 149 0 0 139 179 1 1333 0
0 1248 520 1 179 0 1248 520
0 1365 0 1 91 0 1365 0
0 1365 0 1 91 0 1365 0
0 1365 0 1 132 0 1365 0
0 1365 0 1 58 0 1365 0
0 1365 0 1 58 0 1365 0
0 1365 0 1 58 0 1365 0
0 1135 1022 2 6 0 1049 1021 38 0 86 1
0 1365 0 1 38 0 1365 0
0 1196 751 2 38 0 1022 750 4 0 174 1
0 1365 0 1 4 0 1365 0
0 1365 0 1 4 0 1365 0
0 1365 0 1 4 0 1365 0
0 1034 1471 2 4 0 407 1471 122 0 627 0
0 1365 0 1 122 0 1365 0
0 1365 0 1 122 0 1365 0
0 1365 0 1 172 0 1365 0
0 1365 0 1 172 0 1365 0
0 1365 0 1 112 0 1365 0
0 1365 0 1 112 0 1365 0
1 1153 939 2 112 0 32 938 119 1 1121 1
-1
15 34
0 1418 1 1 15 0 1418 1
1 1257 714 2 15 0 741 713 88 1 516 1
0 1418 1 1 88 0 1418 1
0 1418 1 1 88 0 1418 1
0 1418 1 1 46 0 1418 1
0 1246 765 2 46 0 464 765 168 0 782 0
0 1418 1 1 168 0 1418 1
0 1418 1 1 168 0 1418 1
0 1418 1 1 130 0 1418 1
0 1418 1 1 200 0 1418 1
0 1418 1 1 200 0 1418 1
0 1418 1 1 200 0 1418 1
0 1418 1 1 121 0 1418 1
0 1418 1 1 121 0 1418 1
0 1418 1 1 121 0 1418 1
0 1418 1 1 191 0 1418 1
0 1418 1 1 191 0 1418 1
0 1418 1 1 191 0 1418 1
0 1418 1 1 156 0 1418 1
0 1418 1 1 156 0 1418 1
0 1418 1 1 19 0 1418 1
0 1418 1 1 19 0 1418 1
0 1418 1 1 118 0 1418 1
0 1328 401 2 118 0 0 399 32 0 1328 2
0 1418 1 1 32 0 1418 1
0 1418 1 1 32 0 1418 1
0 555 1458 1 32 0 555 1458
0 1418 1 1 115 0 1418 1
0 1418 1 1 109 0 1418 1
0 1418 1 1 109 0 1418 1
1 1128 1287 2 109 0 737 1286 145 1 391 1
0 1418 1 1 20 0 1418 1
0 1418 1 1 20 0 1418 1
0 1418 1 1 145 0 1418 1
-1
