1 40
1 3165 647 2 21 0 1346 647 255 1 1819 0
1 3354 1 1 196 1 3354 1
2 3116 813 2 472 0 1453 813 89 2 1663 0
1 3354 1 1 9 1 3354 1
1 3354 1 1 576 1 3354 1
2 3328 88 2 185 0 0 88 357 2 3328 0
1 3354 1 1 411 1 3354 1
1 3129 770 2 220 0 1952 770 198 1 1177 0
1 3354 1 1 513 1 3354 1
1 3196 541 2 338 0 1163 541 339 1 2033 0
1 3067 982 2 437 0 88 982 297 1 2979 0
0 3164 652 2 343 0 2858 651 277 0 306 1
1 3354 1 1 42 1 3354 1
1 3354 1 1 210 1 3354 1
1 3129 770 2 462 0 0 770 413 1 3129 0
0 3145 717 2 119 0 1086 717 88 0 2059 0
1 3354 1 1 166 1 3354 1
0 3095 888 2 266 0 305 887 5 0 2790 1
1 3354 1 1 165 1 3354 1
1 3354 1 1 600 1 3354 1
0 3135 751 2 132 0 787 751 263 0 2348 0
1 3354 1 1 225 1 3354 1
1 3354 1 1 305 1 3354 1
1 3354 1 1 144 1 3354 1
1 3354 1 1 405 1 3354 1
0 3193 552 1 125 0 3193 552
1 3354 1 1 75 1 3354 1
0 3123 792 2 274 0 630 792 538 0 2493 0
1 3354 1 1 214 1 3354 1
1 3354 1 1 151 1 3354 1
1 3354 1 1 145 1 3354 1
1 3120 801 2 391 0 2025 801 150 1 1095 0
1 3354 1 1 250 1 3354 1
1 3188 568 2 159 0 556 568 69 1 2632 0
1 3185 578 2 113 0 472 578 380 1 2713 0
0 3187 573 2 279 0 2087 573 429 0 1100 0
1 3354 1 1 524 1 3354 1
0 3164 652 2 448 0 2352 651 435 0 812 1
0 3097 881 2 152 0 1941 880 567 0 1156 1
1 3170 630 2 445 0 1867 629 329 1 1303 1
-1
2 42
0 3083 0 1 688 0 3083 0
1 2884 679 2 689 0 848 679 698 1 2036 0
0 3083 0 1 684 0 3083 0
0 2935 506 1 606 0 2935 506
2 2932 513 2 1187 0 369 513 630 2 2563 0
0 3083 0 1 778 0 3083 0
0 2863 752 2 1153 0 1757 751 1144 0 1106 1
0 3083 0 1 1043 0 3083 0
1 2850 795 2 1086 0 623 795 1048 1 2227 0
0 3083 0 1 933 0 3083 0
0 3083 0 1 672 0 3083 0
0 2814 919 2 786 0 1171 919 690 0 1643 0
2 2847 804 2 967 0 814 804 876 2 2033 0
0 3083 0 1 708 0 3083 0
0 3083 0 1 647 0 3083 0
0 3083 0 1 1137 0 3083 0
1 2845 812 2 659 0 1065 812 1195 1 1780 0
0 3083 0 1 906 0 3083 0
0 2813 923 2 797 0 2716 922 687 0 97 1
0 3083 0 1 1004 0 3083 0
0 3083 0 1 753 0 3083 0
0 3083 0 1 692 0 3083 0
1 2844 815 2 1148 0 1524 815 665 1 1320 0
2 2914 575 2 628 0 2402 575 1175 2 512 0
0 3083 0 1 976 0 3083 0
1 2896 638 2 1035 0 535 637 951 1 2361 1
0 3083 0 1 1143 0 3083 0
0 2817 909 2 633 0 600 909 629 0 2217 0
1 2819 901 2 914 0 51 901 879 1 2768 0
0 3083 0 1 921 0 3083 0
0 3083 0 1 863 0 3083 0
1 2841 826 2 656 0 1626 825 1016 1 1215 1
2 2808 937 2 1100 0 2195 937 1034 2 613 0
0 3083 0 1 868 0 3083 0
0 3083 0 1 652 0 3083 0
1 2863 750 2 899 0 1307 750 860 1 1556 0
0 2848 803 2 758 0 2616 803 1136 0 232 0
0 3083 0 1 642 0 3083 0
0 3083 0 1 1125 0 3083 0
0 3083 0 1 648 0 3083 0
0 3083 0 1 988 0 3083 0
0 3083 0 1 1182 0 3083 0
-1
3 40
0 3760 1 1 495 0 3760 1
0 3484 945 2 255 0 1455 944 420 0 2029 1
0 3760 1 1 86 0 3760 1
0 3760 1 1 327 0 3760 1
0 3760 1 1 344 0 3760 1
0 3691 237 1 275 0 3691 237
0 3760 1 1 83 0 3760 1
2 3612 504 2 177 0 200 504 247 2 3412 0
0 3760 1 1 554 0 3760 1
2 3513 843 2 221 0 2716 843 82 2 797 0
1 3472 984 2 339 0 1601 984 81 1 1871 0
0 3760 1 1 222 0 3760 1
1 3577 625 2 277 0 107 625 191 1 3470 0
0 3760 1 1 530 0 3760 1
0 3553 709 2 195 0 1874 709 367 0 1679 0
1 3484 943 2 413 0 136 943 397 1 3348 0
1 3476 971 2 88 0 1459 971 40 1 2017 0
0 3760 1 1 500 0 3760 1
0 3760 1 1 215 0 3760 1
1 3600 547 2 389 0 2576 547 190 1 1024 0
0 3583 606 2 563 0 3269 606 218 0 314 0
0 3760 1 1 286 0 3760 1
0 3760 1 1 446 0 3760 1
0 3586 596 2 362 0 3569 595 295 0 17 1
0 3760 1 1 537 0 3760 1
2 3580 614 2 66 0 2253 614 98 2 1327 0
2 3530 785 2 464 0 1898 785 163 2 1632 0
0 3760 1 1 597 0 3760 1
2 3493 911 2 538 0 485 911 461 2 3008 0
0 3573 640 1 508 0 3573 640
0 3608 521 2 133 0 578 521 236 0 3030 0
2 3598 552 2 51 0 2589 552 38 2 1009 0
0 3760 1 1 223 0 3760 1
2 3577 624 2 72 0 3243 624 7 2 334 0
0 3760 1 1 141 0 3760 1
0 3760 1 1 312 0 3760 1
1 3490 923 2 429 0 1986 923 370 1 1504 0
0 3760 1 1 175 0 3760 1
0 3471 989 2 435 0 2877 989 207 0 594 0
0 3498 897 2 567 0 883 897 467 0 2615 0
-1
4 41
2 2169 0 1 1178 2 2169 0
2 2169 0 1 791 2 2169 0
2 2169 0 1 1118 2 2169 0
2 2169 0 1 817 2 2169 0
2 2169 0 1 934 2 2169 0
2 2169 0 1 1098 2 2169 0
2 2169 0 1 1057 2 2169 0
2 2169 0 1 877 2 2169 0
2 2169 0 1 898 2 2169 0
0 2123 160 2 734 0 0 160 1196 0 2123 0
1 1905 904 2 759 0 22 903 1028 1 1883 1
1 2020 510 2 821 0 680 510 703 1 1340 0
1 1953 739 2 1131 0 119 739 855 1 1834 0
0 1943 775 2 724 0 4 775 861 0 1939 0
2 2169 0 1 994 2 2169 0
2 2169 0 1 884 2 2169 0
2 2169 0 1 922 2 2169 0
2 2169 0 1 839 2 2169 0
0 1912 881 2 725 0 1411 881 1130 0 501 0
2 2169 0 1 762 2 2169 0
2 2169 0 1 1062 2 2169 0
2 2169 0 1 742 2 2169 0
2 2169 0 1 889 2 2169 0
1 2016 524 2 1160 0 902 524 1102 1 1114 0
2 2169 0 1 760 2 2169 0
2 2169 0 1 679 2 2169 0
0 1917 864 2 1011 0 357 864 943 0 1560 0
2 1989 615 2 1194 0 670 615 1013 2 1319 0
2 2169 0 1 929 2 2169 0
0 1889 960 2 640 0 1845 960 981 0 44 0
0 1984 635 2 714 0 1419 635 685 0 565 0
2 2169 0 1 830 2 2169 0
0 1938 792 2 1060 0 0 792 908 0 1938 0
1 2015 527 2 1193 0 947 527 961 1 1068 0
2 1953 738 2 968 0 1021 738 827 2 932 0
2 2169 0 1 1044 2 2169 0
2 2169 0 1 1127 2 2169 0
2 2169 0 1 998 2 2169 0
1 1941 781 2 1033 0 1913 780 985 1 28 1
0 1970 683 2 704 0 1242 682 890 0 728 1
1 1919 856 2 765 0 1325 856 979 1 594 0
-1
5 41
1 2659 0 1 593 1 2659 0
1 2659 0 1 2 1 2659 0
1 2659 0 1 58 1 2659 0
0 2443 740 2 451 0 1796 739 49 0 647 1
0 2467 657 2 52 0 1454 657 416 0 1013 0
0 2463 671 1 351 0 2463 671
1 2488 584 2 430 0 243 584 423 1 2245 0
1 2659 0 1 559 1 2659 0
0 2473 637 2 199 0 2461 637 269 0 12 0
2 2503 532 2 403 0 1968 532 580 2 535 0
1 2419 820 2 62 0 1578 820 437 1 841 0
1 2507 519 2 317 0 2137 519 382 1 370 0
1 2496 557 2 123 0 2242 557 170 1 254 0
0 2571 302 1 107 0 2571 302
0 2401 883 2 497 0 2310 883 462 0 91 0
1 2462 673 2 507 0 154 673 499 1 2308 0
2 2378 959 2 108 0 2273 959 375 2 105 0
1 2659 0 1 532 1 2659 0
1 2659 0 1 390 1 2659 0
1 2426 796 2 253 0 1987 796 388 1 439 0
1 2659 0 1 544 1 2659 0
1 2659 0 1 458 1 2659 0
2 2488 583 2 457 0 983 583 335 2 1505 0
1 2659 0 1 487 1 2659 0
0 2498 551 2 260 0 330 551 28 0 2168 0
1 2659 0 1 505 1 2659 0
2 2384 939 2 440 0 1357 939 14 2 1027 0
1 2659 0 1 399 1 2659 0
0 2492 572 2 65 0 2260 572 117 0 232 0
1 2659 0 1 153 1 2659 0
2 2386 932 2 489 0 511 932 101 2 1875 0
1 2659 0 1 229 1 2659 0
1 2414 837 2 160 0 1212 837 259 1 1202 0
1 2659 0 1 364 1 2659 0
2 2477 621 2 592 0 983 621 479 2 1494 0
1 2659 0 1 77 1 2659 0
1 2367 998 2 394 0 492 998 551 1 1875 0
1 2659 0 1 20 1 2659 0
1 2659 0 1 213 1 2659 0
1 2659 0 1 251 1 2659 0
1 2659 0 1 302 1 2659 0
-1
6 43
0 2990 692 2 810 0 809 691 835 0 2181 1
1 3192 0 1 974 1 3192 0
1 3192 0 1 1101 1 3192 0
1 3192 0 1 654 1 3192 0
1 3192 0 1 950 1 3192 0
1 3192 0 1 818 1 3192 0
1 3192 0 1 693 1 3192 0
1 3192 0 1 805 1 3192 0
1 3192 0 1 888 1 3192 0
1 3192 0 1 997 1 3192 0
1 3192 0 1 869 1 3192 0
1 3192 0 1 604 1 3192 0
1 3192 0 1 1173 1 3192 0
1 3013 612 2 1071 0 2731 611 971 1 282 1
1 3192 0 1 783 1 3192 0
1 3192 0 1 859 1 3192 0
1 3192 0 1 1126 1 3192 0
1 3003 646 2 782 0 1170 646 723 1 1833 0
0 2937 873 2 1130 0 1537 873 1109 0 1400 0
1 3192 0 1 947 1 3192 0
0 3031 552 2 674 0 1092 551 1021 0 1939 1
1 3192 0 1 728 1 3192 0
1 3192 0 1 872 1 3192 0
0 2920 931 2 1102 0 1445 931 953 0 1475 0
1 3192 0 1 738 1 3192 0
1 3192 0 1 1179 1 3192 0
2 3081 378 2 943 0 0 378 858 2 3081 0
1 2939 865 2 1013 0 636 864 965 1 2303 1
2 3022 580 2 779 0 1124 580 707 2 1898 0
1 3192 0 1 1041 1 3192 0
1 3192 0 1 667 1 3192 0
1 3192 0 1 1113 1 3192 0
0 2907 976 2 908 0 1018 975 901 0 1889 1
1 3192 0 1 788 1 3192 0
1 3192 0 1 769 1 3192 0
1 3192 0 1 637 1 3192 0
1 3192 0 1 1020 1 3192 0
0 2967 770 2 784 0 1938 770 756 0 1029 0
1 3192 0 1 1139 1 3192 0
1 2937 872 2 890 0 1310 872 1161 1 1627 0
2 3045 501 2 1116 0 2420 501 1059 2 625 0
1 3192 0 1 768 1 3192 0
0 3037 531 2 919 0 1499 531 790 0 1538 0
-1
7 41
1 2797 954 2 495 0 2524 953 299 1 273 1
1 3076 0 1 420 1 3076 0
1 2902 595 2 86 0 409 595 483 1 2493 0
2 2876 682 2 327 0 1309 682 518 2 1567 0
1 2811 906 2 344 0 1666 905 300 1 1145 1
1 2914 554 2 275 0 0 554 543 1 2914 0
2 2853 761 2 83 0 392 761 336 2 2461 0
1 3076 0 1 247 1 3076 0
1 3076 0 1 554 1 3076 0
1 3076 0 1 82 1 3076 0
1 3076 0 1 81 1 3076 0
0 2829 846 2 222 0 411 846 178 0 2418 0
1 3076 0 1 191 1 3076 0
1 3076 0 1 530 1 3076 0
1 3076 0 1 367 1 3076 0
1 2921 530 2 397 0 1412 529 341 1 1509 1
1 3076 0 1 40 1 3076 0
1 2871 701 2 500 0 2247 701 105 1 624 0
0 2879 675 2 215 0 706 675 208 0 2173 0
1 3076 0 1 190 1 3076 0
1 3076 0 1 218 1 3076 0
1 2912 560 2 286 0 1190 560 246 1 1722 0
1 2819 878 2 446 0 598 878 361 1 2221 0
1 3076 0 1 295 1 3076 0
1 3076 0 1 537 1 3076 0
1 3076 0 1 98 1 3076 0
1 3076 0 1 163 1 3076 0
2 2829 843 2 597 0 680 843 283 2 2149 0
1 2896 615 2 461 0 2525 615 23 1 371 0
1 3016 205 2 508 0 0 204 480 1 3016 1
1 3076 0 1 236 1 3076 0
1 3076 0 1 38 1 3076 0
1 3076 0 1 223 1 3076 0
1 3076 0 1 7 1 3076 0
2 2850 771 2 141 0 910 771 569 2 1940 0
1 2895 618 2 312 0 1180 618 149 1 1715 0
1 3076 0 1 370 1 3076 0
0 2829 845 2 175 0 660 845 80 0 2169 0
1 3076 0 1 207 1 3076 0
0 2914 555 2 467 0 2380 555 486 0 534 0
1 2870 704 2 54 0 1115 704 291 1 1755 0
-1
8 42
2 2652 0 1 838 2 2652 0
2 2652 0 1 989 2 2652 0
2 2652 0 1 966 2 2652 0
0 2504 508 2 1072 0 1783 508 903 0 721 0
2 2652 0 1 1010 2 2652 0
0 2365 984 2 982 0 411 983 831 0 1954 1
2 2652 0 1 610 2 2652 0
2 2652 0 1 1094 2 2652 0
1 2407 839 2 1014 0 1658 839 898 1 749 0
1 2367 976 2 798 0 1689 976 734 1 678 0
2 2652 0 1 759 2 2652 0
2 2652 0 1 1000 2 2652 0
0 2495 539 2 609 0 516 539 1131 0 1979 0
1 2426 774 2 736 0 0 773 724 1 2426 1
2 2452 684 2 662 0 518 684 1174 2 1934 0
2 2652 0 1 883 2 2652 0
1 2498 528 2 962 0 1705 527 922 1 793 1
1 2384 917 2 948 0 1540 917 839 1 844 0
0 2429 765 2 841 0 464 765 725 0 1965 0
2 2652 0 1 623 2 2652 0
2 2652 0 1 645 2 2652 0
2 2652 0 1 741 2 2652 0
2 2652 0 1 870 2 2652 0
2 2652 0 1 1176 2 2652 0
2 2652 0 1 843 2 2652 0
2 2652 0 1 796 2 2652 0
2 2652 0 1 1011 2 2652 0
1 2438 733 2 852 0 2118 732 1194 1 320 1
2 2652 0 1 1070 2 2652 0
1 2371 962 2 710 0 130 962 640 1 2241 0
2 2652 0 1 731 2 2652 0
2 2652 0 1 1133 2 2652 0
2 2652 0 1 1060 2 2652 0
2 2652 0 1 1037 2 2652 0
2 2461 653 2 619 0 1395 653 968 2 1066 0
2 2652 0 1 1141 2 2652 0
2 2652 0 1 789 2 2652 0
1 2463 647 2 1039 0 890 647 998 1 1573 0
0 2501 519 2 1189 0 1938 518 1033 0 563 1
1 2364 986 2 973 0 2022 986 704 1 342 0
0 2396 878 2 871 0 561 877 765 0 1835 1
0 2413 820 2 979 0 1856 819 1135 0 557 1
-1
9 41
0 2644 449 1 56 0 2644 449
1 2534 824 2 44 0 956 823 298 1 1578 1
1 2775 0 1 555 1 2775 0
1 2775 0 1 469 1 2775 0
1 2775 0 1 561 1 2775 0
1 2775 0 1 491 1 2775 0
1 2775 0 1 378 1 2775 0
1 2775 0 1 383 1 2775 0
1 2775 0 1 102 1 2775 0
0 2598 606 2 204 0 1247 606 409 0 1351 0
1 2775 0 1 129 1 2775 0
2 2612 556 2 547 0 611 556 523 2 2001 0
1 2487 985 2 501 0 1753 985 264 1 734 0
1 2775 0 1 452 1 2775 0
1 2775 0 1 17 1 2775 0
1 2775 0 1 226 1 2775 0
1 2775 0 1 572 1 2775 0
0 2547 781 2 70 0 979 780 539 0 1568 1
2 2518 877 2 87 0 602 877 449 2 1916 0
1 2775 0 1 545 1 2775 0
1 2775 0 1 18 1 2775 0
1 2775 0 1 573 1 2775 0
1 2775 0 1 124 1 2775 0
1 2775 0 1 526 1 2775 0
1 2775 0 1 599 1 2775 0
0 2603 589 2 131 0 2420 589 519 0 183 0
1 2583 656 2 506 0 2182 656 440 1 401 0
0 2495 959 2 120 0 1027 959 241 0 1468 0
1 2775 0 1 571 1 2775 0
1 2775 0 1 4 1 2775 0
1 2596 612 2 307 0 1403 611 489 1 1193 1
0 2498 948 2 270 0 1908 948 30 0 590 0
1 2775 0 1 10 1 2775 0
1 2775 0 1 234 1 2775 0
1 2775 0 1 360 1 2775 0
0 2563 726 2 303 0 2247 726 314 0 316 0
0 2600 600 2 414 0 802 600 394 0 1798 0
1 2775 0 1 59 1 2775 0
0 2492 969 2 308 0 295 968 488 0 2197 1
0 2587 644 1 520 0 2587 644
0 2533 829 2 304 0 106 828 439 0 2427 1
-1
10 40
0 3229 0 1 904 0 3229 0
0 3229 0 1 807 0 3229 0
0 3229 0 1 1074 0 3229 0
0 3229 0 1 1047 0 3229 0
0 3229 0 1 1055 0 3229 0
0 3229 0 1 982 0 3229 0
0 3229 0 1 666 0 3229 0
0 3073 534 2 1144 0 347 534 1089 0 2726 0
1 2953 943 2 1043 0 1972 942 1014 1 981 1
0 3020 715 2 1048 0 845 715 798 0 2175 0
0 3229 0 1 857 0 3229 0
2 2956 931 2 672 0 1929 931 1000 2 1027 0
0 3229 0 1 690 0 3229 0
0 3229 0 1 736 0 3229 0
0 3065 561 2 683 0 2347 561 662 0 718 0
0 3229 0 1 801 0 3229 0
0 3229 0 1 1112 0 3229 0
0 3022 708 2 1195 0 1229 708 948 0 1793 0
2 2971 880 2 906 0 1472 880 841 2 1499 0
1 3040 645 2 687 0 2355 645 613 1 685 0
0 3229 0 1 751 0 3229 0
0 3229 0 1 745 0 3229 0
0 3229 0 1 864 0 3229 0
0 3229 0 1 665 0 3229 0
0 3033 671 2 1175 0 2154 670 843 0 879 1
1 3047 621 2 976 0 0 621 983 1 3047 0
0 3229 0 1 1081 0 3229 0
0 3229 0 1 1063 0 3229 0
0 3011 746 2 629 0 1126 745 1122 0 1885 1
0 3229 0 1 710 0 3229 0
1 3004 768 2 921 0 0 768 829 1 3004 0
0 2976 865 2 863 0 981 865 649 0 1995 0
0 3061 575 2 1016 0 597 574 958 0 2464 1
1 3004 768 2 1034 0 2935 768 1037 1 69 0
0 3229 0 1 632 0 3229 0
0 3229 0 1 1190 0 3229 0
0 2974 872 2 860 0 2929 872 789 0 45 0
2 3014 733 2 1136 0 3003 733 1039 2 11 0
0 3229 0 1 618 0 3229 0
0 2937 999 2 1125 0 996 998 973 0 1941 1
-1
11 41
0 3210 1 1 299 0 3210 1
0 3210 1 1 420 0 3210 1
0 3210 1 1 483 0 3210 1
0 3210 1 1 518 0 3210 1
0 3210 1 1 300 0 3210 1
0 3210 1 1 543 0 3210 1
0 3210 1 1 336 0 3210 1
1 2995 735 2 247 0 124 735 476 1 2871 0
0 2946 903 2 554 0 410 903 425 0 2536 0
0 3012 678 2 82 0 2226 678 528 0 786 0
0 3210 1 1 81 0 3210 1
0 3210 1 1 178 0 3210 1
0 2981 784 2 191 0 508 784 369 0 2473 0
2 2944 908 2 530 0 76 908 111 2 2868 0
1 3022 642 2 367 0 1022 642 301 1 2000 0
0 3210 1 1 341 0 3210 1
0 2972 815 2 40 0 2231 814 289 0 741 1
0 3210 1 1 105 0 3210 1
0 3210 1 1 208 0 3210 1
1 3014 670 2 190 0 1928 670 381 1 1086 0
0 3023 640 2 218 0 2369 640 193 0 654 0
2 3060 511 2 246 0 2876 511 428 2 184 0
0 3210 1 1 361 0 3210 1
0 3210 1 1 295 0 3210 1
0 2949 893 2 537 0 646 893 267 0 2303 0
2 2981 781 2 98 0 2623 781 594 2 358 0
0 3003 709 2 163 0 1670 709 282 0 1333 0
0 3210 1 1 283 0 3210 1
0 3210 1 1 23 0 3210 1
0 3210 1 1 480 0 3210 1
0 2942 917 2 236 0 2146 917 346 0 796 0
2 3023 638 2 38 0 1654 638 529 2 1369 0
0 2950 890 2 223 0 105 889 444 0 2845 1
0 3210 1 1 7 0 3210 1
0 3210 1 1 569 0 3210 1
0 3210 1 1 149 0 3210 1
0 3203 25 1 370 0 3203 25
2 3056 525 2 80 0 2556 525 1 2 500 0
1 3022 642 2 207 0 2107 642 352 1 915 0
0 3210 1 1 486 0 3210 1
0 3210 1 1 95 0 3210 1
-1
12 40
1 3638 0 1 1064 1 3638 0
1 3478 548 2 764 0 1152 547 689 1 2326 1
1 3638 0 1 781 1 3638 0
1 3638 0 1 969 1 3638 0
1 3415 763 2 881 0 2113 763 1187 1 1302 0
1 3638 0 1 837 1 3638 0
2 3386 861 2 885 0 1331 861 1153 2 2055 0
1 3381 879 2 620 0 960 879 940 1 2421 0
1 3586 178 2 1142 0 0 178 1086 1 3586 0
0 3448 652 2 709 0 267 652 1050 0 3181 0
1 3638 0 1 806 1 3638 0
1 3638 0 1 786 1 3638 0
1 3485 524 2 1067 0 0 523 967 1 3485 1
1 3372 910 2 856 0 1437 910 708 1 1935 0
0 3365 935 2 686 0 2967 935 647 0 398 0
1 3464 595 2 737 0 897 595 1137 1 2567 0
1 3428 719 2 670 0 131 719 659 1 3297 0
1 3638 0 1 1191 1 3638 0
2 3483 529 2 1049 0 848 529 797 2 2635 0
1 3638 0 1 1091 1 3638 0
1 3462 602 2 832 0 2081 602 753 1 1381 0
1 3422 739 2 755 0 3367 739 692 1 55 0
2 3412 772 2 1146 0 548 772 1148 2 2864 0
1 3638 0 1 795 1 3638 0
1 3638 0 1 1036 1 3638 0
0 3397 826 2 1121 0 1144 826 1035 0 2253 0
1 3638 0 1 984 1 3638 0
1 3638 0 1 633 1 3638 0
1 3638 0 1 914 1 3638 0
1 3638 0 1 942 1 3638 0
1 3638 0 1 955 1 3638 0
0 3448 651 2 792 0 594 651 656 0 2854 0
1 3488 513 2 646 0 196 513 1100 1 3292 0
1 3403 804 2 1069 0 1380 804 868 1 2023 0
1 3351 982 2 661 0 1314 982 652 1 2037 0
2 3439 680 2 615 0 943 680 899 2 2496 0
0 3412 775 2 804 0 1737 774 758 0 1675 1
1 3638 0 1 682 1 3638 0
1 3638 0 1 854 1 3638 0
0 3465 593 2 774 0 1951 593 790 0 1514 0
-1
13 40
1 3192 0 1 56 1 3192 0
1 3192 0 1 44 1 3192 0
1 2968 766 2 548 0 2729 766 555 1 239 0
1 3192 0 1 31 1 3192 0
1 3192 0 1 118 1 3192 0
0 2934 883 2 244 0 2478 883 491 0 456 0
0 2982 719 2 363 0 998 719 378 0 1984 0
1 3192 0 1 243 1 3192 0
1 3192 0 1 473 1 3192 0
0 3027 565 2 92 0 1339 565 204 0 1688 0
1 3192 0 1 512 1 3192 0
0 3045 504 2 273 0 1171 504 547 0 1874 0
1 3192 0 1 501 1 3192 0
0 2982 719 2 268 0 855 719 452 0 2127 0
1 3192 0 1 310 1 3192 0
2 2943 850 2 280 0 1326 850 226 2 1617 0
1 3192 0 1 27 1 3192 0
1 3192 0 1 70 1 3192 0
1 3192 0 1 87 1 3192 0
1 3192 0 1 584 1 3192 0
1 3192 0 1 79 1 3192 0
1 3022 581 2 421 0 197 581 573 1 2825 0
1 3192 0 1 272 1 3192 0
1 3192 0 1 560 1 3192 0
1 3192 0 1 91 1 3192 0
0 3038 528 2 550 0 2676 528 131 0 362 0
0 2918 938 2 137 0 1715 938 506 0 1203 0
1 3192 0 1 120 1 3192 0
1 3192 0 1 358 1 3192 0
1 3192 0 1 181 1 3192 0
1 3040 519 2 325 0 1464 519 307 1 1576 0
1 3192 0 1 270 1 3192 0
1 2919 933 2 187 0 455 933 10 1 2464 0
1 2906 978 2 509 0 612 977 234 1 2294 1
2 3043 508 2 447 0 2054 508 360 2 989 0
0 2976 740 2 564 0 1208 740 303 0 1768 0
2 2928 901 2 492 0 851 901 414 2 2077 0
1 3192 0 1 438 1 3192 0
1 3192 0 1 308 1 3192 0
2 3024 573 2 174 0 1436 573 520 2 1588 0
-1
14 44
0 2284 625 2 835 0 0 625 1087 0 2284 0
2 2466 0 1 735 2 2466 0
0 2316 516 2 1186 0 2178 515 959 0 138 1
2 2466 0 1 1157 2 2466 0
2 2466 0 1 918 2 2466 0
2 2466 0 1 1099 2 2466 0
2 2466 0 1 1079 2 2466 0
2 2466 0 1 794 2 2466 0
2 2466 0 1 743 2 2466 0
2 2195 927 2 997 0 361 927 793 2 1834 0
2 2466 0 1 617 2 2466 0
1 2299 573 2 1169 0 1563 573 1093 1 736 0
2 2466 0 1 1115 2 2466 0
2 2466 0 1 971 2 2466 0
2 2466 0 1 712 2 2466 0
2 2466 0 1 808 2 2466 0
2 2466 0 1 641 2 2466 0
2 2466 0 1 930 2 2466 0
2 2466 0 1 1054 2 2466 0
2 2466 0 1 824 2 2466 0
2 2466 0 1 902 2 2466 0
0 2305 553 2 800 0 2042 553 780 0 263 0
2 2466 0 1 671 2 2466 0
0 2208 885 2 953 0 1996 885 949 0 212 0
1 2317 511 2 705 0 1517 511 663 1 800 0
2 2466 0 1 1120 2 2466 0
1 2206 891 2 858 0 442 891 746 1 1764 0
0 2192 940 2 965 0 1671 940 935 0 521 0
0 2238 782 2 707 0 644 782 920 0 1594 0
2 2466 0 1 1012 2 2466 0
2 2466 0 1 1151 2 2466 0
2 2466 0 1 964 2 2466 0
2 2466 0 1 845 2 2466 0
2 2466 0 1 701 2 2466 0
2 2466 0 1 713 2 2466 0
2 2466 0 1 1107 2 2466 0
2 2466 0 1 878 2 2466 0
2 2260 705 2 756 0 822 705 711 2 1438 0
2 2466 0 1 938 2 2466 0
0 2220 844 2 1161 0 1474 844 867 0 746 0
0 2242 769 2 1059 0 1791 768 771 0 451 1
2 2466 0 1 768 2 2466 0
2 2466 0 1 790 2 2466 0
2 2466 0 1 747 2 2466 0
-1
15 41
2 3019 880 2 359 0 2764 880 56 2 255 0
1 3099 608 2 557 0 2361 608 44 1 738 0
0 3277 1 1 548 0 3277 1
0 3277 1 1 31 0 3277 1
0 3277 1 1 118 0 3277 1
0 3277 1 1 244 0 3277 1
0 3277 1 1 363 0 3277 1
2 3247 101 2 206 0 0 101 243 2 3247 0
1 3022 871 2 48 0 1811 871 473 1 1211 0
0 3277 1 1 92 0 3277 1
1 3107 581 2 345 0 880 581 512 1 2227 0
0 3277 1 1 273 0 3277 1
0 3055 760 2 256 0 1655 760 501 0 1400 0
0 3277 1 1 268 0 3277 1
0 3277 1 1 310 0 3277 1
0 3277 1 1 280 0 3277 1
2 3108 576 2 138 0 1554 576 27 2 1554 0
1 3004 933 2 8 0 2676 933 70 1 328 0
2 3115 552 2 46 0 1538 552 87 2 1577 0
0 3101 603 2 74 0 2828 602 584 0 273 1
0 3004 934 2 353 0 2541 934 79 0 463 0
0 3277 1 1 421 0 3277 1
0 3277 1 1 272 0 3277 1
0 3277 1 1 560 0 3277 1
0 3097 616 2 372 0 2907 616 91 0 190 0
2 3051 771 2 290 0 977 771 550 2 2074 0
0 3277 1 1 137 0 3277 1
2 2993 969 2 130 0 1103 969 120 2 1890 0
2 2996 959 2 521 0 1454 959 358 2 1542 0
0 3277 1 1 181 0 3277 1
1 3206 242 2 164 0 0 242 325 1 3206 0
1 3088 646 2 577 0 2168 645 270 1 920 1
0 3277 1 1 187 0 3277 1
0 3277 1 1 509 0 3277 1
0 3008 921 2 517 0 481 920 447 0 2527 1
0 3277 1 1 564 0 3277 1
0 3277 1 1 492 0 3277 1
0 2990 982 2 463 0 2400 982 438 0 590 0
1 3052 769 2 330 0 348 769 308 1 2704 0
0 3277 1 1 174 0 3277 1
0 3277 1 1 304 0 3277 1
-1
16 42
2 2738 735 2 1064 0 328 735 688 2 2410 0
1 2953 1 1 689 1 2953 1
2 2793 547 2 781 0 85 547 684 2 2708 0
1 2749 698 2 969 0 402 698 606 1 2347 0
1 2953 1 1 1187 1 2953 1
0 2681 932 2 837 0 211 932 778 0 2470 0
1 2953 1 1 1153 1 2953 1
1 2786 572 2 940 0 2726 572 1043 1 60 0
1 2953 1 1 1086 1 2953 1
0 2803 515 2 1050 0 1454 515 933 0 1349 0
1 2696 880 2 806 0 2683 879 672 1 13 1
1 2953 1 1 786 1 2953 1
1 2953 1 1 967 1 2953 1
1 2953 1 1 708 1 2953 1
1 2953 1 1 647 1 2953 1
1 2953 1 1 1137 1 2953 1
1 2953 1 1 659 1 2953 1
1 2661 999 2 1191 0 2659 999 906 1 2 0
1 2953 1 1 797 1 2953 1
2 2707 841 2 1091 0 262 841 1004 2 2445 0
1 2953 1 1 753 1 2953 1
1 2953 1 1 692 1 2953 1
1 2953 1 1 1148 1 2953 1
1 2797 534 2 795 0 25 534 628 1 2772 0
2 2708 837 2 1036 0 1233 837 976 2 1475 0
1 2953 1 1 1035 1 2953 1
0 2706 847 2 984 0 1540 846 1143 0 1166 1
1 2953 1 1 633 1 2953 1
1 2953 1 1 914 1 2953 1
0 2708 840 2 942 0 2203 840 921 0 505 0
1 2675 951 2 955 0 2317 951 863 1 358 0
1 2953 1 1 656 1 2953 1
1 2953 1 1 1100 1 2953 1
1 2953 1 1 868 1 2953 1
1 2953 1 1 652 1 2953 1
1 2953 1 1 899 1 2953 1
1 2953 1 1 758 1 2953 1
0 2682 929 2 682 0 724 928 642 0 1958 1
1 2776 606 2 854 0 1236 606 1125 1 1540 0
1 2953 1 1 648 1 2953 1
1 2788 565 2 991 0 1379 565 988 1 1409 0
1 2953 1 1 1182 1 2953 1
-1
17 41
2 2176 805 2 593 0 390 805 21 2 1786 0
0 2412 0 1 527 0 2412 0
0 2412 0 1 472 0 2412 0
0 2412 0 1 49 0 2412 0
0 2237 599 2 416 0 1571 599 576 0 666 0
0 2412 0 1 185 0 2412 0
0 2412 0 1 423 0 2412 0
1 2288 423 2 559 0 0 423 220 1 2288 0
1 2264 505 2 269 0 1726 505 513 1 538 0
0 2263 510 2 580 0 1246 510 338 0 1017 0
0 2412 0 1 437 0 2412 0
0 2246 568 2 382 0 1934 568 343 0 312 0
0 2412 0 1 170 0 2412 0
0 2412 0 1 562 0 2412 0
0 2412 0 1 462 0 2412 0
0 2412 0 1 119 0 2412 0
0 2412 0 1 375 0 2412 0
0 2412 0 1 266 0 2412 0
0 2412 0 1 171 0 2412 0
0 2315 332 1 388 0 2315 332
0 2412 0 1 132 0 2412 0
2 2164 846 2 458 0 1468 846 225 2 696 0
0 2412 0 1 335 0 2412 0
0 2412 0 1 406 0 2412 0
1 2215 673 2 28 0 1073 672 405 1 1142 1
2 2125 979 2 505 0 1376 979 125 2 749 0
0 2412 0 1 14 0 2412 0
0 2412 0 1 274 0 2412 0
0 2412 0 1 117 0 2412 0
0 2132 958 2 153 0 802 957 151 0 1330 1
0 2412 0 1 101 0 2412 0
0 2412 0 1 391 0 2412 0
1 2210 690 2 259 0 2200 690 250 1 10 0
1 2201 721 2 364 0 335 721 159 1 1866 0
0 2265 503 2 479 0 224 503 113 0 2041 0
0 2171 824 2 77 0 1790 824 279 0 381 0
0 2412 0 1 551 0 2412 0
0 2138 937 2 20 0 1320 937 448 0 818 0
0 2412 0 1 152 0 2412 0
0 2199 729 2 251 0 1094 729 445 0 1105 0
1 2220 656 2 302 0 437 656 468 1 1783 0
-1
18 40
0 3730 0 1 810 0 3730 0
0 3574 534 2 722 0 3401 534 974 0 173 0
0 3448 964 2 1118 0 417 964 1101 0 3031 0
1 3549 618 2 817 0 1093 618 654 1 2456 0
0 3478 862 2 934 0 193 862 950 0 3285 0
2 3515 733 2 1098 0 1424 733 818 2 2091 0
1 3511 748 2 1057 0 2270 747 693 1 1241 1
1 3699 105 2 877 0 0 104 805 1 3699 1
0 3730 0 1 888 0 3730 0
1 3489 823 2 1196 0 3186 822 997 1 303 1
0 3507 763 2 1028 0 2903 763 869 0 604 0
0 3554 602 2 703 0 1988 602 604 0 1566 0
1 3566 560 2 855 0 1116 560 1173 1 2450 0
0 3573 537 2 861 0 805 537 1071 0 2768 0
1 3480 854 2 994 0 1853 853 783 1 1627 1
1 3492 813 2 884 0 3004 813 859 1 488 0
0 3730 0 1 1126 0 3730 0
0 3730 0 1 782 0 3730 0
0 3730 0 1 1130 0 3730 0
1 3520 717 2 762 0 429 717 947 1 3091 0
0 3730 0 1 674 0 3730 0
2 3483 842 2 742 0 264 842 728 2 3219 0
0 3454 944 2 889 0 3241 944 872 0 213 0
0 3730 0 1 1102 0 3730 0
0 3730 0 1 738 0 3730 0
1 3458 929 2 679 0 2586 929 1179 1 872 0
0 3605 428 1 943 0 3605 428
0 3730 0 1 1013 0 3730 0
0 3730 0 1 779 0 3730 0
0 3578 520 2 981 0 2547 520 1041 0 1031 0
1 3554 601 2 685 0 2746 600 667 1 808 1
0 3511 749 2 830 0 1583 749 1113 0 1928 0
0 3730 0 1 908 0 3730 0
1 3547 625 2 961 0 2458 624 788 1 1089 1
0 3519 722 2 827 0 3475 722 769 0 44 0
1 3560 580 2 697 0 3420 580 637 1 140 0
0 3458 930 2 1127 0 710 930 1020 0 2748 0
0 3730 0 1 784 0 3730 0
1 3566 560 2 985 0 2922 559 1139 1 644 1
0 3730 0 1 890 0 3730 0
-1
19 42
0 2528 1 1 56 0 2528 1
0 2528 1 1 44 0 2528 1
0 2528 1 1 555 0 2528 1
2 2266 894 2 31 0 284 894 469 2 1982 0
0 2272 876 2 118 0 1130 876 561 0 1142 0
0 2528 1 1 491 0 2528 1
0 2528 1 1 378 0 2528 1
1 2303 769 2 243 0 470 768 383 1 1833 1
2 2366 552 2 473 0 563 552 102 2 1803 0
0 2528 1 1 204 0 2528 1
0 2317 722 2 512 0 1077 722 129 0 1240 0
0 2528 1 1 547 0 2528 1
0 2528 1 1 501 0 2528 1
0 2528 1 1 452 0 2528 1
1 2286 827 2 310 0 163 826 17 1 2123 1
0 2528 1 1 226 0 2528 1
1 2371 536 2 27 0 75 536 572 1 2296 0
0 2528 1 1 70 0 2528 1
0 2528 1 1 87 0 2528 1
2 2357 583 2 584 0 1790 583 545 2 567 0
0 2341 640 2 79 0 2104 640 18 0 237 0
0 2528 1 1 573 0 2528 1
1 2299 782 2 272 0 526 782 124 1 1773 0
1 2279 851 2 560 0 183 850 526 1 2096 1
2 2361 569 2 91 0 1738 569 599 2 623 0
0 2528 1 1 131 0 2528 1
0 2528 1 1 506 0 2528 1
0 2528 1 1 120 0 2528 1
0 2369 544 2 358 0 159 544 571 0 2210 0
1 2262 909 2 181 0 494 909 4 1 1768 0
0 2528 1 1 307 0 2528 1
0 2528 1 1 270 0 2528 1
0 2528 1 1 10 0 2528 1
0 2528 1 1 234 0 2528 1
0 2528 1 1 360 0 2528 1
0 2528 1 1 303 0 2528 1
0 2528 1 1 414 0 2528 1
0 2363 565 2 438 0 1293 564 59 0 1070 1
0 2528 1 1 308 0 2528 1
0 2528 1 1 520 0 2528 1
0 2528 1 1 304 0 2528 1
0 2528 1 1 29 0 2528 1
-1
20 44
0 2012 0 1 1087 0 2012 0
1 1770 827 2 735 0 1757 827 764 1 13 0
0 2012 0 1 959 0 2012 0
0 2012 0 1 1164 0 2012 0
2 1744 914 2 918 0 749 914 881 2 995 0
1 1765 844 2 1099 0 976 843 837 1 789 1
0 2012 0 1 885 0 2012 0
0 2012 0 1 620 0 2012 0
0 2012 0 1 1142 0 2012 0
0 1863 510 2 793 0 19 510 709 0 1844 0
0 2012 0 1 891 0 2012 0
0 2012 0 1 1093 0 2012 0
0 2012 0 1 1067 0 2012 0
0 2012 0 1 856 0 2012 0
0 1737 941 2 712 0 37 940 686 0 1700 1
0 1806 705 2 808 0 1096 704 737 0 710 1
0 2012 0 1 670 0 2012 0
0 2012 0 1 930 0 2012 0
0 1785 777 2 1054 0 1629 777 1049 0 156 0
0 1800 725 1 824 0 1800 725
0 2012 0 1 902 0 2012 0
0 2012 0 1 780 0 2012 0
0 2012 0 1 1146 0 2012 0
0 2012 0 1 949 0 2012 0
0 2012 0 1 663 0 2012 0
0 2012 0 1 1121 0 2012 0
0 2012 0 1 746 0 2012 0
0 2012 0 1 935 0 2012 0
0 2012 0 1 920 0 2012 0
0 2012 0 1 761 0 2012 0
0 2012 0 1 1151 0 2012 0
1 1778 799 2 964 0 271 799 792 1 1507 0
0 1763 852 2 845 0 1099 852 646 0 664 0
0 2012 0 1 1069 0 2012 0
0 2012 0 1 661 0 2012 0
0 1795 742 2 1107 0 375 742 615 0 1420 0
0 1753 886 2 878 0 281 886 804 0 1472 0
2 1824 641 2 711 0 1594 641 682 2 230 0
0 2012 0 1 850 0 2012 0
0 2012 0 1 867 0 2012 0
0 1899 387 1 771 0 1899 387
0 2012 0 1 748 0 2012 0
0 2012 0 1 1040 0 2012 0
1 1833 611 2 747 0 1161 611 718 1 672 0
-1
21 41
2 2917 0 1 255 2 2917 0
2 2917 0 1 196 2 2917 0
2 2917 0 1 89 2 2917 0
0 2657 892 2 9 0 2231 892 344 0 426 0
1 2650 914 2 576 0 1525 914 275 1 1125 0
2 2733 629 2 357 0 2331 629 83 2 402 0
1 2728 648 2 411 0 686 647 177 1 2042 1
2 2917 0 1 198 2 2917 0
0 2700 745 2 513 0 122 744 221 0 2578 1
2 2917 0 1 339 2 2917 0
1 2768 511 2 297 0 1610 510 222 1 1158 1
2 2917 0 1 277 2 2917 0
2 2917 0 1 42 2 2917 0
1 2717 685 2 210 0 513 685 195 1 2204 0
2 2917 0 1 413 2 2917 0
2 2917 0 1 88 2 2917 0
1 2732 634 2 166 0 41 634 470 1 2691 0
2 2917 0 1 5 2 2917 0
0 2691 775 2 165 0 2646 775 389 0 45 0
0 2752 567 1 600 0 2752 567
2 2917 0 1 263 2 2917 0
1 2653 904 2 225 0 1403 904 446 1 1250 0
2 2917 0 1 305 2 2917 0
2 2917 0 1 144 2 2917 0
0 2631 981 2 405 0 1660 981 66 0 971 0
2 2863 185 2 125 0 0 185 464 2 2863 0
2 2683 800 2 75 0 1831 800 597 2 852 0
2 2917 0 1 538 2 2917 0
1 2741 603 2 214 0 1021 603 508 1 1720 0
1 2651 911 2 151 0 834 910 133 1 1817 1
2 2686 790 2 145 0 2611 790 51 2 75 0
2 2917 0 1 150 2 2917 0
0 2638 957 2 250 0 2558 956 72 0 80 1
0 2767 516 1 69 0 2767 516
2 2917 0 1 380 2 2917 0
2 2917 0 1 429 2 2917 0
0 2707 721 2 524 0 1815 721 175 0 892 0
2 2917 0 1 435 2 2917 0
2 2917 0 1 567 2 2917 0
2 2917 0 1 54 2 2917 0
2 2917 0 1 287 2 2917 0
-1
22 42
1 3370 1 1 904 1 3370 1
1 3144 774 2 688 0 1471 774 807 1 1673 0
1 3201 579 2 698 0 3174 579 1074 1 27 0
2 3161 714 2 684 0 633 714 1047 2 2528 0
0 3347 81 2 606 0 0 81 1055 0 3347 0
2 3192 608 2 630 0 2907 608 982 2 285 0
1 3158 726 2 778 0 972 725 666 1 2186 1
1 3370 1 1 1144 1 3370 1
1 3370 1 1 1043 1 3370 1
1 3370 1 1 1048 1 3370 1
0 3159 724 2 933 0 2084 724 857 0 1075 0
1 3370 1 1 672 1 3370 1
1 3370 1 1 690 1 3370 1
1 3215 531 2 876 0 2735 530 736 1 480 1
0 3099 929 2 708 0 388 928 683 0 2711 1
2 3154 738 2 647 0 216 738 801 2 2938 0
2 3090 957 2 1137 0 17 957 1112 2 3073 0
1 3370 1 1 1195 1 3370 1
1 3370 1 1 906 1 3370 1
1 3370 1 1 687 1 3370 1
0 3145 771 2 1004 0 1409 771 751 0 1736 0
1 3124 842 2 753 0 168 842 745 1 2956 0
1 3155 736 2 692 0 540 736 864 1 2615 0
1 3370 1 1 665 1 3370 1
1 3370 1 1 1175 1 3370 1
0 3297 252 1 976 0 3297 252
0 3219 518 2 951 0 2309 518 1081 0 910 0
2 3190 615 2 1143 0 1295 615 1063 2 1895 0
1 3370 1 1 629 1 3370 1
1 3189 620 2 879 0 2802 619 710 1 387 1
0 3369 5 1 921 0 3369 5
1 3370 1 1 863 1 3370 1
1 3370 1 1 1016 1 3370 1
1 3370 1 1 1034 1 3370 1
1 3108 897 2 868 0 21 897 632 1 3087 0
1 3093 948 2 652 0 466 948 1190 1 2627 0
1 3370 1 1 860 1 3370 1
1 3370 1 1 1136 1 3370 1
0 3125 840 2 642 0 2528 840 618 0 597 0
1 3370 1 1 1125 1 3370 1
2 3150 752 2 648 0 740 752 871 2 2410 0
1 3201 579 2 988 0 718 579 814 1 2483 0
-1
23 43
1 2806 0 1 593 1 2806 0
2 2556 854 2 2 0 1549 854 527 2 1007 0
0 2549 880 2 58 0 1786 880 472 0 763 0
1 2806 0 1 49 1 2806 0
1 2806 0 1 416 1 2806 0
0 2791 53 2 351 0 0 53 185 0 2791 0
1 2806 0 1 423 1 2806 0
0 2643 559 1 559 0 2643 559
1 2806 0 1 269 1 2806 0
1 2806 0 1 580 1 2806 0
1 2806 0 1 437 1 2806 0
1 2806 0 1 382 1 2806 0
1 2806 0 1 170 1 2806 0
1 2612 664 2 107 0 0 664 562 1 2612 0
1 2806 0 1 462 1 2806 0
2 2653 522 2 499 0 2389 522 119 2 264 0
1 2806 0 1 375 1 2806 0
1 2632 595 2 532 0 56 595 266 1 2576 0
0 2622 631 2 390 0 1369 631 171 0 1253 0
1 2806 0 1 388 1 2806 0
1 2631 599 2 544 0 1761 599 132 1 870 0
1 2806 0 1 458 1 2806 0
1 2806 0 1 335 1 2806 0
0 2618 644 2 487 0 334 644 406 0 2284 0
1 2806 0 1 28 1 2806 0
1 2806 0 1 505 1 2806 0
1 2806 0 1 14 1 2806 0
0 2650 535 2 399 0 1253 535 274 0 1397 0
1 2806 0 1 117 1 2806 0
1 2806 0 1 153 1 2806 0
1 2806 0 1 101 1 2806 0
1 2600 705 2 229 0 2518 705 391 1 82 0
1 2806 0 1 259 1 2806 0
1 2806 0 1 364 1 2806 0
1 2806 0 1 479 1 2806 0
1 2806 0 1 77 1 2806 0
1 2806 0 1 551 1 2806 0
1 2806 0 1 20 1 2806 0
1 2558 848 2 213 0 1681 848 152 1 877 0
1 2806 0 1 251 1 2806 0
1 2806 0 1 302 1 2806 0
1 2806 0 1 29 1 2806 0
0 2602 699 2 227 0 1990 699 490 0 612 0
-1
24 45
1 2454 1 1 1178 1 2454 1
0 2183 929 2 989 0 114 928 791 0 2069 1
1 2454 1 1 1118 1 2454 1
0 2295 546 2 903 0 2077 545 817 0 218 1
1 2454 1 1 934 1 2454 1
1 2278 602 2 831 0 1366 602 1098 1 912 0
0 2195 888 2 610 0 2002 888 1057 0 193 0
1 2454 1 1 877 1 2454 1
1 2454 1 1 898 1 2454 1
0 2335 409 1 734 0 2335 409
1 2454 1 1 759 1 2454 1
1 2454 1 1 821 1 2454 1
1 2454 1 1 1131 1 2454 1
1 2454 1 1 724 1 2454 1
1 2299 531 2 1174 0 736 531 994 1 1563 0
0 2166 987 2 883 0 2113 987 884 0 53 0
1 2454 1 1 922 1 2454 1
1 2454 1 1 839 1 2454 1
1 2454 1 1 725 1 2454 1
0 2258 672 2 623 0 494 672 762 0 1764 0
1 2454 1 1 1062 1 2454 1
1 2454 1 1 742 1 2454 1
1 2204 855 2 870 0 1210 855 889 1 994 0
1 2454 1 1 1160 1 2454 1
1 2454 1 1 760 1 2454 1
1 2171 968 2 796 0 657 968 679 1 1514 0
1 2454 1 1 1011 1 2454 1
1 2454 1 1 1194 1 2454 1
1 2454 1 1 929 1 2454 1
1 2454 1 1 640 1 2454 1
1 2454 1 1 714 1 2454 1
0 2223 792 2 1133 0 1325 792 830 0 898 0
0 2425 101 1 1060 0 2425 101
1 2454 1 1 1193 1 2454 1
1 2454 1 1 968 1 2454 1
1 2454 1 1 1044 1 2454 1
1 2454 1 1 1127 1 2454 1
1 2454 1 1 998 1 2454 1
1 2454 1 1 1033 1 2454 1
1 2454 1 1 704 1 2454 1
1 2454 1 1 765 1 2454 1
1 2454 1 1 814 1 2454 1
2 2231 762 2 1135 0 1042 762 919 2 1189 0
1 2454 1 1 944 1 2454 1
0 2315 477 1 718 0 2315 477
-1
25 42
1 2596 980 2 299 0 2306 979 359 1 290 1
0 2883 0 1 39 0 2883 0
0 2883 0 1 410 0 2883 0
0 2883 0 1 252 0 2883 0
0 2883 0 1 493 0 2883 0
0 2883 0 1 581 0 2883 0
0 2883 0 1 504 0 2883 0
0 2883 0 1 206 0 2883 0
0 2653 786 2 425 0 1499 786 48 0 1154 0
1 2709 593 2 528 0 1512 593 197 1 1197 0
0 2883 0 1 219 0 2883 0
0 2883 0 1 502 0 2883 0
1 2628 870 2 369 0 2318 870 256 1 310 0
0 2883 0 1 309 0 2883 0
0 2883 0 1 432 0 2883 0
0 2883 0 1 73 0 2883 0
0 2883 0 1 289 0 2883 0
2 2602 958 2 105 0 1757 958 8 2 845 0
0 2883 0 1 398 0 2883 0
0 2883 0 1 381 0 2883 0
0 2707 601 2 193 0 1716 601 353 0 991 0
0 2883 0 1 428 0 2883 0
0 2883 0 1 173 0 2883 0
0 2883 0 1 418 0 2883 0
2 2707 599 2 267 0 49 599 116 2 2658 0
1 2719 559 2 594 0 1632 559 290 1 1087 0
0 2883 0 1 282 0 2883 0
2 2742 479 2 283 0 0 479 130 2 2742 0
1 2656 774 2 23 0 354 774 521 1 2302 0
0 2883 0 1 392 0 2883 0
0 2685 677 2 346 0 2258 677 164 0 427 0
0 2883 0 1 529 0 2883 0
0 2792 311 1 444 0 2792 311
1 2708 597 2 542 0 2670 597 509 1 38 0
0 2883 0 1 517 0 2883 0
0 2883 0 1 566 0 2883 0
0 2883 0 1 350 0 2883 0
0 2730 523 2 1 0 1157 522 463 0 1573 1
0 2721 553 2 352 0 1022 553 330 0 1699 0
1 2761 415 2 486 0 0 415 212 1 2761 0
2 2694 643 2 95 0 2586 643 329 2 108 0
0 2883 0 1 257 0 2883 0
-1
26 42
1 2141 0 1 835 1 2141 0
1 2141 0 1 974 1 2141 0
1 1881 889 2 1101 0 1777 889 1186 1 104 0
0 1903 815 2 654 0 1685 815 1157 0 218 0
0 1955 637 1 950 0 1955 637
1 2141 0 1 818 1 2141 0
1 2141 0 1 693 1 2141 0
0 1954 641 1 805 0 1954 641
0 1853 986 2 888 0 769 986 743 0 1084 0
1 2141 0 1 997 1 2141 0
1 2141 0 1 869 1 2141 0
1 1963 609 2 604 0 722 609 1169 1 1241 0
0 1925 740 2 1173 0 1016 740 1115 0 909 0
1 2141 0 1 971 1 2141 0
2 1949 655 2 783 0 1083 655 712 2 866 0
1 2141 0 1 859 1 2141 0
2 1870 925 2 1126 0 724 925 641 2 1146 0
1 2141 0 1 723 1 2141 0
1 2141 0 1 1109 1 2141 0
1 2141 0 1 947 1 2141 0
1 2141 0 1 1021 1 2141 0
1 1890 858 2 728 0 1308 858 800 1 582 0
1 2141 0 1 872 1 2141 0
1 2141 0 1 953 1 2141 0
1 1859 964 2 738 0 1130 964 705 1 729 0
1 2141 0 1 1179 1 2141 0
1 2141 0 1 858 1 2141 0
1 2141 0 1 965 1 2141 0
1 2141 0 1 707 1 2141 0
2 1981 546 2 1041 0 690 546 1012 2 1291 0
1 2141 0 1 667 1 2141 0
1 2141 0 1 1113 1 2141 0
1 2141 0 1 901 1 2141 0
0 1949 658 2 788 0 1648 658 701 0 301 0
1 2141 0 1 769 1 2141 0
1 2141 0 1 637 1 2141 0
1 1891 855 2 1020 0 1754 855 878 1 137 0
1 2141 0 1 756 1 2141 0
1 1972 578 2 1139 0 1373 578 938 1 599 0
1 2141 0 1 1161 1 2141 0
1 2141 0 1 1059 1 2141 0
1 2141 0 1 768 1 2141 0
-1
27 42
1 2874 0 1 359 1 2874 0
1 2874 0 1 557 1 2874 0
0 2636 815 2 410 0 1739 815 548 0 897 0
0 2606 918 2 252 0 1305 918 31 0 1301 0
0 2582 1000 2 493 0 2280 999 118 0 302 1
0 2686 644 2 581 0 485 644 244 0 2201 0
1 2677 674 2 504 0 473 674 363 1 2204 0
0 2643 791 1 206 0 2643 791
1 2874 0 1 48 1 2874 0
1 2698 602 2 197 0 2212 601 92 1 486 1
1 2874 0 1 345 1 2874 0
1 2605 920 2 502 0 2509 920 273 1 96 0
1 2874 0 1 256 1 2874 0
1 2697 605 2 309 0 350 605 268 1 2347 0
2 2654 751 2 432 0 1846 751 310 2 808 0
1 2874 0 1 280 1 2874 0
1 2874 0 1 138 1 2874 0
1 2874 0 1 8 1 2874 0
1 2874 0 1 46 1 2874 0
0 2599 942 2 381 0 0 941 74 0 2599 1
1 2874 0 1 353 1 2874 0
1 2584 992 2 428 0 821 992 421 1 1763 0
1 2626 848 2 173 0 2576 848 272 1 50 0
1 2642 793 2 418 0 1637 793 560 1 1005 0
1 2720 527 2 116 0 75 526 372 1 2645 1
1 2874 0 1 290 1 2874 0
1 2874 0 1 137 1 2874 0
1 2874 0 1 130 1 2874 0
1 2874 0 1 521 1 2874 0
0 2668 706 2 392 0 1433 705 181 0 1235 1
0 2776 336 1 164 0 2776 336
1 2874 0 1 577 1 2874 0
1 2874 0 1 187 1 2874 0
1 2874 0 1 509 1 2874 0
1 2874 0 1 517 1 2874 0
1 2648 773 2 566 0 456 772 564 1 2192 1
1 2874 0 1 492 1 2874 0
1 2874 0 1 463 1 2874 0
1 2874 0 1 330 1 2874 0
1 2648 773 2 212 0 2187 772 174 1 461 1
2 2725 508 2 329 0 1168 508 304 2 1557 0
2 2647 775 2 257 0 2044 775 490 2 603 0
-1
28 45
1 2287 1 1 838 1 2287 1
1 2287 1 1 989 1 2287 1
0 2275 43 2 1074 0 0 43 966 0 2275 0
1 2287 1 1 1072 1 2287 1
1 2287 1 1 1010 1 2287 1
1 2287 1 1 982 1 2287 1
0 2001 980 2 666 0 772 980 610 0 1229 0
1 2072 736 2 1089 0 1248 735 1094 1 824 1
1 2287 1 1 1014 1 2287 1
1 2287 1 1 798 1 2287 1
1 2025 897 2 857 0 1119 896 759 1 906 1
1 2287 1 1 1000 1 2287 1
1 2287 1 1 609 1 2287 1
0 2235 180 1 736 0 2235 180
1 2287 1 1 662 1 2287 1
0 2018 922 2 801 0 0 921 883 0 2018 1
1 2287 1 1 962 1 2287 1
1 2287 1 1 948 1 2287 1
1 2287 1 1 841 1 2287 1
2 2135 519 2 613 0 1344 519 623 2 791 0
1 2287 1 1 645 1 2287 1
1 2287 1 1 741 1 2287 1
2 2002 974 2 864 0 280 974 870 2 1722 0
1 2287 1 1 1176 1 2287 1
1 2287 1 1 843 1 2287 1
1 2287 1 1 796 1 2287 1
0 2009 953 2 1081 0 1797 953 1011 0 212 0
1 2287 1 1 852 1 2287 1
1 2118 579 2 1122 0 685 578 1070 1 1433 1
1 2287 1 1 710 1 2287 1
0 2102 635 2 829 0 69 635 731 0 2033 0
1 2102 633 2 649 0 1061 633 1133 1 1041 0
0 2082 703 2 958 0 1231 703 1060 0 851 0
1 2287 1 1 1037 1 2287 1
1 2287 1 1 619 1 2287 1
1 2287 1 1 1141 1 2287 1
1 2287 1 1 789 1 2287 1
1 2287 1 1 1039 1 2287 1
1 2287 1 1 1189 1 2287 1
1 2287 1 1 973 1 2287 1
1 2287 1 1 871 1 2287 1
1 2287 1 1 979 1 2287 1
1 2287 1 1 1135 1 2287 1
1 2287 1 1 944 1 2287 1
1 2287 1 1 718 1 2287 1
-1
29 42
1 2688 0 1 21 1 2688 0
1 2515 592 2 527 0 1907 592 196 1 608 0
1 2688 0 1 472 1 2688 0
2 2496 656 2 49 0 47 656 9 2 2449 0
1 2688 0 1 576 1 2688 0
0 2465 764 1 185 0 2465 764
1 2425 900 2 423 0 635 900 411 1 1790 0
1 2688 0 1 220 1 2688 0
1 2688 0 1 513 1 2688 0
1 2688 0 1 338 1 2688 0
1 2688 0 1 437 1 2688 0
1 2688 0 1 343 1 2688 0
1 2492 671 2 170 0 556 670 42 1 1936 1
1 2518 582 2 562 0 213 582 210 1 2305 0
0 2655 115 1 462 0 2655 115
1 2688 0 1 119 1 2688 0
1 2509 613 2 375 0 191 613 166 1 2318 0
1 2688 0 1 266 1 2688 0
1 2519 578 2 171 0 1537 578 165 1 982 0
0 2605 286 2 388 0 0 286 600 0 2605 0
1 2688 0 1 132 1 2688 0
1 2688 0 1 225 1 2688 0
2 2424 902 2 335 0 1392 902 305 2 1032 0
0 2468 754 2 406 0 2090 754 144 0 378 0
1 2688 0 1 405 1 2688 0
1 2688 0 1 125 1 2688 0
0 2471 744 2 14 0 448 744 75 0 2023 0
1 2688 0 1 274 1 2688 0
2 2465 762 2 117 0 1407 762 214 2 1058 0
1 2688 0 1 151 1 2688 0
2 2416 929 2 101 0 1265 929 145 2 1151 0
1 2688 0 1 391 1 2688 0
1 2688 0 1 250 1 2688 0
1 2688 0 1 159 1 2688 0
1 2688 0 1 113 1 2688 0
1 2688 0 1 279 1 2688 0
1 2422 910 2 551 0 1095 910 524 1 1327 0
1 2688 0 1 448 1 2688 0
1 2688 0 1 152 1 2688 0
1 2688 0 1 445 1 2688 0
1 2688 0 1 287 1 2688 0
0 2488 686 2 29 0 839 685 292 0 1649 1
-1
30 43
2 2733 0 1 1087 2 2733 0
2 2733 0 1 735 2 2733 0
2 2733 0 1 959 2 2733 0
0 2562 587 2 1157 0 245 587 1164 0 2317 0
2 2733 0 1 918 2 2733 0
2 2733 0 1 1099 2 2733 0
2 2533 684 2 1079 0 1886 684 885 2 647 0
0 2536 676 2 794 0 1354 676 620 0 1182 0
1 2494 819 2 743 0 1467 819 1142 1 1027 0
2 2733 0 1 793 2 2733 0
0 2576 540 2 617 0 651 540 891 0 1925 0
2 2733 0 1 1093 2 2733 0
1 2540 661 2 1115 0 220 661 1067 1 2320 0
0 2451 967 2 971 0 1467 967 856 0 984 0
2 2733 0 1 712 2 2733 0
2 2733 0 1 808 2 2733 0
0 2478 875 2 641 0 1907 875 670 0 571 0
2 2733 0 1 930 2 2733 0
2 2733 0 1 1054 2 2733 0
2 2733 0 1 824 2 2733 0
2 2733 0 1 902 2 2733 0
2 2733 0 1 780 2 2733 0
0 2567 570 2 671 0 1936 570 1146 0 631 0
2 2733 0 1 949 2 2733 0
2 2733 0 1 663 2 2733 0
1 2578 531 2 1120 0 2058 531 1121 1 520 0
2 2733 0 1 746 2 2733 0
2 2733 0 1 935 2 2733 0
2 2733 0 1 920 2 2733 0
0 2523 721 2 1012 0 376 721 761 0 2147 0
2 2733 0 1 1151 2 2733 0
2 2733 0 1 964 2 2733 0
2 2733 0 1 845 2 2733 0
1 2489 836 2 701 0 2403 836 1069 1 86 0
2 2571 554 2 713 0 818 554 661 2 1753 0
2 2733 0 1 1107 2 2733 0
2 2733 0 1 878 2 2733 0
2 2733 0 1 711 2 2733 0
1 2494 819 2 938 0 1951 819 850 1 543 0
2 2733 0 1 867 2 2733 0
2 2733 0 1 771 2 2733 0
2 2461 930 2 768 0 195 930 748 2 2266 0
1 2520 730 2 790 0 1050 730 1040 1 1470 0
-1
31 43
0 2311 1 1 495 0 2311 1
0 2311 1 1 255 0 2311 1
2 2059 860 2 196 0 866 860 86 2 1193 0
0 2128 626 2 89 0 1050 626 327 0 1078 0
0 2311 1 1 344 0 2311 1
0 2311 1 1 275 0 2311 1
0 2311 1 1 83 0 2311 1
0 2311 1 1 177 0 2311 1
1 2137 594 2 198 0 1249 594 554 1 888 0
0 2311 1 1 221 0 2311 1
0 2311 1 1 339 0 2311 1
0 2311 1 1 222 0 2311 1
0 2311 1 1 277 0 2311 1
1 2020 994 2 42 0 753 994 530 1 1267 0
0 2311 1 1 195 0 2311 1
0 2311 1 1 413 0 2311 1
0 2311 1 1 88 0 2311 1
1 2163 505 2 470 0 1853 505 500 1 310 0
0 2110 688 2 5 0 492 688 215 0 1618 0
0 2311 1 1 389 0 2311 1
0 2194 401 2 600 0 0 400 563 0 2194 1
2 2075 805 2 263 0 1978 805 286 2 97 0
0 2311 1 1 446 0 2311 1
0 2065 842 2 305 0 279 842 362 0 1786 0
0 2047 903 2 144 0 1484 903 537 0 563 0
0 2311 1 1 66 0 2311 1
0 2311 1 1 464 0 2311 1
0 2311 1 1 597 0 2311 1
0 2311 1 1 538 0 2311 1
0 2311 1 1 508 0 2311 1
0 2311 1 1 133 0 2311 1
0 2311 1 1 51 0 2311 1
2 2145 566 2 150 0 1079 566 223 2 1066 0
0 2311 1 1 72 0 2311 1
1 2286 85 2 69 0 0 84 141 1 2286 1
0 2081 787 2 380 0 1450 787 312 0 631 0
0 2311 1 1 429 0 2311 1
0 2311 1 1 175 0 2311 1
0 2311 1 1 435 0 2311 1
0 2311 1 1 567 0 2311 1
0 2311 1 1 54 0 2311 1
1 2063 847 2 287 0 2015 847 257 1 48 0
0 2311 1 1 227 0 2311 1
-1
32 41
0 2328 113 1 835 0 2328 113
2 2128 795 2 974 0 1647 795 735 2 481 0
0 2361 1 1 1186 0 2361 1
0 2361 1 1 1157 0 2361 1
1 2273 300 2 950 0 0 300 918 1 2273 0
1 2097 902 2 818 0 690 902 1099 1 1407 0
0 2137 767 2 693 0 326 766 1079 0 1811 1
1 2261 341 2 805 0 0 341 794 1 2261 0
0 2361 1 1 743 0 2361 1
0 2361 1 1 997 0 2361 1
2 2154 706 2 869 0 415 706 617 2 1739 0
0 2361 1 1 1169 0 2361 1
0 2361 1 1 1115 0 2361 1
0 2361 1 1 971 0 2361 1
0 2361 1 1 712 0 2361 1
2 2104 877 2 859 0 2069 877 808 2 35 0
0 2361 1 1 641 0 2361 1
1 2181 615 2 723 0 1559 615 930 1 622 0
1 2180 618 2 1109 0 2020 618 1054 1 160 0
1 2083 950 2 947 0 123 950 824 1 1960 0
2 2194 569 2 1021 0 1049 569 902 2 1145 0
0 2361 1 1 800 0 2361 1
0 2135 773 2 872 0 1409 773 671 0 726 0
0 2361 1 1 953 0 2361 1
0 2361 1 1 705 0 2361 1
1 2099 895 2 1179 0 1847 895 1120 1 252 0
0 2361 1 1 858 0 2361 1
0 2361 1 1 965 0 2361 1
0 2361 1 1 707 0 2361 1
0 2361 1 1 1012 0 2361 1
1 2119 827 2 667 0 1308 827 1151 1 811 0
1 2112 851 2 1113 0 387 850 964 1 1725 1
1 2203 540 2 901 0 838 540 845 1 1365 0
0 2361 1 1 701 0 2361 1
0 2171 650 2 769 0 471 650 713 0 1700 0
0 2149 725 2 637 0 1049 725 1107 0 1100 0
0 2361 1 1 878 0 2361 1
0 2361 1 1 756 0 2361 1
0 2361 1 1 938 0 2361 1
0 2361 1 1 1161 0 2361 1
0 2361 1 1 1059 0 2361 1
-1
33 40
1 3038 0 1 299 1 3038 0
1 2758 958 2 420 0 324 958 39 1 2434 0
0 2786 863 2 483 0 2072 863 410 0 714 0
0 2858 617 2 518 0 783 617 252 0 2075 0
0 2864 597 2 300 0 1035 597 493 0 1829 0
0 2764 939 2 543 0 2326 938 581 0 438 1
0 2787 860 2 336 0 2076 860 504 0 711 0
1 2868 582 2 476 0 2366 582 206 1 502 0
1 3038 0 1 425 1 3038 0
1 3038 0 1 528 1 3038 0
1 2756 965 2 81 0 535 965 219 1 2221 0
0 2794 836 2 178 0 1905 836 502 0 889 0
1 3038 0 1 369 1 3038 0
1 2859 613 2 111 0 2638 612 309 1 221 1
0 2881 539 2 301 0 2841 538 432 0 40 1
2 2862 601 2 341 0 707 601 73 2 2155 0
1 3038 0 1 289 1 3038 0
1 3038 0 1 105 1 3038 0
1 2845 660 2 208 0 566 660 398 1 2279 0
1 3038 0 1 381 1 3038 0
1 3038 0 1 193 1 3038 0
1 3038 0 1 428 1 3038 0
2 2777 892 2 361 0 2605 892 173 2 172 0
1 2764 937 2 295 0 2147 937 418 1 617 0
1 3038 0 1 267 1 3038 0
1 3038 0 1 594 1 3038 0
1 3038 0 1 282 1 3038 0
0 2910 439 1 283 0 2910 439
1 3038 0 1 23 1 3038 0
1 2748 992 2 480 0 2719 992 392 1 29 0
1 3038 0 1 346 1 3038 0
1 3038 0 1 529 1 3038 0
1 3038 0 1 444 1 3038 0
2 2819 748 2 7 0 118 748 542 2 2701 0
1 2782 876 2 569 0 2741 876 517 1 41 0
2 2838 683 2 149 0 1230 683 566 2 1608 0
0 2793 840 2 370 0 0 840 350 0 2793 0
1 3038 0 1 1 1 3038 0
1 3038 0 1 352 1 3038 0
0 2943 327 1 486 0 2943 327
-1
34 42
1 3500 876 2 1087 0 844 875 1064 1 2656 1
1 3756 0 1 764 1 3756 0
1 3522 800 2 959 0 2324 800 781 1 1198 0
1 3572 629 2 1164 0 1332 629 969 1 2240 0
1 3756 0 1 881 1 3756 0
1 3756 0 1 837 1 3756 0
1 3756 0 1 885 1 3756 0
1 3756 0 1 620 1 3756 0
0 3593 559 1 1142 0 3593 559
1 3756 0 1 709 1 3756 0
1 3564 657 2 891 0 1967 656 806 1 1597 1
2 3481 939 2 1093 0 2967 939 786 2 514 0
0 3650 364 1 1067 0 3650 364
1 3756 0 1 856 1 3756 0
1 3756 0 1 686 1 3756 0
1 3756 0 1 737 1 3756 0
1 3756 0 1 670 1 3756 0
1 3476 958 2 930 0 775 957 1191 1 2701 1
1 3756 0 1 1049 1 3756 0
0 3677 272 2 824 0 0 271 1091 0 3677 1
0 3480 945 2 902 0 143 945 832 0 3337 0
0 3584 590 2 780 0 300 590 755 0 3284 0
1 3756 0 1 1146 1 3756 0
0 3518 815 2 949 0 2376 815 795 0 1142 0
1 3547 715 2 663 0 878 714 1036 1 2669 1
1 3756 0 1 1121 1 3756 0
0 3510 843 2 746 0 1075 843 984 0 2435 0
2 3503 864 2 935 0 2508 864 633 2 995 0
0 3485 928 2 920 0 2011 928 914 0 1474 0
1 3561 667 2 761 0 1844 667 942 1 1717 0
1 3467 988 2 1151 0 865 988 955 1 2602 0
1 3756 0 1 792 1 3756 0
1 3756 0 1 646 1 3756 0
1 3756 0 1 1069 1 3756 0
1 3756 0 1 661 1 3756 0
1 3756 0 1 615 1 3756 0
1 3756 0 1 804 1 3756 0
1 3756 0 1 682 1 3756 0
0 3576 617 2 850 0 2997 617 854 0 579 0
0 3572 631 2 867 0 177 630 774 0 3395 1
2 3704 177 2 771 0 0 177 991 2 3704 0
1 3574 623 2 748 0 1318 622 718 1 2256 1
-1
35 44
0 1999 0 1 359 0 1999 0
0 1776 762 2 39 0 1540 762 557 0 236 0
0 1999 0 1 410 0 1999 0
0 1999 0 1 252 0 1999 0
0 1999 0 1 493 0 1999 0
0 1999 0 1 581 0 1999 0
0 1999 0 1 504 0 1999 0
0 1999 0 1 206 0 1999 0
0 1999 0 1 48 0 1999 0
0 1999 0 1 197 0 1999 0
2 1821 606 2 219 0 349 606 345 2 1472 0
0 1999 0 1 502 0 1999 0
0 1999 0 1 256 0 1999 0
0 1999 0 1 309 0 1999 0
0 1999 0 1 432 0 1999 0
0 1783 738 2 73 0 1602 738 280 0 181 0
1 1750 850 2 289 0 987 849 138 1 763 1
0 1999 0 1 8 0 1999 0
0 1791 711 2 398 0 1236 711 46 0 555 0
0 1982 58 1 381 0 1982 58
0 1999 0 1 353 0 1999 0
0 1999 0 1 428 0 1999 0
0 1999 0 1 173 0 1999 0
0 1999 0 1 418 0 1999 0
0 1999 0 1 116 0 1999 0
0 1999 0 1 290 0 1999 0
0 1726 933 2 282 0 1142 933 137 0 584 0
0 1999 0 1 130 0 1999 0
0 1999 0 1 521 0 1999 0
0 1999 0 1 392 0 1999 0
0 1999 0 1 164 0 1999 0
1 1730 918 2 529 0 969 918 577 1 761 0
0 1808 653 2 444 0 0 652 187 0 1808 1
0 1999 0 1 509 0 1999 0
0 1999 0 1 517 0 1999 0
0 1999 0 1 566 0 1999 0
1 1792 706 2 350 0 678 706 492 1 1114 0
0 1999 0 1 463 0 1999 0
0 1999 0 1 330 0 1999 0
0 1999 0 1 212 0 1999 0
0 1999 0 1 329 0 1999 0
0 1999 0 1 257 0 1999 0
0 1999 0 1 227 0 1999 0
0 1999 0 1 490 0 1999 0
-1
36 44
2 1913 598 2 1178 0 235 598 810 2 1678 0
2 1933 529 2 791 0 530 529 722 2 1403 0
1 2088 0 1 1118 1 2088 0
1 2088 0 1 817 1 2088 0
1 2088 0 1 934 1 2088 0
1 2088 0 1 1098 1 2088 0
1 2088 0 1 1057 1 2088 0
0 1897 655 1 877 0 1897 655
2 1824 902 2 898 0 644 902 888 2 1180 0
1 2088 0 1 1196 1 2088 0
1 2088 0 1 1028 1 2088 0
1 2088 0 1 703 1 2088 0
1 2088 0 1 855 1 2088 0
1 2088 0 1 861 1 2088 0
1 2088 0 1 994 1 2088 0
1 2088 0 1 884 1 2088 0
2 1807 960 2 922 0 1131 960 1126 2 676 0
1 1813 941 2 839 0 891 940 782 1 922 1
1 2088 0 1 1130 1 2088 0
1 2088 0 1 762 1 2088 0
0 1850 816 2 1062 0 1713 816 674 0 137 0
1 2088 0 1 742 1 2088 0
1 2088 0 1 889 1 2088 0
1 2088 0 1 1102 1 2088 0
0 1848 822 2 760 0 1225 822 738 0 623 0
1 2088 0 1 679 1 2088 0
1 2088 0 1 943 1 2088 0
1 2088 0 1 1013 1 2088 0
1 1844 835 2 929 0 1479 835 779 1 365 0
1 2088 0 1 981 1 2088 0
1 2088 0 1 685 1 2088 0
1 2088 0 1 830 1 2088 0
1 2088 0 1 908 1 2088 0
1 2088 0 1 961 1 2088 0
1 2088 0 1 827 1 2088 0
0 1884 699 2 1044 0 84 699 697 0 1800 0
1 2088 0 1 1127 1 2088 0
1 1801 982 2 998 0 540 982 784 1 1261 0
1 2088 0 1 985 1 2088 0
1 2088 0 1 890 1 2088 0
1 2088 0 1 1116 1 2088 0
0 1813 942 2 814 0 1441 942 768 0 372 0
1 2088 0 1 919 1 2088 0
0 1933 532 2 944 0 54 531 747 0 1879 1
-1
37 39
2 3261 508 2 56 0 0 508 67 2 3261 0
1 3259 516 2 298 0 3074 516 2 1 185 0
1 3134 943 2 555 0 2952 943 58 1 182 0
1 3202 711 2 469 0 1639 711 451 1 1563 0
1 3216 663 2 561 0 2049 663 52 1 1167 0
2 3145 904 2 491 0 2385 904 351 2 760 0
0 3128 965 2 378 0 1406 965 430 0 1722 0
2 3165 836 2 383 0 2923 836 559 2 242 0
0 3177 797 1 102 0 3177 797
0 3410 1 1 409 0 3410 1
1 3255 529 2 129 0 745 529 62 1 2510 0
0 3410 1 1 523 0 3410 1
0 3410 1 1 264 0 3410 1
1 3158 861 2 452 0 327 861 107 1 2831 0
2 3222 641 2 17 0 878 641 497 2 2344 0
1 3167 830 2 226 0 556 830 507 1 2611 0
2 3239 583 2 572 0 174 583 108 2 3065 0
0 3410 1 1 539 0 3410 1
0 3410 1 1 449 0 3410 1
0 3257 524 2 545 0 1371 524 253 0 1886 0
0 3410 1 1 18 0 3410 1
0 3142 917 2 573 0 132 917 276 0 3010 0
1 3190 752 2 124 0 2218 752 457 1 972 0
0 3410 1 1 526 0 3410 1
0 3238 589 2 599 0 1900 589 260 0 1338 0
0 3410 1 1 519 0 3410 1
0 3410 1 1 440 0 3410 1
0 3410 1 1 241 0 3410 1
0 3410 1 1 571 0 3410 1
0 3410 1 1 4 0 3410 1
0 3410 1 1 489 0 3410 1
0 3410 1 1 30 0 3410 1
0 3154 876 2 10 0 124 876 160 0 3030 0
0 3136 938 2 234 0 852 937 55 0 2284 1
1 3146 902 2 360 0 1832 902 592 1 1314 0
0 3410 1 1 314 0 3410 1
0 3410 1 1 394 0 3410 1
0 3410 1 1 59 0 3410 1
0 3260 514 2 488 0 2429 513 567 0 831 1
-1
38 43
1 1890 739 2 838 0 1352 738 1178 1 538 1
1 2106 0 1 989 1 2106 0
0 1934 590 2 966 0 381 590 1118 0 1553 0
1 2106 0 1 903 1 2106 0
1 1881 770 2 1010 0 1023 770 934 1 858 0
1 2106 0 1 831 1 2106 0
1 2106 0 1 610 1 2106 0
0 1941 566 2 1094 0 1615 565 877 0 326 1
1 2106 0 1 898 1 2106 0
1 2106 0 1 734 1 2106 0
1 2106 0 1 759 1 2106 0
1 1815 995 2 1000 0 352 995 821 1 1463 0
1 2106 0 1 1131 1 2106 0
1 2106 0 1 724 1 2106 0
1 2106 0 1 1174 1 2106 0
1 2106 0 1 883 1 2106 0
1 2106 0 1 922 1 2106 0
1 2106 0 1 839 1 2106 0
1 2106 0 1 725 1 2106 0
1 2106 0 1 623 1 2106 0
2 1846 888 2 645 0 834 888 1062 2 1012 0
0 1851 873 2 741 0 1243 873 742 0 608 0
1 2106 0 1 870 1 2106 0
1 1881 770 2 1176 0 505 769 1160 1 1376 1
1 1823 968 2 843 0 268 968 760 1 1555 0
1 2106 0 1 796 1 2106 0
1 2106 0 1 1011 1 2106 0
1 2106 0 1 1194 1 2106 0
1 1956 513 2 1070 0 538 513 929 1 1418 0
1 2106 0 1 640 1 2106 0
0 1951 532 2 731 0 92 531 714 0 1859 1
1 2106 0 1 1133 1 2106 0
1 2106 0 1 1060 1 2106 0
0 1842 904 2 1037 0 492 904 1193 0 1350 0
1 2106 0 1 968 1 2106 0
2 1862 833 2 1141 0 274 833 1044 2 1588 0
1 1830 944 2 789 0 877 944 1127 1 953 0
1 2106 0 1 998 1 2106 0
1 2106 0 1 1033 1 2106 0
1 2106 0 1 704 1 2106 0
1 2106 0 1 765 1 2106 0
1 2106 0 1 814 1 2106 0
1 2106 0 1 1135 1 2106 0
-1
39 40
2 3127 556 2 67 0 1741 556 593 2 1386 0
1 3290 0 1 2 1 3290 0
1 3290 0 1 58 1 3290 0
1 3290 0 1 451 1 3290 0
1 3290 0 1 52 1 3290 0
1 3290 0 1 351 1 3290 0
1 3290 0 1 430 1 3290 0
1 3290 0 1 559 1 3290 0
1 3271 65 2 102 0 0 65 199 1 3271 0
0 3126 562 2 409 0 306 562 403 0 2820 0
1 3290 0 1 62 1 3290 0
1 3096 663 2 523 0 563 663 317 1 2533 0
0 3144 501 2 264 0 373 501 123 0 2771 0
1 3290 0 1 107 1 3290 0
1 3290 0 1 497 1 3290 0
1 3290 0 1 507 1 3290 0
1 3290 0 1 108 1 3290 0
2 3113 604 2 539 0 476 604 532 2 2637 0
1 3071 749 2 449 0 1422 749 390 1 1649 0
1 3290 0 1 253 1 3290 0
1 3015 940 2 18 0 2046 940 544 1 969 0
1 3113 605 2 276 0 2435 605 458 1 678 0
1 3290 0 1 457 1 3290 0
0 3015 942 2 526 0 204 941 487 0 2811 1
1 3290 0 1 260 1 3290 0
0 3136 528 2 519 0 1168 528 505 0 1968 0
1 3290 0 1 440 1 3290 0
0 3062 781 2 241 0 2160 781 399 0 902 0
2 3013 946 2 571 0 127 946 65 2 2886 0
1 3010 957 2 4 0 667 957 153 1 2343 0
1 3290 0 1 489 1 3290 0
0 3098 658 2 30 0 1931 658 229 0 1167 0
1 3290 0 1 160 1 3290 0
0 3137 525 2 55 0 2441 524 364 0 696 1
1 3290 0 1 592 1 3290 0
0 3075 737 2 314 0 2916 737 77 0 159 0
1 3290 0 1 394 1 3290 0
2 3010 956 2 59 0 1366 956 20 2 1644 0
1 3290 0 1 213 1 3290 0
0 3261 101 2 520 0 0 100 205 0 3261 1
-1
40 44
0 2361 955 2 904 0 2004 955 838 0 357 0
2 2440 683 2 807 0 1244 683 989 2 1196 0
0 2467 593 1 1074 0 2467 593
0 2392 849 2 1047 0 1882 849 1072 0 510 0
0 2381 887 2 1055 0 1407 887 1010 0 974 0
1 2640 0 1 982 1 2640 0
1 2640 0 1 666 1 2640 0
1 2640 0 1 1089 1 2640 0
1 2640 0 1 1014 1 2640 0
1 2640 0 1 798 1 2640 0
1 2640 0 1 857 1 2640 0
1 2640 0 1 1000 1 2640 0
0 2363 949 2 690 0 298 948 609 0 2065 1
1 2640 0 1 736 1 2640 0
1 2640 0 1 662 1 2640 0
0 2624 56 1 801 0 2624 56
2 2382 881 2 1112 0 1625 881 962 2 757 0
1 2640 0 1 948 1 2640 0
1 2640 0 1 841 1 2640 0
1 2640 0 1 613 1 2640 0
0 2471 579 2 751 0 246 579 645 0 2225 0
1 2415 769 2 745 0 735 769 741 1 1680 0
1 2640 0 1 864 1 2640 0
0 2355 976 2 665 0 872 976 1176 0 1483 0
1 2640 0 1 843 1 2640 0
1 2493 503 2 983 0 1470 502 796 1 1023 1
1 2640 0 1 1081 1 2640 0
0 2465 600 2 1063 0 265 599 852 0 2200 1
1 2640 0 1 1122 1 2640 0
1 2640 0 1 710 1 2640 0
1 2640 0 1 829 1 2640 0
1 2640 0 1 649 1 2640 0
1 2640 0 1 958 1 2640 0
1 2640 0 1 1037 1 2640 0
2 2427 727 2 632 0 226 727 619 2 2201 0
0 2445 668 2 1190 0 155 668 1141 0 2290 0
1 2640 0 1 789 1 2640 0
1 2640 0 1 1039 1 2640 0
0 2451 648 2 618 0 1997 647 1189 0 454 1
1 2640 0 1 973 1 2640 0
1 2640 0 1 871 1 2640 0
1 2640 0 1 979 1 2640 0
1 2395 838 2 1182 0 1505 837 1135 1 890 1
0 2456 631 2 1040 0 2187 630 1018 0 269 1
-1
