1 46
2 2018 0 1 81 2 2018 0
1 1858 932 2 58 0 1415 930 23 1 443 2
2 2018 0 1 45 2 2018 0
2 2018 0 1 82 2 2018 0
2 2018 0 1 19 2 2018 0
1 1894 723 2 49 0 1679 721 18 1 215 2
2 2018 0 1 95 2 2018 0
2 2018 0 1 55 2 2018 0
2 2018 0 1 42 2 2018 0
2 2018 0 1 36 2 2018 0
2 2018 0 1 77 2 2018 0
1 1888 757 2 31 0 1496 756 11 1 392 1
2 2018 0 1 47 2 2018 0
2 2018 0 1 57 2 2018 0
2 2018 0 1 97 2 2018 0
2 2018 0 1 7 2 2018 0
2 2018 0 1 53 2 2018 0
2 2018 0 1 22 2 2018 0
0 1852 969 2 72 0 1737 967 87 0 115 2
2 2018 0 1 21 2 2018 0
2 2018 0 1 80 2 2018 0
2 2018 0 1 64 2 2018 0
2 2018 0 1 67 2 2018 0
2 2018 0 1 51 2 2018 0
2 2018 0 1 83 2 2018 0
2 2018 0 1 98 2 2018 0
2 2018 0 1 3 2 2018 0
1 1861 914 2 35 0 416 913 63 1 1445 1
0 1904 667 2 60 0 764 665 34 0 1140 2
2 2018 0 1 48 2 2018 0
1 1908 641 2 16 0 1896 641 10 1 12 0
2 2018 0 1 40 2 2018 0
0 1854 957 2 43 0 15 956 4 0 1839 1
2 2018 0 1 94 2 2018 0
2 2018 0 1 24 2 2018 0
2 2018 0 1 50 2 2018 0
2 2018 0 1 59 2 2018 0
2 2018 0 1 66 2 2018 0
2 2018 0 1 29 2 2018 0
2 2018 0 1 73 2 2018 0
2 2018 0 1 20 2 2018 0
2 2018 0 1 15 2 2018 0
2 2018 0 1 89 2 2018 0
2 2018 0 1 2 2 2018 0
2 2018 0 1 54 2 2018 0
2 2018 0 1 99 2 2018 0
-1
2 44
0 1281 0 1 199 0 1281 0
0 1281 0 1 198 0 1281 0
1 1139 823 2 112 0 72 821 162 1 1067 2
0 1178 598 2 148 0 192 598 186 0 986 0
0 1281 0 1 196 0 1281 0
0 1281 0 1 166 0 1281 0
0 1281 0 1 159 0 1281 0
0 1281 0 1 197 0 1281 0
0 1281 0 1 110 0 1281 0
0 1281 0 1 169 0 1281 0
0 1281 0 1 105 0 1281 0
0 1281 0 1 133 0 1281 0
0 1281 0 1 188 0 1281 0
0 1281 0 1 132 0 1281 0
0 1281 0 1 167 0 1281 0
0 1281 0 1 149 0 1281 0
0 1281 0 1 121 0 1281 0
0 1281 0 1 117 0 1281 0
0 1281 0 1 115 0 1281 0
0 1281 0 1 200 0 1281 0
0 1281 0 1 108 0 1281 0
0 1281 0 1 165 0 1281 0
0 1281 0 1 103 0 1281 0
0 1281 0 1 127 0 1281 0
0 1281 0 1 178 0 1281 0
0 1281 0 1 176 0 1281 0
0 1281 0 1 193 0 1281 0
0 1129 883 2 160 0 901 883 171 0 228 0
0 1281 0 1 134 0 1281 0
0 1281 0 1 124 0 1281 0
0 1281 0 1 194 0 1281 0
0 1281 0 1 163 0 1281 0
0 1160 703 2 153 0 0 702 170 0 1160 1
2 1166 664 2 191 0 695 663 138 2 471 1
0 1281 0 1 161 0 1281 0
0 1281 0 1 173 0 1281 0
1 1166 666 2 111 0 0 666 143 1 1166 0
0 1281 0 1 113 0 1281 0
0 1281 0 1 183 0 1281 0
0 1281 0 1 177 0 1281 0
0 1281 0 1 172 0 1281 0
2 1191 518 2 150 0 0 518 174 2 1191 0
1 1182 573 2 157 0 787 573 116 1 395 0
0 1281 0 1 125 0 1281 0
-1
3 43
1 1341 1 1 81 1 1341 1
1 1341 1 1 23 1 1341 1
1 1341 1 1 88 1 1341 1
1 1341 1 1 82 1 1341 1
1 1341 1 1 19 1 1341 1
1 1341 1 1 18 1 1341 1
1 1237 605 2 95 0 0 604 8 1 1237 1
0 1228 659 1 55 0 1228 659
0 1235 619 2 42 0 222 619 9 0 1013 0
1 1341 1 1 36 1 1341 1
1 1341 1 1 77 1 1341 1
1 1341 1 1 11 1 1341 1
0 1273 398 1 47 0 1273 398
1 1341 1 1 27 1 1341 1
2 1241 580 2 97 0 667 580 70 2 574 0
0 1211 758 2 7 0 272 758 13 0 939 0
2 1195 847 2 53 0 1160 847 79 2 35 0
1 1341 1 1 22 1 1341 1
1 1341 1 1 87 1 1341 1
0 1292 288 2 21 0 0 288 78 0 1292 0
1 1204 797 2 80 0 118 797 12 1 1086 0
1 1341 1 1 91 1 1341 1
1 1341 1 1 30 1 1341 1
1 1171 988 2 51 0 498 987 25 1 673 1
1 1341 1 1 83 1 1341 1
1 1341 1 1 76 1 1341 1
1 1341 1 1 3 1 1341 1
1 1341 1 1 63 1 1341 1
1 1341 1 1 34 1 1341 1
1 1203 803 2 48 0 6 803 65 1 1197 0
1 1341 1 1 10 1 1341 1
0 1189 886 2 40 0 743 886 43 0 446 0
1 1341 1 1 4 1 1341 1
1 1341 1 1 94 1 1341 1
1 1177 953 2 24 0 686 953 68 1 491 0
1 1341 1 1 50 1 1341 1
0 1253 514 2 59 0 640 513 92 0 613 1
1 1341 1 1 66 1 1341 1
1 1341 1 1 29 1 1341 1
0 1252 520 2 73 0 978 519 96 0 274 1
1 1341 1 1 32 1 1341 1
0 1182 927 2 15 0 108 925 46 0 1074 2
0 1220 706 2 89 0 104 705 99 0 1116 1
-1
4 43
0 1957 1 1 195 0 1957 1
0 1957 1 1 114 0 1957 1
0 1849 628 1 198 0 1849 628
0 1957 1 1 162 0 1957 1
0 1957 1 1 186 0 1957 1
0 1794 947 2 196 0 1552 946 179 0 242 1
0 1957 1 1 180 0 1957 1
0 1957 1 1 122 0 1957 1
0 1847 640 2 197 0 117 640 107 0 1730 0
0 1957 1 1 142 0 1957 1
0 1957 1 1 104 0 1957 1
1 1862 550 2 105 0 194 549 189 1 1668 1
0 1853 605 2 133 0 952 604 192 0 901 1
0 1957 1 1 188 0 1957 1
0 1957 1 1 120 0 1957 1
0 1826 761 2 167 0 1085 760 155 0 741 1
0 1957 1 1 149 0 1957 1
2 1860 560 2 121 0 1290 559 151 2 570 1
0 1957 1 1 117 0 1957 1
0 1957 1 1 123 0 1957 1
0 1850 622 2 200 0 1170 621 156 0 680 1
0 1953 24 1 108 0 1953 24
0 1925 187 1 165 0 1925 187
0 1957 1 1 141 0 1957 1
1 1846 643 2 127 0 82 642 181 1 1764 1
0 1957 1 1 152 0 1957 1
0 1846 645 2 176 0 438 644 118 0 1408 1
0 1957 1 1 193 0 1957 1
0 1957 1 1 171 0 1957 1
2 1809 856 2 134 0 1095 856 119 2 714 0
1 1836 701 2 124 0 1257 701 190 1 579 0
0 1957 1 1 194 0 1957 1
1 1789 974 2 163 0 127 974 153 1 1662 0
0 1957 1 1 170 0 1957 1
0 1957 1 1 138 0 1957 1
0 1957 1 1 102 0 1957 1
2 1870 502 2 173 0 533 502 111 2 1337 0
0 1957 1 1 143 0 1957 1
0 1957 1 1 135 0 1957 1
2 1804 885 2 183 0 1260 884 131 2 544 1
0 1957 1 1 177 0 1957 1
0 1800 912 2 172 0 408 912 150 0 1392 0
0 1957 1 1 174 0 1957 1
-1
5 44
0 2020 803 2 81 0 1059 803 58 0 961 0
0 2158 1 1 23 0 2158 1
0 2158 1 1 88 0 2158 1
0 2039 692 1 82 0 2039 692
0 2158 1 1 19 0 2158 1
0 2158 1 1 18 0 2158 1
0 2158 1 1 8 0 2158 1
0 2147 65 2 55 0 0 65 44 0 2147 0
0 2158 1 1 9 0 2158 1
1 2012 847 2 36 0 1963 847 26 1 49 0
0 2158 1 1 77 0 2158 1
1 2071 504 2 11 0 1238 504 61 1 833 0
1 2106 301 2 47 0 0 301 93 1 2106 0
0 2158 1 1 27 0 2158 1
0 2158 1 1 70 0 2158 1
0 2158 1 1 13 0 2158 1
0 2158 1 1 79 0 2158 1
1 1988 986 2 22 0 1017 986 72 1 971 0
0 2158 1 1 87 0 2158 1
0 2158 1 1 78 0 2158 1
0 2158 1 1 12 0 2158 1
0 2158 1 1 91 0 2158 1
0 2158 1 1 30 0 2158 1
0 2158 1 1 25 0 2158 1
0 2043 669 2 83 0 388 669 74 0 1655 0
0 2158 1 1 76 0 2158 1
0 1992 965 2 3 0 176 964 35 0 1816 1
0 2158 1 1 63 0 2158 1
0 2158 1 1 34 0 2158 1
0 2158 1 1 65 0 2158 1
0 2158 1 1 10 0 2158 1
0 2158 1 1 43 0 2158 1
0 2058 582 2 4 0 485 581 52 0 1573 1
0 2158 1 1 94 0 2158 1
0 2158 1 1 68 0 2158 1
0 2158 1 1 50 0 2158 1
0 2158 1 1 92 0 2158 1
1 2030 743 2 66 0 1573 742 41 1 457 1
1 2027 760 2 29 0 811 760 62 1 1216 0
0 2158 1 1 96 0 2158 1
0 2158 1 1 32 0 2158 1
0 2158 1 1 46 0 2158 1
0 2158 1 1 75 0 2158 1
1 2060 568 2 2 0 905 567 54 1 1155 1
-1
6 43
0 1573 1 1 199 0 1573 1
1 1420 888 2 114 0 122 887 198 1 1298 1
0 1573 1 1 112 0 1573 1
0 1573 1 1 148 0 1573 1
0 1573 1 1 196 0 1573 1
0 1573 1 1 166 0 1573 1
0 1573 1 1 159 0 1573 1
0 1573 1 1 197 0 1573 1
0 1573 1 1 110 0 1573 1
0 1573 1 1 169 0 1573 1
0 1424 867 2 104 0 27 867 105 0 1397 0
2 1425 857 2 189 0 293 857 133 2 1132 0
1 1425 859 2 192 0 1070 858 188 1 355 1
0 1573 1 1 132 0 1573 1
0 1573 1 1 167 0 1573 1
2 1427 845 2 155 0 1113 845 149 2 314 0
1 1446 737 2 140 0 1047 736 121 1 399 1
2 1432 816 2 151 0 1012 815 117 2 420 1
0 1573 1 1 115 0 1573 1
2 1405 973 2 123 0 329 972 200 2 1076 1
0 1573 1 1 108 0 1573 1
2 1545 160 2 101 0 0 159 165 2 1545 1
0 1573 1 1 103 0 1573 1
0 1573 1 1 127 0 1573 1
0 1573 1 1 178 0 1573 1
0 1573 1 1 176 0 1573 1
0 1573 1 1 193 0 1573 1
0 1573 1 1 160 0 1573 1
0 1573 1 1 134 0 1573 1
0 1573 1 1 124 0 1573 1
0 1446 739 2 190 0 302 738 194 0 1144 1
0 1573 1 1 163 0 1573 1
0 1523 292 1 153 0 1523 292
0 1573 1 1 191 0 1573 1
0 1573 1 1 161 0 1573 1
1 1402 992 2 102 0 759 991 173 1 643 1
0 1523 292 1 111 0 1523 292
0 1573 1 1 113 0 1573 1
0 1573 1 1 183 0 1573 1
0 1429 838 2 131 0 1236 837 177 0 193 1
0 1573 1 1 172 0 1573 1
0 1497 443 1 150 0 1497 443
0 1573 1 1 157 0 1573 1
-1
7 42
2 1417 0 1 58 2 1417 0
1 1255 943 2 23 0 1063 943 45 1 192 0
2 1417 0 1 39 2 1417 0
2 1417 0 1 37 2 1417 0
2 1417 0 1 49 2 1417 0
2 1417 0 1 95 2 1417 0
2 1417 0 1 8 2 1417 0
2 1417 0 1 44 2 1417 0
2 1417 0 1 9 2 1417 0
2 1417 0 1 26 2 1417 0
2 1417 0 1 31 2 1417 0
2 1417 0 1 61 2 1417 0
2 1417 0 1 93 2 1417 0
2 1417 0 1 27 2 1417 0
1 1309 629 2 70 0 1001 629 7 1 308 0
0 1301 678 2 13 0 1061 676 53 0 240 2
0 1319 573 2 79 0 1036 573 22 0 283 0
2 1417 0 1 72 2 1417 0
1 1276 821 2 87 0 276 819 21 1 1000 2
1 1305 652 2 78 0 492 652 80 1 813 0
0 1305 654 2 12 0 706 653 64 0 599 1
0 1302 672 2 91 0 0 671 67 0 1302 1
2 1417 0 1 51 2 1417 0
2 1417 0 1 25 2 1417 0
2 1417 0 1 74 2 1417 0
2 1293 720 2 76 0 369 720 3 2 924 0
2 1417 0 1 35 2 1417 0
2 1417 0 1 60 2 1417 0
0 1257 933 2 34 0 277 933 48 0 980 0
0 1315 596 2 65 0 73 595 16 0 1242 1
0 1278 811 2 10 0 288 811 40 0 990 0
2 1417 0 1 43 2 1417 0
2 1417 0 1 52 2 1417 0
2 1417 0 1 24 2 1417 0
2 1417 0 1 68 2 1417 0
2 1417 0 1 100 2 1417 0
2 1417 0 1 92 2 1417 0
2 1417 0 1 41 2 1417 0
2 1417 0 1 62 2 1417 0
0 1323 550 2 96 0 592 549 20 0 731 1
2 1417 0 1 15 2 1417 0
2 1305 650 2 46 0 710 650 2 2 595 0
-1
8 45
0 2078 1 1 195 0 2078 1
1 1959 690 2 199 0 1798 689 114 1 161 1
0 2078 1 1 198 0 2078 1
0 2078 1 1 162 0 2078 1
0 2078 1 1 186 0 2078 1
0 2078 1 1 196 0 2078 1
1 1987 528 2 166 0 831 528 180 1 1156 0
0 1941 797 2 159 0 242 796 122 0 1699 1
0 2078 1 1 197 0 2078 1
1 1982 557 2 110 0 266 556 142 1 1716 1
2 1946 764 2 169 0 1871 763 104 2 75 1
0 2078 1 1 105 0 2078 1
0 2078 1 1 133 0 2078 1
0 2078 1 1 188 0 2078 1
2 1906 996 2 132 0 969 995 120 2 937 1
0 2078 1 1 167 0 2078 1
0 2078 1 1 149 0 2078 1
0 2078 1 1 121 0 2078 1
0 2078 1 1 117 0 2078 1
1 1906 998 2 115 0 1196 998 123 1 710 0
0 2078 1 1 200 0 2078 1
0 2078 1 1 108 0 2078 1
0 2078 1 1 165 0 2078 1
0 1910 977 2 103 0 268 976 141 0 1642 1
0 2078 1 1 127 0 2078 1
2 1944 775 2 178 0 1926 775 152 2 18 0
0 2078 1 1 176 0 2078 1
0 2078 1 1 193 0 2078 1
0 2078 1 1 171 0 2078 1
0 2078 1 1 134 0 2078 1
0 2078 1 1 124 0 2078 1
0 2078 1 1 194 0 2078 1
0 2078 1 1 163 0 2078 1
0 2078 1 1 170 0 2078 1
0 2078 1 1 138 0 2078 1
1 1937 818 2 161 0 1477 817 102 1 460 1
0 2078 1 1 173 0 2078 1
0 2078 1 1 143 0 2078 1
1 1961 679 2 113 0 1256 678 135 1 705 1
0 2078 1 1 183 0 2078 1
0 2078 1 1 177 0 2078 1
0 2078 1 1 172 0 2078 1
0 2078 1 1 174 0 2078 1
0 2078 1 1 116 0 2078 1
0 1982 559 2 125 0 1817 558 106 0 165 1
-1
9 46
0 1581 0 1 81 0 1581 0
0 1581 0 1 23 0 1581 0
1 1485 555 2 45 0 142 555 88 1 1343 0
0 1581 0 1 82 0 1581 0
0 1581 0 1 19 0 1581 0
0 1581 0 1 18 0 1581 0
0 1534 273 1 95 0 1534 273
0 1581 0 1 55 0 1581 0
0 1581 0 1 42 0 1581 0
0 1581 0 1 36 0 1581 0
0 1581 0 1 77 0 1581 0
0 1581 0 1 11 0 1581 0
0 1581 0 1 47 0 1581 0
0 1493 511 2 57 0 1458 511 27 0 35 0
0 1581 0 1 97 0 1581 0
0 1581 0 1 7 0 1581 0
0 1581 0 1 53 0 1581 0
0 1581 0 1 22 0 1581 0
0 1581 0 1 87 0 1581 0
0 1494 505 1 21 0 1494 505
0 1581 0 1 80 0 1581 0
1 1474 619 2 64 0 321 619 91 1 1153 0
1 1447 776 2 67 0 1031 776 30 1 416 0
0 1581 0 1 51 0 1581 0
0 1581 0 1 83 0 1581 0
1 1483 567 2 98 0 781 566 76 1 702 1
0 1581 0 1 3 0 1581 0
0 1581 0 1 63 0 1581 0
0 1581 0 1 34 0 1581 0
0 1581 0 1 48 0 1581 0
0 1581 0 1 10 0 1581 0
0 1581 0 1 40 0 1581 0
0 1581 0 1 4 0 1581 0
0 1581 0 1 94 0 1581 0
0 1581 0 1 24 0 1581 0
0 1581 0 1 50 0 1581 0
0 1581 0 1 59 0 1581 0
0 1581 0 1 66 0 1581 0
0 1581 0 1 29 0 1581 0
0 1581 0 1 73 0 1581 0
0 1472 633 2 20 0 315 633 32 0 1157 0
0 1581 0 1 15 0 1581 0
0 1581 0 1 89 0 1581 0
0 1581 0 1 2 0 1581 0
0 1452 749 2 54 0 233 749 99 0 1219 0
0 1581 0 1 99 0 1581 0
-1
10 46
1 2020 1 1 195 1 2020 1
1 2020 1 1 114 1 2020 1
1 2004 93 2 198 0 0 93 112 1 2004 0
0 1998 130 1 162 0 1998 130
1 2020 1 1 186 1 2020 1
1 2020 1 1 179 1 2020 1
1 1930 523 2 180 0 1602 523 159 1 328 0
1 2020 1 1 122 1 2020 1
1 2020 1 1 107 1 2020 1
1 2020 1 1 142 1 2020 1
1 2020 1 1 104 1 2020 1
1 2020 1 1 189 1 2020 1
1 2020 1 1 192 1 2020 1
2 1902 684 2 188 0 511 684 132 2 1391 0
1 2020 1 1 120 1 2020 1
1 2020 1 1 155 1 2020 1
1 1911 633 2 149 0 83 633 140 1 1828 0
1 2020 1 1 151 1 2020 1
2 1897 713 2 117 0 706 713 115 2 1191 0
1 2020 1 1 123 1 2020 1
1 2020 1 1 156 1 2020 1
2 1874 846 2 108 0 0 846 101 2 1874 0
1 1922 570 2 165 0 0 570 103 1 1922 0
1 2020 1 1 141 1 2020 1
1 2020 1 1 181 1 2020 1
1 2020 1 1 152 1 2020 1
1 2020 1 1 118 1 2020 1
2 1862 916 2 193 0 121 915 160 2 1741 1
1 2020 1 1 171 1 2020 1
1 2020 1 1 119 1 2020 1
1 2020 1 1 190 1 2020 1
0 1874 850 1 194 0 1874 850
1 2020 1 1 153 1 2020 1
0 1924 560 1 170 0 1924 560
1 2020 1 1 138 1 2020 1
1 2020 1 1 102 1 2020 1
1 2020 1 1 111 1 2020 1
1 2020 1 1 143 1 2020 1
1 2020 1 1 135 1 2020 1
1 2020 1 1 131 1 2020 1
1 2020 1 1 177 1 2020 1
1 2020 1 1 150 1 2020 1
1 2020 1 1 174 1 2020 1
1 2020 1 1 116 1 2020 1
1 2020 1 1 106 1 2020 1
1 2020 1 1 106 1 2020 1
-1
11 46
0 1406 0 1 58 0 1406 0
0 1406 0 1 45 0 1406 0
0 1406 0 1 39 0 1406 0
0 1406 0 1 37 0 1406 0
0 1406 0 1 49 0 1406 0
0 1406 0 1 95 0 1406 0
2 1261 838 2 8 0 801 837 55 2 460 1
0 1286 697 2 44 0 763 696 42 0 523 1
0 1406 0 1 9 0 1406 0
0 1406 0 1 26 0 1406 0
0 1406 0 1 31 0 1406 0
1 1304 590 2 61 0 1113 589 47 1 191 1
0 1379 157 1 93 0 1379 157
0 1406 0 1 27 0 1406 0
0 1406 0 1 7 0 1406 0
0 1406 0 1 53 0 1406 0
0 1406 0 1 22 0 1406 0
0 1406 0 1 72 0 1406 0
0 1406 0 1 21 0 1406 0
0 1406 0 1 80 0 1406 0
0 1406 0 1 64 0 1406 0
0 1406 0 1 67 0 1406 0
0 1406 0 1 51 0 1406 0
0 1406 0 1 25 0 1406 0
1 1305 584 2 74 0 238 583 98 1 1067 1
0 1406 0 1 3 0 1406 0
0 1406 0 1 35 0 1406 0
0 1406 0 1 60 0 1406 0
0 1406 0 1 48 0 1406 0
0 1406 0 1 16 0 1406 0
0 1406 0 1 40 0 1406 0
0 1406 0 1 43 0 1406 0
0 1406 0 1 52 0 1406 0
0 1406 0 1 24 0 1406 0
0 1406 0 1 68 0 1406 0
0 1406 0 1 100 0 1406 0
0 1406 0 1 92 0 1406 0
0 1406 0 1 41 0 1406 0
0 1406 0 1 62 0 1406 0
0 1406 0 1 20 0 1406 0
0 1406 0 1 15 0 1406 0
0 1406 0 1 89 0 1406 0
0 1406 0 1 75 0 1406 0
0 1406 0 1 54 0 1406 0
0 1406 0 1 99 0 1406 0
0 1254 883 2 99 0 164 882 90 0 1090 1
-1
12 44
1 1768 896 2 195 0 202 895 199 1 1566 1
2 1922 0 1 114 2 1922 0
2 1922 0 1 112 2 1922 0
2 1922 0 1 148 2 1922 0
2 1922 0 1 196 2 1922 0
1 1830 536 2 179 0 746 535 166 1 1084 1
2 1922 0 1 159 2 1922 0
0 1760 945 2 122 0 1031 945 197 0 729 0
1 1892 176 2 107 0 0 176 110 1 1892 0
2 1922 0 1 169 2 1922 0
2 1922 0 1 104 2 1922 0
2 1922 0 1 189 2 1922 0
2 1922 0 1 192 2 1922 0
2 1922 0 1 132 2 1922 0
1 1776 850 2 120 0 918 848 167 1 858 2
2 1922 0 1 155 2 1922 0
2 1922 0 1 140 2 1922 0
2 1922 0 1 151 2 1922 0
2 1922 0 1 115 2 1922 0
2 1922 0 1 123 2 1922 0
0 1820 596 2 156 0 848 595 108 0 972 1
0 1844 457 1 101 0 1844 457
2 1922 0 1 103 2 1922 0
0 1762 933 2 141 0 971 932 127 0 791 1
2 1922 0 1 178 2 1922 0
0 1786 794 2 152 0 1342 794 176 0 444 0
2 1811 644 2 118 0 561 644 193 2 1250 0
2 1922 0 1 160 2 1922 0
2 1766 906 2 171 0 64 905 134 2 1702 1
2 1803 691 2 119 0 1667 691 124 2 136 0
2 1922 0 1 190 2 1922 0
2 1922 0 1 163 2 1922 0
2 1922 0 1 153 2 1922 0
2 1922 0 1 191 2 1922 0
2 1922 0 1 161 2 1922 0
2 1922 0 1 102 2 1922 0
2 1922 0 1 111 2 1922 0
2 1922 0 1 113 2 1922 0
1 1798 722 2 135 0 8 721 183 1 1790 1
2 1922 0 1 131 2 1922 0
2 1922 0 1 172 2 1922 0
2 1922 0 1 150 2 1922 0
2 1922 0 1 157 2 1922 0
2 1922 0 1 125 2 1922 0
-1
13 44
0 1935 0 1 58 0 1935 0
0 1935 0 1 23 0 1935 0
2 1828 617 2 88 0 718 616 39 2 1110 1
2 1916 106 2 82 0 0 106 37 2 1916 0
2 1778 907 2 19 0 1029 907 49 2 749 0
0 1805 754 2 18 0 1525 754 95 0 280 0
0 1935 0 1 8 0 1935 0
0 1935 0 1 44 0 1935 0
0 1935 0 1 9 0 1935 0
0 1935 0 1 26 0 1935 0
2 1786 860 2 77 0 539 860 31 2 1247 0
0 1935 0 1 61 0 1935 0
0 1935 0 1 93 0 1935 0
0 1935 0 1 27 0 1935 0
0 1935 0 1 70 0 1935 0
0 1935 0 1 13 0 1935 0
0 1935 0 1 79 0 1935 0
0 1935 0 1 72 0 1935 0
0 1935 0 1 87 0 1935 0
0 1935 0 1 78 0 1935 0
0 1935 0 1 12 0 1935 0
0 1925 58 1 91 0 1925 58
0 1839 557 2 30 0 1114 557 51 0 725 0
0 1935 0 1 25 0 1935 0
0 1935 0 1 74 0 1935 0
0 1935 0 1 76 0 1935 0
0 1935 0 1 35 0 1935 0
1 1798 793 2 63 0 628 792 60 1 1170 1
0 1935 0 1 34 0 1935 0
0 1935 0 1 65 0 1935 0
0 1935 0 1 10 0 1935 0
0 1935 0 1 43 0 1935 0
0 1935 0 1 52 0 1935 0
1 1769 961 2 94 0 1530 960 24 1 239 1
0 1935 0 1 68 0 1935 0
0 1782 888 2 50 0 172 888 100 0 1610 0
0 1935 0 1 92 0 1935 0
0 1935 0 1 41 0 1935 0
0 1935 0 1 62 0 1935 0
0 1935 0 1 96 0 1935 0
0 1822 656 2 32 0 1247 654 15 0 575 2
0 1935 0 1 46 0 1935 0
0 1935 0 1 75 0 1935 0
0 1935 0 1 54 0 1935 0
-1
14 44
2 1822 0 1 195 2 1822 0
2 1822 0 1 114 2 1822 0
2 1822 0 1 112 2 1822 0
2 1709 656 2 162 0 0 655 148 2 1709 1
0 1659 950 2 186 0 1526 949 196 0 133 1
2 1822 0 1 179 2 1822 0
2 1822 0 1 159 2 1822 0
2 1822 0 1 122 2 1822 0
0 1748 434 1 107 0 1748 434
1 1686 792 2 142 0 1442 790 169 1 244 2
2 1822 0 1 104 2 1822 0
2 1822 0 1 189 2 1822 0
2 1822 0 1 192 2 1822 0
2 1822 0 1 132 2 1822 0
2 1822 0 1 120 2 1822 0
2 1822 0 1 155 2 1822 0
2 1822 0 1 140 2 1822 0
2 1822 0 1 151 2 1822 0
2 1822 0 1 115 2 1822 0
2 1822 0 1 123 2 1822 0
2 1822 0 1 156 2 1822 0
2 1822 0 1 101 2 1822 0
2 1822 0 1 103 2 1822 0
2 1822 0 1 141 2 1822 0
0 1723 579 2 181 0 1434 578 178 0 289 1
2 1822 0 1 152 2 1822 0
2 1822 0 1 118 2 1822 0
2 1822 0 1 160 2 1822 0
2 1822 0 1 171 2 1822 0
2 1822 0 1 119 2 1822 0
2 1822 0 1 190 2 1822 0
0 1810 74 2 194 0 0 73 163 0 1810 1
2 1822 0 1 153 2 1822 0
1 1783 228 2 170 0 0 228 191 1 1783 0
1 1687 786 2 138 0 572 785 161 1 1115 1
2 1822 0 1 102 2 1822 0
2 1822 0 1 111 2 1822 0
2 1654 975 2 143 0 1579 975 113 2 75 0
2 1822 0 1 135 2 1822 0
2 1822 0 1 131 2 1822 0
2 1665 911 2 177 0 705 911 172 2 960 0
2 1822 0 1 150 2 1822 0
1 1669 890 2 174 0 779 889 157 1 890 1
2 1728 546 2 116 0 437 546 154 2 1291 0
-1
15 44
2 1232 0 1 81 2 1232 0
2 1232 0 1 58 2 1232 0
2 1232 0 1 45 2 1232 0
2 1139 540 2 39 0 923 539 82 2 216 1
1 1121 646 2 37 0 1071 646 19 1 50 0
2 1232 0 1 49 2 1232 0
2 1232 0 1 95 2 1232 0
2 1232 0 1 55 2 1232 0
2 1232 0 1 42 2 1232 0
1 1074 919 2 9 0 349 919 36 1 725 0
1 1121 646 2 26 0 995 645 77 1 126 1
2 1232 0 1 31 2 1232 0
2 1232 0 1 47 2 1232 0
2 1128 604 2 93 0 0 603 57 2 1128 1
0 1072 933 2 27 0 120 933 97 0 952 0
2 1232 0 1 7 2 1232 0
2 1232 0 1 53 2 1232 0
2 1232 0 1 22 2 1232 0
2 1232 0 1 72 2 1232 0
2 1232 0 1 21 2 1232 0
2 1232 0 1 80 2 1232 0
2 1232 0 1 64 2 1232 0
2 1232 0 1 67 2 1232 0
2 1232 0 1 51 2 1232 0
1 1080 884 2 25 0 373 883 83 1 707 1
2 1232 0 1 98 2 1232 0
2 1232 0 1 3 2 1232 0
2 1232 0 1 35 2 1232 0
2 1232 0 1 60 2 1232 0
2 1232 0 1 48 2 1232 0
2 1232 0 1 16 2 1232 0
2 1232 0 1 40 2 1232 0
2 1232 0 1 43 2 1232 0
1 1091 821 2 52 0 1056 820 94 1 35 1
2 1232 0 1 24 2 1232 0
1 1084 861 2 68 0 339 860 50 1 745 1
1 1133 577 2 100 0 749 576 59 1 384 1
2 1071 935 2 92 0 902 935 66 2 169 0
1 1132 583 2 41 0 38 583 29 1 1094 0
0 1099 776 2 62 0 998 775 73 0 101 1
2 1232 0 1 20 2 1232 0
2 1232 0 1 15 2 1232 0
2 1232 0 1 89 2 1232 0
2 1114 685 2 75 0 675 685 99 2 439 0
-1
