1 6
0 1995 1 1 5 0 1995 1
0 1995 1 1 1 0 1995 1
0 1995 1 1 3 0 1995 1
0 1995 1 1 2 0 1995 1
0 1790 929 2 2 0 1155 928 4 0 635 1
0 1995 1 1 4 0 1995 1
-1
2 9
1 1542 0 1 10 1 1542 0
1 1542 0 1 8 1 1542 0
1 1542 0 1 8 1 1542 0
1 1542 0 1 7 1 1542 0
0 1505 169 1 7 0 1505 169
1 1542 0 1 6 1 1542 0
1 1542 0 1 6 1 1542 0
1 1542 0 1 9 1 1542 0
1 1542 0 1 9 1 1542 0
-1
3 6
2 985 757 2 4 0 479 757 1 2 506 0
2 1384 674 2 1 0 1375 674 3 2 9 0
1 1533 1 1 3 1 1533 1
1 1533 1 1 2 1 1533 1
1 1533 1 1 4 1 1533 1
0 902 565 1 5 0 902 565
-1
4 10
1 2086 1 1 10 1 2086 1
2 1952 605 2 10 0 1824 605 8 2 128 0
1 1979 0 1 6 1 1979 0
0 1928 718 2 8 0 1159 717 7 0 769 1
1 2086 1 1 7 1 2086 1
0 1580 1427 2 9 0 1580 942 7 0 0 485
1 2086 1 1 8 1 2086 1
0 1907 813 2 6 0 164 812 9 0 1743 1
1 2086 1 1 9 1 2086 1
1 2086 1 1 6 1 2086 1
-1
5 6
0 2206 1 1 5 0 2206 1
0 2206 1 1 1 0 2206 1
0 2206 1 1 3 0 2206 1
0 2052 698 2 3 0 554 697 2 0 1498 1
0 2206 1 1 2 0 2206 1
0 2206 1 1 4 0 2206 1
-1
