1 8
0 750 0 1 1 0 750 0
0 750 0 1 1 0 750 0
0 750 0 1 1 0 750 0
0 750 0 1 1 0 750 0
0 750 0 1 1 0 750 0
0 750 0 1 1 0 750 0
0 750 0 1 1 0 750 0
0 750 0 1 1 0 750 0
-1
2 14
0 600 0 1 2 0 600 0
0 600 0 1 2 0 600 0
0 600 0 1 2 0 600 0
0 600 0 1 2 0 600 0
0 600 0 1 2 0 600 0
0 600 0 1 2 0 600 0
0 600 0 1 2 0 600 0
0 600 0 1 2 0 600 0
0 600 0 1 2 0 600 0
0 600 0 1 2 0 600 0
0 600 0 1 2 0 600 0
0 600 0 1 2 0 600 0
0 600 0 1 2 0 600 0
0 600 0 1 2 0 600 0
-1
3 3
0 500 0 1 2 0 500 0
0 500 0 1 2 0 500 0
0 500 0 1 2 0 500 0
-1
