1 11
2 30716 3122 3 550 0 11070 1230 1042 0 17019 1891 198 2 2627 1
0 30621 4001 4 579 0 5046 1541 945 0 17091 1899 51 0 5031 559 564 0 3453 2
1 30624 3971 4 453 0 26 1800 431 0 14382 1598 245 0 5157 573 1110 1 11059 0
0 30785 2492 5 524 0 0 44 232 0 4788 594 819 0 9234 1026 674 0 7452 828 686 0 9311 0
2 30610 4097 4 886 0 2167 1715 418 0 10458 1162 682 0 10971 1219 249 2 7014 1
3 30785 2484 4 1144 0 6998 1020 1163 0 4716 524 270 0 8460 940 800 3 10611 0
0 30623 3982 5 567 0 2009 835 910 0 16452 1828 1103 0 2313 816 337 0 4527 503 440 0 5322 0
2 30639 3830 5 144 0 11419 1772 1043 0 5337 593 322 0 4833 537 400 0 8352 928 307 2 698 0
2 30795 2395 3 458 0 15993 1777 174 0 5544 616 1046 2 9258 2
2 30812 2239 3 1149 0 13745 1649 1091 0 5301 589 67 2 11766 1
0 30739 2915 3 301 0 8280 1627 715 0 11592 1288 1098 0 10867 0
-1
2 11
2 30676 3490 3 140 0 3973 1583 669 0 17154 1906 1054 2 9549 1
2 30652 3711 4 57 0 3550 1132 268 0 7320 951 849 0 14634 1626 428 2 5148 2
0 30604 4157 3 645 0 2308 1927 273 0 15597 1733 566 0 12699 497
2 30647 3757 5 821 0 8181 909 884 0 5346 594 439 0 8982 998 651 0 2890 1256 467 2 5248 0
0 30791 2437 3 92 0 7710 984 369 0 13059 1451 291 0 10022 2
1 30689 3373 5 1122 0 6021 669 495 0 7866 874 862 0 2592 554 436 0 11466 1274 413 1 2744 2
3 30682 3432 5 442 0 1596 649 50 0 6804 756 1118 0 8136 904 375 0 10098 1122 312 3 4048 1
3 30853 1859 3 441 0 9423 1047 621 0 7299 811 178 3 14131 1
3 30803 2319 3 279 0 12367 1640 225 0 6102 678 728 3 12334 1
2 30659 3646 5 333 0 238 1218 856 0 5391 599 161 0 10917 1213 803 0 5544 616 200 2 8569 0
2 30694 3324 4 203 0 811 1303 534 0 13581 1509 512 0 4608 512 221 2 11694 0
-1
3 11
0 30616 4047 4 1054 0 4696 1582 79 0 9999 1111 150 0 12168 1352 635 0 3753 2
3 30683 3423 3 428 0 8800 1548 130 0 16866 1874 858 3 5017 1
1 30754 2775 3 630 0 17640 1960 482 0 7317 813 1074 1 5797 2
3 30628 3929 4 467 0 12336 1954 826 0 4914 546 348 0 12861 1429 1177 3 517 0
2 30420 5845 5 999 0 1862 1713 291 0 985 1221 876 0 11034 1226 743 0 15147 1683 777 2 1392 2
1 30787 2471 3 413 0 10215 1438 233 0 9297 1033 56 1 11275 0
3 30667 3570 4 1084 0 13527 1503 448 0 12888 1432 312 0 1664 634 241 3 2588 1
3 30594 4242 4 178 0 3407 1948 665 0 10629 1181 545 0 7440 1113 107 3 9118 0
2 30786 2478 3 460 0 14022 1558 1115 0 8280 920 328 2 8484 0
1 30617 4035 5 200 0 2157 1192 949 0 14229 1581 793 0 6777 753 97 0 4572 508 516 1 2882 1
2 30607 4125 4 221 0 1210 1434 1079 0 14625 1625 407 0 9585 1065 344 2 5187 1
-1
4 11
1 30685 3409 5 614 0 4644 516 635 0 4581 924 797 0 8046 894 1012 0 9666 1074 617 1 3748 1
3 30773 2595 3 540 0 15317 1793 5 0 7218 802 1031 3 8238 0
1 30788 2462 3 731 0 14373 1597 644 0 7767 863 242 1 8648 2
3 30793 2411 3 1177 0 6050 730 952 0 15120 1680 1131 3 9623 1
1 30704 3235 4 19 0 5553 617 1071 0 17784 1976 266 0 5760 640 774 1 1607 2
1 30639 3833 5 1087 0 227 1047 513 0 5094 566 878 0 11943 1327 656 0 5180 893 766 1 8195 0
1 30638 3842 4 63 0 6588 732 633 0 12015 1335 241 0 11722 1774 386 1 313 1
0 30732 2979 4 172 0 9180 1020 119 0 7533 837 711 0 10089 1121 1034 0 3930 1
2 30776 2570 4 807 0 10155 1238 1080 0 5247 583 1024 0 6741 749 675 2 8633 0
0 30840 1986 2 137 0 17856 1984 457 0 12984 2
1 30690 3363 3 684 0 12906 1434 344 0 12181 1929 184 1 5603 0
-1
5 11
0 30737 2933 3 1148 0 17649 1961 852 0 8739 971 1027 0 4349 1
3 30652 3708 4 725 0 8793 977 858 0 4790 1089 469 0 14769 1641 528 3 2300 1
2 30536 4778 5 566 0 0 914 1074 0 9412 1688 998 0 10935 1215 53 0 8631 959 608 2 1558 2
1 30650 3731 4 125 0 14823 1647 1131 0 3658 1475 340 0 5472 608 29 1 6697 1
1 30784 2499 3 777 0 3970 594 659 0 17127 1903 828 1 9687 2
0 30636 3863 4 421 0 9018 1002 1082 0 12645 1405 56 0 1810 1454 429 0 7163 2
3 30749 2816 4 770 0 6777 753 897 0 9189 1021 619 0 9378 1042 895 3 5405 0
2 30537 4769 4 1034 0 12873 1866 107 0 1436 1173 213 0 15570 1730 378 2 658 0
2 30486 5238 5 728 0 4547 1875 328 0 2242 1192 55 0 9495 1055 956 0 10035 1115 1014 2 4167 1
3 30663 3607 4 516 0 2292 574 410 0 11790 1310 148 0 15507 1723 457 3 1074 0
1 30710 3179 4 1124 0 7704 856 184 0 6960 1396 1072 0 8334 926 730 1 7712 1
-1
6 11
2 30787 2469 3 1027 0 11545 1765 772 0 6318 702 1011 2 12924 2
2 30666 3582 5 528 0 2251 505 872 0 12078 1342 33 0 9081 1009 685 0 6534 726 1031 2 722 0
2 30704 3232 3 608 0 11814 1484 808 0 15732 1748 521 2 3158 0
0 30630 3918 5 263 0 7443 827 77 0 7002 778 29 0 9466 1795 888 0 4653 517 734 0 2066 1
1 30640 3823 4 828 0 5909 1731 639 0 8937 993 90 0 9891 1099 690 1 5903 0
2 30631 3904 4 429 0 541 854 823 0 9828 1092 618 0 17604 1956 10 2 2658 2
0 30697 3301 4 386 0 14689 1666 895 0 3124 948 893 0 6183 687 294 0 6701 0
2 30718 3103 4 657 0 5391 599 378 0 16143 1867 114 0 5733 637 775 2 3451 0
3 30676 3487 3 675 0 8735 1930 1014 0 9844 1556 588 3 12097 1
2 30526 4870 5 457 0 3174 1913 1127 0 8163 907 382 0 4671 519 825 0 13770 1530 479 2 748 1
0 30645 3780 5 730 0 567 919 346 0 10404 1156 890 0 9594 1066 359 0 5742 638 887 0 4338 1
-1
7 11
2 30635 3867 4 617 0 1921 629 1011 0 5029 1993 710 0 11187 1243 846 2 12498 2
3 30630 3911 4 1031 0 782 1083 1113 0 8487 943 920 0 16965 1885 206 3 4396 0
1 30686 3400 3 242 0 5706 1593 176 0 16254 1806 845 1 8726 1
1 30656 3676 5 157 0 9440 1152 239 0 5859 651 734 0 8689 1194 1086 0 6102 678 232 1 566 1
2 30689 3370 3 774 0 15456 1894 716 0 13284 1476 690 2 1949 0
2 30727 3021 3 766 0 6807 1667 597 0 12177 1353 10 2 11743 1
1 30779 2545 3 632 0 16443 1827 1193 0 6462 718 499 1 7874 0
0 30752 2795 3 1021 0 9540 1060 1146 0 15606 1734 714 0 5606 1
1 30613 4072 4 588 0 3479 1730 889 0 13149 1461 762 0 7911 879 962 1 6074 2
0 30705 3228 3 479 0 12219 1440 177 0 7380 820 1093 0 11106 968
0 30703 3246 4 887 0 5382 1079 643 0 10026 1114 21 0 9468 1052 132 0 5827 1
-1
8 11
1 30643 3796 4 365 0 7029 781 846 0 604 1454 1125 0 14040 1560 539 1 8970 1
3 30651 3717 4 964 0 5562 618 936 0 12807 1423 206 0 10685 1676 101 3 1597 0
2 30728 3011 3 521 0 12320 1720 208 0 11619 1291 154 2 6789 0
3 30721 3073 4 347 0 6255 695 329 0 9027 1003 816 0 12366 1374 269 3 3073 1
1 30634 3879 4 690 0 101 884 493 0 9522 1058 1195 0 17424 1936 289 1 3587 1
0 30611 4093 4 10 0 1723 1789 673 0 6633 737 525 0 14103 1567 689 0 8152 0
2 30683 3425 4 294 0 7744 1605 1001 0 4905 545 416 0 11466 1274 499 2 6568 1
0 30709 3191 5 775 0 1092 505 508 0 11907 1323 1138 0 6525 725 1035 0 5742 638 1173 0 5443 0
3 30739 2908 3 1067 0 17946 1994 69 0 8226 914 1197 3 4567 0
0 30815 2216 3 1093 0 0 266 1123 0 17550 1950 276 0 13265 0
2 30667 3573 4 132 0 1238 784 561 0 7416 824 327 0 17685 1965 859 2 4328 0
-1
9 11
2 30586 4318 4 539 0 7175 1793 28 0 16938 1882 71 0 5769 641 16 2 704 2
2 30790 2441 3 261 0 13887 1543 790 0 8073 897 579 2 8830 1
1 30774 2591 3 845 0 1740 1162 687 0 12861 1429 453 1 16173 0
0 30690 3366 3 868 0 4869 541 764 0 16173 1797 524 0 9648 1028
0 30662 3623 3 253 0 15804 1756 289 0 13224 1867 879 0 1634 0
1 30711 3170 3 1161 0 13257 1473 306 0 15264 1696 1144 1 2190 1
0 30751 2805 4 997 0 10512 1168 647 0 7344 816 118 0 7371 819 567 0 5524 2
2 30625 3959 5 894 0 11394 1266 763 0 4644 516 226 0 12987 1443 714 0 1000 733 144 2 600 1
1 30783 2508 3 565 0 9585 1065 115 0 12969 1441 610 1 8229 2
1 30605 4145 4 40 0 12888 1432 946 0 9081 1009 276 0 2062 1703 24 1 6574 1
0 30751 2805 3 859 0 9611 1549 869 0 11286 1254 874 0 9854 2
-1
10 11
2 30829 2082 3 554 0 11034 1226 427 0 7704 856 1184 2 12091 0
0 30681 3449 3 101 0 15878 1942 947 0 13554 1506 191 0 1249 1
0 30704 3237 4 154 0 3100 1099 612 0 6021 669 735 0 13221 1469 502 0 8362 0
1 30699 3281 3 269 0 10694 1529 93 0 15759 1751 755 1 4246 1
2 30843 1953 2 315 0 17577 1953 886 2 13266 0
3 30622 3984 4 689 0 9074 1914 326 0 6912 768 296 0 11718 1302 353 3 2918 0
0 30573 4442 5 499 0 1242 1742 435 0 7875 875 817 0 10926 1214 902 0 5490 610 1103 0 5040 1
1 30667 3575 4 1173 0 1469 768 159 0 8865 985 128 0 16398 1822 144 1 3935 0
2 30612 4079 6 1197 0 6365 1215 741 0 5067 563 962 0 2223 920 338 0 5247 583 113 0 7164 796 526 2 4546 2
0 30620 4010 4 688 0 10827 1203 409 0 10044 1116 24 0 8653 1691 1149 0 1096 0
3 30643 3791 4 874 0 7741 1953 814 0 6444 716 304 0 10089 1121 301 3 6369 1
-1
11 11
1 30763 2692 3 45 0 14292 1588 1000 0 9927 1103 140 1 6544 1
0 30602 4175 4 938 0 15525 1725 531 0 7632 848 112 0 6206 1602 268 0 1239 0
1 30779 2545 3 1032 0 10377 1153 236 0 5368 1392 645 1 15034 0
3 30742 2880 3 121 0 10703 1588 78 0 11619 1291 651 3 8420 1
1 30774 2591 3 13 0 8577 953 17 0 8643 1638 999 1 13554 0
2 30606 4134 6 220 0 7866 874 477 0 4545 505 1199 0 5625 625 103 0 5552 1616 510 0 4608 512 862 2 2410 2
2 30696 3306 3 981 0 15446 1796 641 0 13581 1509 241 2 1669 1
2 30536 4778 5 537 0 2072 859 171 0 8271 919 813 0 9756 1084 363 0 7862 1916 545 2 2575 0
3 30713 3147 4 310 0 12852 1428 1092 0 8451 939 769 0 7020 780 279 3 2390 0
2 30775 2579 3 542 0 5463 607 1061 0 17730 1970 333 2 7582 2
3 30678 3469 3 450 0 2737 1577 927 0 17019 1891 203 3 10922 1
-1
12 11
0 30655 3688 3 1184 0 4161 1806 1119 0 16920 1880 46 0 9574 2
3 30725 3037 4 191 0 12638 1542 881 0 7470 830 1030 0 5976 664 532 3 4641 1
1 30608 4118 4 985 0 8766 974 502 0 8378 1860 1126 0 11556 1284 162 1 1908 0
1 30697 3299 3 755 0 11089 1703 1135 0 14355 1595 12 1 5253 1
0 30799 2363 3 879 0 5521 795 4 0 14112 1568 73 0 11166 0
3 30762 2696 4 353 0 7555 1164 1058 0 5310 590 321 0 8469 941 1200 3 9428 1
2 30718 3103 5 582 0 5040 560 62 0 10557 1173 934 0 6534 726 699 0 5796 644 257 2 2791 0
2 30776 2570 4 320 0 6003 667 1050 0 10305 1145 371 0 6822 758 1157 2 7646 0
2 30784 2496 3 82 0 9126 1014 602 0 13338 1482 593 2 8320 0
0 30546 4691 5 434 0 11466 1274 67 0 6106 1985 1016 0 7659 851 1056 0 5229 581 362 0 86 0
1 30664 3603 5 1098 0 338 1245 194 0 6147 683 262 0 5103 567 570 0 9972 1108 1076 1 9104 0
-1
13 11
2 30780 2533 3 16 0 11102 1310 1062 0 11007 1223 198 2 8671 0
0 30759 2731 4 135 0 9864 1096 664 0 7830 870 564 0 3441 764 511 0 9624 1
2 30810 2257 3 70 0 5490 610 976 0 14805 1645 925 2 10515 2
1 30659 3649 3 686 0 8500 1979 287 0 15021 1669 822 1 7138 1
2 30700 3269 4 81 0 11655 1295 332 0 7191 799 750 0 10557 1173 1147 2 1297 2
3 30779 2540 3 217 0 10260 1140 126 0 12591 1399 1159 3 7928 1
2 30691 3352 4 792 0 10188 1132 1029 0 12312 1368 824 0 7650 850 601 2 541 2
0 30745 2860 3 307 0 8426 1014 974 0 16605 1845 1003 0 5714 1
2 30653 3701 4 610 0 6872 1676 589 0 10503 1167 963 0 7713 857 389 2 5565 1
2 30697 3297 4 1174 0 11340 1260 362 0 9013 1011 181 0 9234 1026 1070 2 1110 0
3 30614 4058 4 60 0 8487 943 932 0 10764 1196 1076 0 8157 1918 918 3 3206 1
-1
14 11
0 30552 4635 4 198 0 4943 1804 355 0 8424 936 580 0 17046 1894 724 0 139 1
1 30764 2683 3 323 0 9063 1007 75 0 15084 1676 377 1 6617 0
0 30515 4976 4 1110 0 3520 1620 925 0 5125 1736 187 0 14571 1619 1160 0 7299 1
2 30781 2524 3 1089 0 6975 775 201 0 15732 1748 1175 2 8074 1
0 30643 3798 4 249 0 7141 1572 153 0 10881 1209 1081 0 9153 1017 1147 0 3468 0
2 30480 5293 5 404 0 9522 1058 800 0 6243 1873 1159 0 5668 1510 782 0 7659 851 85 2 1388 1
0 30631 3909 4 440 0 114 604 2 0 15066 1674 349 0 14670 1630 622 0 781 1
3 30651 3717 5 866 0 9171 1019 839 0 9063 1007 1003 0 1252 773 309 0 8262 918 497 3 2903 0
2 30573 4437 5 1046 0 5014 1584 231 0 7407 823 526 0 7179 1301 389 0 1003 729 361 2 9970 0
0 30755 2768 3 1070 0 6277 821 591 0 17505 1945 1141 0 6973 2
1 30740 2903 3 918 0 5125 925 1039 0 17802 1978 357 1 7813 0
-1
15 11
3 30584 4334 4 46 0 3854 1490 1017 0 14031 1559 1150 0 11565 1285 729 3 1134 0
0 30590 4286 4 532 0 1647 698 511 0 7296 1879 638 0 15363 1707 1129 0 6284 2
0 30740 2906 3 94 0 9369 1041 1044 0 16767 1863 162 0 4604 2
2 30547 4677 5 12 0 695 660 822 0 1609 971 1022 0 12078 1342 907 0 15327 1703 1041 2 838 1
1 30645 3777 4 73 0 1191 1373 940 0 12996 1444 59 0 8631 959 1147 1 7827 1
3 30853 1859 2 671 0 16731 1859 905 3 14122 0
0 30753 2786 3 318 0 14085 1565 165 0 10989 1221 257 0 5679 0
1 30721 3078 3 818 0 16398 1822 1157 0 3647 1255 256 1 10676 1
2 30680 3453 4 593 0 1722 1116 330 0 5787 643 919 0 15228 1692 973 2 7943 2
2 30615 4051 4 1141 0 8948 1767 1060 0 9675 1075 275 0 10881 1209 1040 2 1111 0
3 30615 4049 5 25 0 6534 726 357 0 2266 1120 600 0 4941 549 277 0 14886 1654 1167 3 1988 0
-1
16 11
1 30750 2811 5 155 0 5031 559 724 0 5414 616 789 0 5040 560 317 0 9684 1076 727 1 5581 0
0 30616 4047 4 377 0 3759 1153 1129 0 7621 1543 123 0 12141 1349 759 0 7095 2
3 30623 3975 5 162 0 372 763 105 0 8208 912 507 0 15435 1715 265 0 5256 584 1160 3 1352 1
0 30772 2611 3 1041 0 13776 1623 681 0 8892 988 955 0 8104 0
1 30694 3327 4 842 0 9936 1104 916 0 8901 989 736 0 11097 1233 1147 1 760 1
3 30600 4187 4 1200 0 5968 1710 222 0 9072 1008 921 0 13221 1469 85 3 2339 0
0 30636 3863 4 257 0 3660 1348 900 0 15120 1680 65 0 7515 835 954 0 4341 0
3 30781 2521 3 1130 0 10197 1133 58 0 12483 1387 733 3 8101 1
2 30785 2487 3 896 0 8505 945 1158 0 13869 1541 411 2 8411 1
1 30838 2002 3 960 0 9108 1012 341 0 8901 989 1145 1 12829 1
1 30667 3575 4 1167 0 9646 1293 549 0 11475 1275 634 0 9054 1006 437 1 492 1
-1
17 11
3 30771 2613 3 727 0 8980 1618 230 0 8946 994 1065 3 12845 1
2 30677 3481 3 993 0 15804 1756 759 0 8430 1723 1186 2 6443 2
1 30585 4329 4 1160 0 8761 1933 834 0 5247 583 867 0 16308 1812 509 1 269 1
1 30672 3529 4 147 0 5598 622 1175 0 2454 1169 747 0 15642 1738 1112 1 6978 0
1 30547 4679 4 1147 0 4482 1978 1069 0 15453 1717 1179 0 8847 983 7 1 1765 1
0 30863 1774 2 163 0 15966 1774 906 0 14897 0
1 30792 2425 3 601 0 12507 1448 474 0 8793 977 622 1 9492 0
3 30820 2162 3 784 0 7974 886 497 0 8578 1276 637 3 14268 0
0 30667 3577 4 973 0 3539 1274 702 0 9225 1025 820 0 11493 1277 361 0 6410 1
0 30520 4930 4 1040 0 11730 1427 234 0 16704 1856 1145 0 2002 1647 611 0 84 0
3 30741 2889 3 437 0 16157 1849 1101 0 9351 1039 1134 3 5233 1
-1
18 11
0 30757 2749 3 1151 0 11484 1276 729 0 12111 1472 546 0 7162 1
1 30704 3235 4 989 0 5733 637 417 0 9432 1048 642 0 13950 1550 1182 1 1589 0
0 30791 2437 3 509 0 12114 1375 942 0 9558 1062 603 0 9119 0
1 30714 3143 4 739 0 10971 1219 853 0 11277 1253 134 0 6030 670 723 1 2436 1
1 30708 3198 5 444 0 5886 654 1156 0 4950 550 311 0 6381 709 183 0 11556 1284 1117 1 1935 1
1 30585 4329 4 905 0 3767 1988 264 0 14094 1566 1165 0 6975 775 85 1 5749 0
2 30753 2781 3 914 0 12366 1374 563 0 12663 1407 795 2 5724 0
1 30656 3676 4 972 0 12663 1407 256 0 1437 1345 733 0 221 924 189 1 16335 0
2 30711 3168 4 837 0 9711 1079 899 0 9045 1005 514 0 9738 1082 476 2 2217 2
1 30714 3143 3 611 0 14730 1646 397 0 13473 1497 861 1 2511 0
2 30810 2257 4 1134 0 929 684 794 0 7119 791 464 0 7038 782 331 2 15724 0
-1
19 11
0 30752 2795 3 196 0 7326 814 1002 0 17829 1981 546 0 5597 0
2 30756 2754 3 1166 0 13104 1456 1182 0 10083 1297 708 2 7569 1
1 30778 2554 3 38 0 13536 1504 182 0 9441 1049 302 1 7801 1
3 30703 3239 3 190 0 17082 1898 615 0 12069 1341 288 3 1552 0
2 30802 2331 3 1117 0 10637 1396 449 0 8397 933 745 2 11768 2
2 30620 4005 4 944 0 13104 1456 85 0 7843 1924 740 0 5616 624 313 2 4057 1
0 30727 3025 4 954 0 2769 790 795 0 4228 1106 1140 0 10161 1129 880 0 13569 0
2 30650 3729 3 189 0 116 1828 484 0 17091 1899 247 2 13443 2
0 30588 4304 3 476 0 13342 1727 237 0 9621 1069 411 0 7625 1508
0 30660 3642 5 861 0 5561 897 1154 0 5112 568 401 0 6399 711 1037 0 13194 1466 653 0 394 0
0 807 1837 1 331 0 807 1837
-1
20 10
0 30580 4378 4 1065 0 4720 1951 207 0 7677 853 613 0 14157 1573 648 0 4026 1
0 30700 3274 5 473 0 4842 538 851 0 6444 716 1049 0 13554 1506 746 0 4608 512 490 0 1252 2
0 30756 2759 3 557 0 10638 1182 164 0 14193 1577 992 0 5925 0
0 30586 4323 5 1112 0 788 863 955 0 4568 1408 228 0 7038 782 218 0 11421 1269 358 0 6771 1
1 30722 3069 3 1023 0 17019 1891 7 0 8845 1178 142 1 4858 0
1 30593 4256 4 1085 0 6282 698 1183 0 16866 1874 906 0 259 1684 574 1 7186 0
3 30577 4398 4 622 0 5836 1789 451 0 17658 1962 1094 0 5823 647 1099 3 1260 0
2 30536 4778 4 637 0 3342 1957 517 0 8883 987 1026 0 16506 1834 979 2 1805 0
0 30586 4323 5 361 0 799 1908 314 0 11763 1307 104 0 7497 833 411 0 0 273 628 0 10527 2
1 30849 1901 3 990 0 6822 758 168 0 10287 1143 898 1 13740 0
-1
21 11
1 30788 2462 4 305 0 8577 953 560 0 5913 657 248 0 7659 851 392 1 8639 1
1 30695 3317 3 676 0 14652 1628 767 0 13001 1688 986 1 3042 1
3 30733 2963 4 1078 0 11470 1353 558 0 4698 522 1068 0 9783 1087 1057 3 4782 1
3 30748 2825 3 1010 0 8083 1041 37 0 16056 1784 693 3 6609 0
2 30691 3352 4 660 0 11988 1332 186 0 9432 1048 592 0 8748 972 319 2 523 0
1 30584 4339 5 691 0 7056 784 388 0 1443 1548 1051 0 12474 1386 433 0 5589 621 913 1 4022 0
3 30782 2512 4 193 0 8847 983 316 0 9216 1024 650 0 4536 504 709 3 8183 1
0 30585 4332 5 393 0 13626 1514 102 0 8658 962 1191 0 991 1355 966 0 4509 501 620 0 2801 0
0 30791 2437 3 1190 0 3329 896 124 0 13860 1540 461 0 13602 1
0 30697 3301 4 535 0 12825 1425 959 0 8487 943 573 0 8397 933 801 0 988 0
2 30525 4879 5 625 0 1788 693 48 0 11007 1223 836 0 12087 1343 892 0 1366 1619 652 2 4277 1
-1
22 11
2 30710 3177 3 706 0 5199 1488 1025 0 15201 1689 924 2 10310 0
2 30561 4548 5 214 0 5319 1493 285 0 8280 920 809 0 4662 518 648 0 10536 1617 672 2 1764 0
1 30521 4918 5 873 0 1240 895 462 0 8388 932 708 0 5317 1431 757 0 14931 1659 1006 1 645 1
1 30683 3428 3 631 0 6328 1555 420 0 16857 1873 515 1 7498 0
0 30540 4746 4 76 0 10828 1969 358 0 2571 1037 211 0 15642 1738 679 0 1499 2
1 30648 3750 3 568 0 9908 1939 405 0 16281 1809 223 1 4459 2
0 30709 3191 3 313 0 5754 1853 930 0 12033 1337 250 0 12922 1
2 30668 3563 5 1099 0 1404 920 626 0 5346 594 678 0 7731 859 1171 0 10701 1189 286 2 5486 1
0 30782 2519 3 1168 0 3070 1354 485 0 10476 1164 855 0 17236 1
2 30546 4686 5 805 0 5383 1996 290 0 6453 717 459 0 8208 912 199 0 9549 1061 197 2 953 0
3 30855 1841 3 653 0 4055 625 607 0 10944 1216 503 3 15856 0
-1
23 11
3 30839 1988 2 491 0 17883 1987 1075 3 12956 1
3 30774 2586 3 672 0 12049 1535 1172 0 9450 1050 587 3 9275 1
3 30717 3110 4 394 0 9225 1025 345 0 10404 1156 583 0 8352 928 909 3 2736 1
2 30615 4051 4 396 0 17829 1981 6 0 9396 1044 515 0 1735 1026 753 2 1655 0
1 30764 2683 3 215 0 11565 1285 827 0 12573 1397 606 1 6626 1
2 30713 3149 5 398 0 5499 611 1013 0 5121 569 857 0 13086 1454 975 0 4635 515 877 2 2372 0
2 30699 3278 3 553 0 15723 1747 496 0 13779 1531 713 2 1197 0
3 30687 3386 3 1055 0 17352 1928 229 0 13122 1458 74 3 213 0
1 30707 3207 3 20 0 15723 1747 14 0 13131 1459 98 1 1853 1
1 30861 1790 2 356 0 16101 1789 240 1 14760 1
1 30775 2581 3 943 0 10494 1166 284 0 12726 1414 133 1 7555 1
-1
24 11
3 30458 5493 4 1075 0 3187 1793 937 0 17136 1904 924 0 5843 1795 152 3 4292 1
1 30744 2867 3 587 0 7660 1881 1048 0 8865 985 654 1 14219 1
1 30776 2572 3 1006 0 11270 1323 811 0 11232 1248 569 1 8274 1
3 30869 1712 2 87 0 15408 1712 64 3 15461 0
3 30727 3018 4 679 0 5026 723 891 0 15966 1774 432 0 4680 520 260 3 5055 1
1 30874 1671 2 506 0 15039 1671 773 1 15835 0
2 30638 3839 4 250 0 2945 1762 574 0 1813 1000 742 0 9684 1076 1155 2 16196 1
3 30626 3947 4 286 0 11819 1922 295 0 10944 1216 1178 0 7281 809 883 3 582 0
3 30606 4131 4 364 0 11079 1231 855 0 494 1969 865 0 8379 931 149 3 10654 0
0 30727 3025 3 197 0 9215 1130 692 0 17055 1895 43 0 4457 0
1 30450 5571 5 503 0 980 1871 547 0 7956 884 133 0 2020 1063 931 0 15777 1753 1097 1 3717 0
-1
25 11
1 30854 1855 3 483 0 7938 882 445 0 8739 971 325 1 14177 2
1 30755 2765 3 204 0 13230 1470 712 0 11655 1295 498 1 5870 0
1 30758 2738 3 1186 0 9413 1760 395 0 8784 976 131 1 12561 2
1 30692 3345 4 662 0 5139 571 753 0 13454 1679 272 0 9846 1094 1090 1 2253 1
1 30686 3400 3 141 0 14895 1655 488 0 15705 1745 260 1 86 0
1 30790 2443 3 223 0 4990 1048 908 0 12555 1395 720 1 13245 0
3 30876 1647 2 578 0 14814 1646 518 3 16062 1
3 30762 2696 4 11 0 5463 607 95 0 9405 1045 926 0 9387 1043 74 3 6507 1
3 30712 3156 5 68 0 5076 564 979 0 5069 764 697 0 5202 578 1133 0 11241 1249 1132 3 4124 1
3 30559 4564 4 240 0 611 1707 151 0 17343 1927 951 0 8361 929 1120 3 4244 1
3 30798 2365 3 655 0 12150 1350 577 0 9126 1014 1097 3 9522 1
-1
26 11
0 30533 4810 4 325 0 1401 1729 152 0 9493 1531 629 0 13941 1549 122 0 5698 1
2 30456 5514 4 654 0 1278 1721 498 0 11346 1913 831 0 16920 1880 1109 2 912 0
0 30729 3007 3 505 0 9783 1087 912 0 17280 1920 569 0 3666 0
0 30595 4240 4 848 0 8838 982 64 0 1150 1846 271 0 12690 1410 556 0 7917 2
0 30688 3384 3 260 0 9849 1665 438 0 15471 1719 696 0 5368 0
2 30574 4428 4 293 0 9621 1069 773 0 1210 1894 376 0 13176 1464 1198 2 6567 1
2 30522 4907 5 605 0 12447 1383 646 0 5391 599 854 0 9891 1099 518 0 360 1824 713 2 2433 2
2 30825 2119 3 586 0 5373 597 758 0 13698 1522 883 2 11754 0
1 30605 4145 5 149 0 134 1199 292 0 13725 1525 500 0 7425 825 98 0 3510 595 649 1 5811 1
2 30843 1953 2 1063 0 17577 1953 244 2 13266 0
1 30661 3630 4 1097 0 608 1538 342 0 10422 1158 922 0 8406 934 738 1 11225 0
-1
27 11
2 30630 3913 4 122 0 9494 1687 623 0 6336 704 3 0 13680 1520 216 2 1120 2
3 30795 2392 3 471 0 13608 1512 109 0 7920 880 796 3 9267 0
0 30544 4709 5 131 0 3368 1768 847 0 5859 651 1066 0 6138 682 1053 0 14472 1608 1078 0 707 0
0 30662 3623 4 1189 0 8298 922 1181 0 10197 1133 556 0 6204 1567 744 0 5963 1
3 30720 3083 3 1187 0 16056 1784 205 0 11691 1299 695 3 2973 0
3 30604 4150 4 1198 0 6031 1399 489 0 6867 763 720 0 4646 1988 953 3 13060 0
3 30694 3322 4 463 0 17757 1973 1142 0 5832 648 726 0 6300 700 192 3 805 1
1 30808 2278 3 748 0 15831 1759 454 0 4662 518 175 1 10315 1
0 30690 3366 3 1162 0 12492 1388 572 0 17793 1977 1190 0 405 1
0 30513 4994 4 244 0 637 1545 1120 0 8866 1456 522 0 17928 1992 160 0 3082 1
1 30674 3511 4 738 0 204 1270 188 0 8460 940 336 0 11709 1301 366 1 10301 0
-1
28 11
1 30749 2821 4 1009 0 5013 557 737 0 8055 895 475 0 12303 1367 36 1 5378 2
1 30719 3097 3 1109 0 16690 1956 227 0 10251 1139 32 1 3778 2
2 30607 4125 4 569 0 2819 1639 129 0 11340 1260 1064 0 11016 1224 961 2 5432 2
0 30707 3209 4 840 0 9450 1050 61 0 13653 1517 210 0 5778 642 832 0 1826 0
0 30605 4148 4 696 0 2669 893 695 0 10578 1506 22 0 15723 1747 806 0 1635 2
0 30795 2400 3 841 0 13563 1507 721 0 8019 891 8 0 9213 2
2 30576 4410 4 1155 0 551 1860 713 0 9803 1491 529 0 9522 1058 882 2 10700 1
0 30572 4451 4 883 0 5200 1949 544 0 17163 1907 978 0 5355 595 983 0 2854 0
2 30620 4005 4 649 0 10883 1854 850 0 11097 1233 1059 0 8262 918 283 2 378 0
2 30598 4207 4 160 0 12767 1760 43 0 790 583 238 0 16776 1864 1102 2 265 0
3 30727 3018 3 787 0 13770 1530 166 0 13392 1488 366 3 3565 0
-1
29 11
3 30635 3864 5 36 0 3459 980 339 0 10728 1192 552 0 7947 883 127 0 7281 809 216 3 1220 0
2 30666 3582 3 32 0 11449 1690 173 0 17028 1892 767 2 2189 0
0 30689 3375 3 961 0 10622 1782 941 0 14328 1592 1057 0 5739 1
3 30678 3469 5 832 0 4537 707 1096 0 4635 515 383 0 14598 1622 598 0 5616 624 1010 3 1292 1
2 30785 2487 3 806 0 8679 1144 661 0 12087 1343 749 2 10019 0
2 30724 3048 4 8 0 1290 1165 96 0 8208 912 863 0 8730 970 388 2 12496 1
0 30651 3725 4 882 0 5174 1763 1105 0 6777 753 31 0 10872 1208 1164 0 7828 1
2 30763 2689 3 983 0 6164 1002 585 0 15174 1686 562 2 9425 1
2 30732 2975 4 283 0 6415 755 980 0 5121 569 219 0 14850 1650 1190 2 4346 1
2 30696 3306 3 1102 0 11766 1337 212 0 17721 1969 801 2 1209 0
3 30572 4444 4 366 0 1898 1752 1196 0 8136 904 760 0 16092 1788 625 3 4446 0
-1
30 11
3 30704 3230 4 1188 0 11376 1264 216 0 5134 829 527 0 10233 1137 666 3 3961 0
0 30609 4111 4 796 0 4590 1540 1107 0 17037 1893 299 0 6102 678 35 0 2880 0
2 30813 2229 4 667 0 4689 521 701 0 9252 1028 783 0 6120 680 167 2 10752 0
0 30625 3964 4 915 0 12069 1341 939 0 6912 768 744 0 10723 1853 195 0 921 2
1 30699 3281 3 627 0 12375 1375 658 0 17136 1904 833 1 1188 2
2 30582 4355 4 146 0 10539 1171 683 0 12447 1383 953 0 3128 1799 779 2 4468 2
3 30683 3423 5 192 0 3827 514 1136 0 7506 834 1180 0 7497 833 732 0 11169 1241 668 3 684 1
0 30696 3311 4 408 0 9846 1094 175 0 3562 1541 1028 0 6084 676 1191 0 11204 0
2 30775 2579 4 1132 0 2281 711 259 0 5616 624 971 0 11187 1243 274 2 11691 1
3 30704 3230 4 424 0 10350 1150 670 0 5517 613 138 0 13203 1467 933 3 1634 0
3 30842 1960 2 761 0 17640 1960 892 3 13202 0
-1
31 11
0 30783 2510 4 765 0 5463 607 571 0 7308 812 452 0 9819 1091 706 0 8193 0
0 30630 3918 4 546 0 678 1492 430 0 6660 740 754 0 15156 1684 214 0 8136 2
3 30751 2797 3 490 0 14804 1782 501 0 9126 1014 873 3 6821 1
1 30504 5075 6 992 0 888 757 302 0 1477 1030 958 0 4851 539 603 0 3625 1416 1038 0 11997 1333 631 1 7666 0
0 30720 3090 3 288 0 15599 1906 723 0 8210 1182 76 0 6911 2
0 30577 4405 4 745 0 6149 1989 1083 0 8334 926 142 0 8551 1490 568 0 7543 0
1 30767 2655 3 791 0 10764 1196 1047 0 13122 1458 313 1 6881 1
1 30590 4283 4 838 0 4707 523 880 0 4260 1981 698 0 16011 1779 1099 1 5612 0
3 30633 3883 4 247 0 3610 1893 1 0 9954 1106 559 0 7947 883 1168 3 9122 1
0 30710 3182 4 628 0 4134 1627 255 0 6606 734 426 0 7389 821 805 0 12581 0
1 30535 4789 4 898 0 1010 1639 694 0 15066 1674 251 0 13275 1475 653 1 1184 1
-1
32 11
2 30696 3306 4 360 0 5715 635 72 0 13059 1451 143 0 10971 1219 575 2 951 1
0 30774 2593 3 788 0 7236 804 91 0 16092 1788 54 0 7446 1
0 30571 4461 4 1057 0 33 1171 909 0 14469 1911 1088 0 12393 1377 604 0 3676 2
1 30729 3005 4 1090 0 9203 1272 443 0 8703 967 254 0 6876 764 599 1 5947 2
3 30753 2779 3 606 0 6801 1491 370 0 11592 1288 387 3 12360 0
2 30786 2478 3 877 0 5933 923 548 0 13986 1554 1045 2 10867 1
1 30656 3676 4 1164 0 2756 1175 860 0 16380 1820 1121 0 6120 680 1018 1 5400 1
0 30798 2372 4 74 0 4398 1235 719 0 5031 559 391 0 5202 578 34 0 16167 0
2 30707 3205 3 1036 0 12591 1399 596 0 16254 1806 412 2 1862 0
3 30675 3497 4 801 0 4749 772 541 0 12510 1390 47 0 12006 1334 224 3 1410 1
2 30642 3803 5 987 0 8685 965 950 0 7380 820 504 0 12168 1352 652 0 1706 664 1108 2 703 2
-1
33 11
2 30764 2680 3 666 0 9734 1522 185 0 10422 1158 278 2 10608 0
0 30643 3798 4 54 0 8115 1728 986 0 3302 704 35 0 9405 1365 533 0 9821 1
2 30703 3241 3 1170 0 11970 1330 350 0 17199 1911 258 2 1534 0
2 30795 2395 3 538 0 7407 823 967 0 14148 1572 616 2 9240 0
0 30844 1949 2 319 0 17016 1949 833 0 13828 0
2 30673 3517 4 779 0 4395 983 381 0 10377 1153 911 0 12420 1380 1111 2 3481 1
2 30811 2248 3 668 0 4506 576 923 0 15030 1670 354 2 11275 2
2 30735 2947 4 885 0 14409 1601 169 0 5589 621 415 0 6525 725 111 2 4212 0
2 30685 3407 3 481 0 14895 1655 274 0 4075 1751 42 2 11715 1
0 30836 2023 3 1052 0 10116 1124 933 0 6454 899 1008 0 14266 0
2 30742 2883 3 23 0 12600 1400 994 0 13338 1482 917 2 4804 1
-1
34 11
3 30603 4159 4 575 0 11602 1394 392 0 6669 1700 44 0 9576 1064 991 3 2756 1
2 30676 3490 4 533 0 2635 1383 180 0 6543 727 419 0 12420 1380 970 2 9078 0
3 30752 2788 4 604 0 2579 693 663 0 8667 963 965 0 10188 1132 258 3 9318 0
2 30663 3609 4 402 0 12519 1391 693 0 3936 1172 700 0 9405 1045 590 2 4803 1
2 30466 5422 5 465 0 11178 1242 749 0 6683 1856 387 0 12 1375 1033 0 8523 947 1015 2 4070 2
2 30604 4152 4 1045 0 1785 1405 116 0 13095 1455 913 0 7596 1291 89 2 8128 1
0 30694 3329 3 709 0 9544 1969 815 0 8487 943 835 0 12663 417
2 30529 4842 4 562 0 1706 1236 34 0 573 1860 120 0 15714 1746 620 2 12536 0
0 30413 5914 6 303 0 9054 1006 1194 0 9711 1079 461 0 762 1595 380 0 8118 902 42 0 271 1331 158 0 2497 1
3 30748 2825 3 209 0 15246 1694 224 0 8775 1131 468 3 6727 0
0 30651 3725 3 917 0 11556 1817 1108 0 5649 704 492 0 13446 1204
-1
35 11
3 30758 2733 3 100 0 8901 989 278 0 5077 1743 530 3 16780 1
0 30788 2464 3 1004 0 6642 738 810 0 15534 1726 843 0 8612 0
0 30576 4415 5 167 0 1108 1318 456 0 13320 1480 384 0 5580 620 804 0 8955 995 258 0 1613 2
0 30844 1949 2 195 0 16629 1948 1100 0 14215 1
1 30578 4394 4 833 0 2164 1907 447 0 9234 1026 519 0 13149 1461 202 1 6031 0
3 30746 2843 3 1077 0 13068 1452 995 0 12510 1390 1111 3 5168 1
2 30782 2515 4 335 0 7407 823 352 0 4608 512 875 0 10620 1180 812 2 8147 0
1 30755 2765 3 1153 0 14499 1611 595 0 10386 1154 80 1 5870 0
0 30773 2602 3 957 0 6453 717 18 0 16956 1884 351 0 7364 1
1 30537 4771 5 1008 0 1790 1784 399 0 16452 1828 1143 0 5616 624 768 0 4815 535 478 1 1864 0
0 30736 2943 3 707 0 15030 1670 1176 0 11439 1271 609 0 4267 2
-1
36 11
1 30658 3658 4 991 0 6475 1025 798 0 9315 1035 786 0 14382 1598 494 1 486 0
0 30719 3099 4 970 0 613 1077 520 0 6363 707 422 0 11835 1315 41 0 11908 0
3 30647 3754 3 258 0 4990 1938 969 0 16344 1816 246 3 9313 0
3 30784 2494 3 590 0 10684 1720 864 0 6966 774 30 3 13134 0
2 30691 3352 5 1015 0 1310 596 903 0 5427 603 1169 0 14166 1574 139 0 5202 578 88 2 4586 1
0 30622 3991 5 89 0 1671 1088 136 0 8631 959 486 0 8190 910 717 0 9306 1034 870 0 2824 0
1 30406 5976 5 835 0 0 990 1018 0 4859 1139 354 0 5418 1853 778 0 17937 1993 106 1 2192 1
3 30592 4260 4 620 0 582 1769 379 0 10134 1126 704 0 12276 1364 111 3 7600 1
0 30711 3173 4 158 0 10751 1471 425 0 7947 883 374 0 7371 819 412 0 4642 0
3 30659 3644 3 468 0 8867 1733 282 0 17199 1911 478 3 4593 0
2 30675 3499 4 492 0 0 290 609 0 7775 1336 1139 0 16848 1872 584 2 6052 1
-1
37 11
1 30705 3225 4 494 0 8369 984 948 0 8658 962 977 0 11502 1278 722 1 2176 1
3 30622 3984 4 117 0 13995 1555 718 0 5697 633 41 0 4256 1796 170 3 6674 0
2 30659 3646 3 246 0 6200 1724 39 0 17289 1921 26 2 7170 1
1 30655 3685 3 334 0 16335 1815 30 0 3684 1869 599 1 10636 1
0 30667 3577 4 308 0 7227 803 88 0 10451 1670 66 0 9936 1104 235 0 3053 0
1 30793 2416 3 423 0 11007 1223 968 0 10728 1192 385 1 9058 1
2 30695 3315 4 84 0 16488 1832 108 0 6939 771 106 0 4224 712 343 2 3044 0
3 30783 2503 3 1137 0 9675 1075 372 0 12843 1427 300 3 8265 1
3 30615 4048 4 412 0 55 729 1104 0 15759 1751 455 0 14112 1568 83 3 689 0
0 30762 2703 3 1106 0 7470 830 478 0 10396 1873 86 0 12896 0
0 30684 3421 4 584 0 8616 1629 280 0 11304 1256 446 0 4824 536 705 0 5940 0
-1
38 11
3 30686 3395 4 581 0 9846 1094 49 0 8190 910 27 0 12519 1391 1005 3 131 0
3 30684 3414 4 170 0 1918 955 555 0 11025 1225 594 0 11106 1234 57 3 6635 0
1 30609 4109 4 26 0 2071 1026 996 0 15705 1745 752 0 12024 1336 904 1 809 2
2 30531 4824 5 599 0 713 1919 480 0 13581 1509 771 0 6354 706 9 0 6192 688 487 2 3691 2
2 30662 3619 3 472 0 16983 1887 235 0 12535 1732 92 2 1144 0
2 30684 3416 5 385 0 1039 1121 368 0 5976 664 785 0 8244 916 984 0 6426 714 103 2 8999 1
2 30699 3278 4 343 0 3785 759 403 0 14949 1661 298 0 7722 858 442 2 4243 0
1 30654 3695 4 300 0 3216 1275 252 0 10134 1126 1007 0 11646 1294 537 1 5658 0
2 30737 2929 4 83 0 5959 739 297 0 9459 1051 799 0 10242 1138 551 2 5077 1
2 30631 3904 4 703 0 6111 679 86 0 2332 1692 536 0 13779 1531 1019 2 8409 2
0 30617 4037 4 705 0 11871 1979 324 0 11862 1318 470 0 6651 739 243 0 233 1
-1
39 11
0 30481 5289 6 530 0 767 1949 928 0 4824 536 722 0 9793 1329 267 0 4518 502 414 0 8748 972 901 0 1831 1
1 30592 4265 5 843 0 5707 1591 677 0 4716 524 110 0 6813 757 1020 0 12537 1393 540 1 819 0
0 30861 1793 4 802 0 4887 543 466 0 4509 501 543 0 4671 519 1185 0 16794 230
2 30416 5882 5 1100 0 1085 1699 871 0 16695 1855 616 0 4078 1480 99 0 7614 846 157 2 944 2
3 30663 3607 4 202 0 11626 1962 1073 0 5274 586 179 0 9531 1059 780 3 4232 0
1 30616 4044 5 1111 0 1759 1155 367 0 9108 1012 52 0 12114 1346 406 0 4770 530 656 1 2865 1
0 30734 2961 3 812 0 6818 1663 373 0 11682 1298 145 0 12234 0
0 30475 5344 5 80 0 7449 1480 111 0 2826 1626 281 0 6759 751 390 0 13365 1485 781 0 76 2
3 30744 2862 3 351 0 2977 1148 1114 0 15426 1714 680 3 12341 0
1 30789 2453 3 751 0 10584 1176 1152 0 11484 1276 982 1 8721 1
0 30699 3283 4 15 0 5688 632 640 0 17568 1952 776 0 6282 698 1128 0 1161 1
-1
40 11
2 30706 3214 4 901 0 10031 1317 929 0 5571 619 1005 0 11359 1277 140 2 3745 1
1 30783 2508 3 523 0 15120 1680 576 0 7452 828 112 1 8211 0
2 30585 4327 4 1185 0 0 1636 156 0 13104 1456 904 0 10314 1234 236 2 7167 1
1 30684 3419 5 1095 0 4689 521 487 0 6180 1095 988 0 10629 1181 830 0 5580 620 121 1 3606 2
2 30707 3205 3 780 0 10066 1589 756 0 14544 1616 17 2 6097 0
1 30761 2710 3 870 0 8453 1253 624 0 13113 1457 1087 1 9195 0
3 30547 4674 4 829 0 13797 1533 145 0 3192 1714 844 0 12834 1426 981 3 724 1
2 30796 2386 3 1116 0 10908 1212 781 0 10499 1173 363 2 9389 1
1 30489 5213 4 680 0 5476 1980 1192 0 11718 1302 551 0 12291 1929 807 1 1004 2
3 30518 4941 5 982 0 5624 1593 1019 0 481 986 636 0 5715 635 935 0 15534 1726 333 3 3164 1
2 30805 2303 3 1128 0 10026 1242 243 0 9316 1060 450 2 11463 1
-1
