1 4
1 47963 4772 5 29 0 15606 1734 54 0 9810 1090 74 0 6192 688 131 0 11331 1259 86 1 5024 1
1 48007 4165 5 97 0 15660 1740 194 0 8037 893 39 0 4941 549 26 0 8838 982 63 1 10531 1
1 47961 4800 5 50 0 11444 1851 145 0 6048 672 44 0 15435 1715 14 0 5058 562 132 1 9976 0
2 47890 5775 6 10 0 59 578 171 0 8721 969 146 0 17505 1945 181 0 7191 799 133 0 13356 1484 79 2 1058 0
-1
2 4
1 47919 5379 6 86 0 7476 1388 119 0 4662 518 47 0 6444 716 169 0 9819 1091 108 0 14976 1664 4 1 4542 2
1 47918 5393 5 63 0 7252 1975 114 0 4617 513 8 0 17226 1914 111 0 8892 988 68 1 9931 3
1 47879 5931 5 132 0 7330 1923 70 0 3098 1207 160 0 17388 1932 162 0 7794 866 22 1 12269 3
0 47942 5067 4 79 0 15545 1845 51 0 11988 1332 166 0 16974 1886 180 0 3435 4
-1
3 4
1 47922 5338 5 4 0 9479 1556 100 0 12384 1376 2 0 15057 1673 66 0 6588 732 185 1 4414 1
1 47915 5435 5 68 0 1094 1518 179 0 12987 1443 92 0 5445 605 129 0 16785 1865 60 1 11604 4
1 47866 6111 7 22 0 1608 1539 62 0 4644 516 199 0 5589 621 36 0 8568 952 71 0 10944 1216 128 0 11403 1267 6 1 5110 0
0 11937 1704 2 180 0 2307 634 9 0 9630 1070
-1
4 3
1 47918 5393 6 159 0 10548 1172 142 0 13194 1466 185 0 409 535 140 0 10692 1188 157 0 9279 1031 37 1 3796 1
2 47837 6506 7 64 0 10566 1174 60 0 383 1328 96 0 9027 1003 117 0 7830 870 11 0 12753 1417 7 0 6426 714 61 2 852 0
0 47923 5329 5 6 0 8911 1558 130 0 8712 968 161 0 12357 1373 148 0 12834 1426 30 0 5109 4
-1
5 3
1 47933 5186 5 91 0 13365 1485 37 0 6679 1163 154 0 13365 1485 139 0 9477 1053 93 1 5047 0
1 47917 5407 5 178 0 16290 1810 61 0 13159 1557 137 0 12852 1428 46 0 5481 609 138 1 135 3
0 48006 4183 4 12 0 14562 1618 106 0 5958 662 30 0 12045 1902 52 0 15441 1
-1
6 3
0 47981 4528 5 93 0 1504 728 41 0 5886 654 48 0 17073 1897 25 0 11223 1247 156 0 12295 2
1 47944 5034 6 138 0 7001 790 16 0 9333 1037 168 0 15894 1766 83 0 7659 851 1 0 5301 589 13 1 2756 1
1 47860 6194 5 52 0 1848 1920 192 0 10125 1125 123 0 16119 1791 5 0 12213 1357 175 1 7555 1
-1
7 3
0 47875 5991 6 156 0 3824 1789 45 0 12033 1337 104 0 5211 579 149 0 10890 1210 43 0 9684 1076 144 0 6233 0
1 47977 4579 4 13 0 8070 1202 184 0 15129 1681 23 0 15228 1692 126 1 9550 4
0 47874 6005 6 175 0 1201 972 136 0 6210 690 38 0 13041 1449 33 0 17298 1922 73 0 8712 968 78 0 1412 4
-1
8 3
2 47924 5306 5 144 0 2164 933 21 0 12078 1342 158 0 13977 1553 80 0 13302 1478 81 2 6403 0
1 47885 5849 6 126 0 2482 1333 77 0 4950 550 17 0 15156 1684 76 0 6372 708 69 0 14130 1570 135 1 4795 4
1 47961 4800 4 78 0 13069 1605 67 0 13959 1551 141 0 14796 1644 164 1 6137 0
-1
9 3
2 47930 5223 4 31 0 16173 1797 81 0 8076 1609 155 0 16335 1815 195 2 7346 2
1 47931 5214 5 56 0 17334 1926 135 0 2647 823 150 0 16056 1784 151 0 6093 677 167 1 5801 4
2 47891 5761 5 164 0 234 708 72 0 14787 1643 89 0 14328 1592 40 0 16362 1818 27 2 2180 0
-1
10 3
2 47958 4836 5 195 0 5225 1395 103 0 9756 1084 55 0 7731 859 127 0 13455 1495 116 2 11791 3
0 47897 5688 6 84 0 11565 1285 167 0 2064 870 94 0 14049 1561 57 0 7380 820 98 0 10359 1151 87 0 2480 1
1 47976 4593 4 42 0 10881 1209 28 0 17514 1946 193 0 12942 1438 105 1 6639 0
-1
11 3
2 47863 6147 5 116 0 3705 1719 102 0 12348 1372 143 0 11664 1296 59 0 15813 1757 113 2 4333 3
2 47936 5140 5 191 0 8514 946 87 0 11272 1527 19 0 17451 1939 95 0 6552 728 88 2 4147 0
1 47958 4841 6 27 0 6098 920 105 0 9398 1782 15 0 6021 669 197 0 4761 529 196 0 8469 941 198 1 13211 0
-1
12 3
2 47934 5168 6 113 0 8832 1460 153 0 6597 733 110 0 6399 711 90 0 9936 1104 189 0 10440 1160 101 2 5730 0
0 47891 5770 5 109 0 17073 1897 163 0 11970 1330 88 0 10683 1648 34 0 8055 895 173 0 110 0
1 47902 5614 5 198 0 747 1551 118 0 8361 929 182 0 10764 1196 20 0 17415 1935 177 1 10615 3
-1
13 3
1 47955 4883 5 101 0 11377 1901 122 0 7209 801 107 0 10080 1120 121 0 9522 1058 190 1 9767 3
1 47939 5103 5 99 0 10161 1129 82 0 17469 1941 187 0 7002 778 173 0 11185 1255 183 1 2122 0
1 47840 6470 5 177 0 2866 1495 200 0 10593 1177 120 0 17208 1912 186 0 16947 1883 112 1 226 3
-1
14 3
1 47923 5324 5 190 0 6720 1829 115 0 11979 1331 18 0 13500 1500 58 0 5976 664 24 1 9748 0
0 47948 4984 6 183 0 12286 1601 174 0 5274 586 170 0 12870 1430 165 0 5319 591 3 0 6957 773 50 0 5242 3
2 47953 4905 5 112 0 12481 1409 35 0 7713 857 172 0 14310 1590 32 0 9423 1047 134 2 4026 2
-1
15 3
2 47866 6106 6 24 0 1906 1295 49 0 9972 1108 65 0 8658 962 53 0 12096 1344 176 0 12564 1396 68 2 2670 1
1 47985 4469 5 147 0 9540 1060 125 0 12114 1346 124 0 6966 774 152 0 11583 1287 70 1 7782 2
1 47932 5200 5 134 0 5980 1110 85 0 8631 959 75 0 12015 1335 188 0 16164 1796 10 1 5142 0
-1
