1 25
3 1945 0 1 32 3 1945 0
3 1678 977 2 32 0 721 977 1052 3 957 0
3 1945 0 1 283 3 1945 0
2 1677 982 2 283 0 938 982 202 2 739 0
3 1898 172 2 440 0 771 172 1125 3 1127 0
1 1879 243 2 938 0 1158 243 408 1 721 0
2 1813 484 2 408 0 0 484 456 2 1813 0
3 1945 0 1 352 3 1945 0
1 1704 884 2 352 0 1230 884 960 1 474 0
3 1945 0 1 982 3 1945 0
3 1945 0 1 772 3 1945 0
3 1945 0 1 998 3 1945 0
3 1945 0 1 1107 3 1945 0
3 1945 0 1 311 3 1945 0
0 1878 248 1 978 0 1878 248
3 1945 0 1 179 3 1945 0
3 1945 0 1 506 3 1945 0
3 1945 0 1 344 3 1945 0
3 1945 0 1 79 3 1945 0
3 1775 622 2 1197 0 802 622 108 3 973 0
2 1506 1607 4 966 0 147 460 503 0 187 565 315 0 303 582 289 2 869 0
3 1945 0 1 452 3 1945 0
3 1945 0 1 316 3 1945 0
3 1945 0 1 679 3 1945 0
3 1874 260 2 198 0 514 260 629 3 1360 0
-1
2 28
0 2493 0 1 1072 0 2493 0
0 2493 0 1 1072 0 2493 0
0 2300 706 2 1072 0 1368 706 711 0 932 0
0 2493 0 1 711 0 2493 0
0 2493 0 1 711 0 2493 0
1 2277 789 2 711 0 1183 789 1085 1 1094 0
0 2493 0 1 1085 0 2493 0
0 2493 0 1 1085 0 2493 0
2 2259 854 2 1085 0 1605 854 165 2 654 0
1 2413 291 2 165 0 1963 291 982 1 450 0
0 2493 0 1 181 0 2493 0
0 2493 0 1 181 0 2493 0
2 2438 199 2 881 0 1791 199 311 2 647 0
2 2307 678 2 311 0 630 678 1013 2 1677 0
1 2447 167 2 978 0 0 167 508 1 2447 0
0 2493 0 1 179 0 2493 0
2 2434 213 2 566 0 1737 213 506 2 697 0
0 2358 494 2 980 0 1639 494 757 0 719 0
2 2300 704 3 516 0 1399 360 1160 0 201 344 1197 2 700 0
0 2304 691 2 260 0 382 691 503 0 1922 0
2 2373 437 2 1105 0 1323 437 560 2 1050 0
0 2493 0 1 866 0 2493 0
0 2253 878 2 1059 0 395 878 894 0 1858 0
2 2228 967 2 313 0 1958 967 1060 2 270 0
0 2317 644 2 959 0 1226 644 1030 0 1091 0
0 2493 0 1 413 0 2493 0
1 2285 760 2 1056 0 1448 760 1078 1 837 0
0 2493 0 1 1134 0 2493 0
-1
3 36
0 1723 0 1 126 0 1723 0
0 1641 301 2 1046 0 1271 301 975 0 370 0
0 1723 0 1 975 0 1723 0
0 1723 0 1 807 0 1723 0
0 1723 0 1 1083 0 1723 0
0 1723 0 1 914 0 1723 0
0 1723 0 1 914 0 1723 0
0 1723 0 1 40 0 1723 0
0 1723 0 1 40 0 1723 0
0 1723 0 1 238 0 1723 0
0 1723 0 1 238 0 1723 0
0 1723 0 1 820 0 1723 0
0 1723 0 1 268 0 1723 0
0 1487 864 2 268 0 1192 864 424 0 295 0
0 1723 0 1 424 0 1723 0
0 1723 0 1 1010 0 1723 0
2 1557 606 2 1010 0 1132 606 886 2 425 0
0 1723 0 1 850 0 1723 0
0 1723 0 1 850 0 1723 0
0 1723 0 1 361 0 1723 0
0 1723 0 1 556 0 1723 0
0 1723 0 1 549 0 1723 0
1 1661 226 2 812 0 738 226 607 1 923 0
1 1647 278 2 298 0 1198 277 679 1 449 1
0 1723 0 1 1023 0 1723 0
0 1723 0 1 1175 0 1723 0
3 1665 210 3 981 0 972 108 116 0 0 102 743 3 693 0
3 1562 587 2 743 0 271 587 38 3 1291 0
0 1723 0 1 263 0 1723 0
0 1723 0 1 1121 0 1723 0
1 1644 289 2 258 0 1127 288 1157 1 517 1
0 1723 0 1 1157 0 1723 0
0 1477 901 2 1157 0 679 901 1065 0 798 0
0 1723 0 1 718 0 1723 0
0 1723 0 1 1154 0 1723 0
0 1723 0 1 1154 0 1723 0
-1
4 34
2 536 208 2 781 0 436 208 329 2 100 0
2 593 0 1 329 2 593 0
2 593 0 1 329 2 593 0
2 593 0 1 657 2 593 0
2 593 0 1 844 2 593 0
2 593 0 1 844 2 593 0
0 539 199 1 844 0 539 199
2 593 0 1 189 2 593 0
2 593 0 1 189 2 593 0
2 593 0 1 366 2 593 0
2 593 0 1 1153 2 593 0
2 593 0 1 1153 2 593 0
2 593 0 1 58 2 593 0
2 593 0 1 1064 2 593 0
2 593 0 1 974 2 593 0
2 593 0 1 821 2 593 0
2 593 0 1 209 2 593 0
2 593 0 1 907 2 593 0
2 593 0 1 647 2 593 0
2 593 0 1 819 2 593 0
0 567 97 1 732 0 567 97
2 593 0 1 409 2 593 0
2 593 0 1 9 2 593 0
2 593 0 1 1014 2 593 0
2 593 0 1 330 2 593 0
2 593 0 1 755 2 593 0
2 593 0 1 815 2 593 0
2 593 0 1 815 2 593 0
2 593 0 1 742 2 593 0
2 593 0 1 218 2 593 0
3 499 343 2 218 0 226 343 613 3 273 0
2 593 0 1 613 2 593 0
2 593 0 1 613 2 593 0
2 591 7 2 1081 0 0 7 546 2 591 0
-1
5 28
2 2526 0 1 135 2 2526 0
0 2441 313 1 367 0 2441 313
2 2526 0 1 1139 2 2526 0
0 2275 921 2 536 0 1966 921 1131 0 309 0
0 2335 701 2 849 0 1115 701 161 0 1220 0
2 2526 0 1 1090 2 2526 0
2 2526 0 1 852 2 2526 0
0 2392 493 2 296 0 1922 493 419 0 470 0
1 2424 374 2 379 0 1276 374 1158 1 1148 0
2 2526 0 1 581 2 2526 0
0 2410 427 2 722 0 1404 427 772 0 1006 0
1 2419 393 2 1017 0 1022 393 893 1 1397 0
2 2260 974 2 1019 0 2157 974 987 2 103 0
2 2526 0 1 1174 2 2526 0
2 2526 0 1 1011 2 2526 0
2 2526 0 1 142 2 2526 0
3 2407 435 2 331 0 895 435 614 3 1512 0
2 2526 0 1 129 2 2526 0
1 2442 309 2 1026 0 266 309 1160 1 2176 0
2 2453 267 2 961 0 0 267 108 2 2453 0
3 2355 625 2 289 0 2239 625 560 3 116 0
2 2526 0 1 603 2 2526 0
1 2398 470 2 1003 0 1715 470 316 1 683 0
0 2451 277 1 553 0 2451 277
2 2526 0 1 959 2 2526 0
2 2526 0 1 413 2 2526 0
2 2526 0 1 1056 2 2526 0
1 2426 367 2 67 0 1911 367 1134 1 515 0
-1
6 36
3 1566 0 1 251 3 1566 0
2 1483 304 2 251 0 1167 304 170 2 316 0
3 1566 0 1 170 3 1566 0
3 1566 0 1 170 3 1566 0
2 1430 498 2 170 0 1026 498 1007 2 404 0
3 1566 0 1 1007 3 1566 0
3 1566 0 1 398 3 1566 0
3 1566 0 1 398 3 1566 0
3 1566 0 1 398 3 1566 0
3 1566 0 1 366 3 1566 0
3 1566 0 1 841 3 1566 0
1 1341 825 2 841 0 475 825 125 1 866 0
3 1555 40 2 125 0 0 40 58 3 1555 0
3 1334 849 2 1064 0 341 849 974 3 993 0
1 1349 796 2 974 0 827 796 821 1 522 0
0 1326 881 2 821 0 112 881 842 0 1214 0
1 1522 163 2 925 0 1064 163 985 1 458 0
3 1566 0 1 461 3 1566 0
3 1566 0 1 461 3 1566 0
3 1429 501 2 247 0 1053 501 589 3 376 0
3 1566 0 1 1186 3 1566 0
3 1566 0 1 582 3 1566 0
3 1566 0 1 859 3 1566 0
3 1566 0 1 423 3 1566 0
3 1566 0 1 712 3 1566 0
3 1566 0 1 322 3 1566 0
1 1420 536 2 274 0 1122 536 815 1 298 0
3 1566 0 1 490 3 1566 0
3 1566 0 1 490 3 1566 0
1 1459 393 2 609 0 140 393 854 1 1319 0
1 1460 390 2 448 0 776 390 1086 1 684 0
2 1375 700 2 1086 0 352 700 613 2 1023 0
3 1566 0 1 1028 3 1566 0
3 1566 0 1 599 3 1566 0
3 1346 805 2 599 0 167 805 620 3 1179 0
3 1566 0 1 620 3 1566 0
-1
7 29
0 2705 0 1 363 0 2705 0
2 2583 445 2 135 0 830 445 367 2 1753 0
2 2544 587 2 367 0 0 587 1139 2 2544 0
0 2432 999 2 1139 0 13 999 536 0 2419 0
1 2654 186 2 1131 0 1365 186 849 1 1289 0
0 2641 235 2 161 0 895 235 1090 0 1746 0
0 2455 915 2 1090 0 57 915 1025 0 2398 0
1 2500 750 2 852 0 1816 750 208 1 684 0
0 2617 322 1 419 0 2617 322
2 2654 185 2 1158 0 516 185 138 2 2138 0
0 2705 0 1 581 0 2705 0
0 2705 0 1 772 0 2705 0
0 2705 0 1 1019 0 2705 0
0 2705 0 1 987 0 2705 0
0 2600 385 2 1174 0 538 385 537 0 2062 0
2 2502 741 2 1011 0 790 741 162 2 1712 0
0 2568 502 2 142 0 1853 502 179 0 715 0
2 2620 309 2 614 0 1266 309 246 2 1354 0
0 2705 0 1 129 0 2705 0
0 2705 0 1 1197 0 2705 0
0 2705 0 1 108 0 2705 0
0 2705 0 1 560 0 2705 0
0 2705 0 1 603 0 2705 0
0 2463 886 3 894 0 1089 620 335 0 1286 266 940 0 88 0
2 2595 401 2 1060 0 739 401 923 2 1856 0
0 2705 0 1 1030 0 2705 0
1 2480 823 2 413 0 1931 823 670 1 549 0
1 2671 124 2 464 0 1116 124 1078 1 1555 0
2 2453 920 2 1134 0 51 920 531 2 2402 0
-1
8 28
3 2183 610 2 75 0 1214 610 447 3 969 0
0 2270 294 2 672 0 449 294 984 0 1821 0
2 2350 0 1 1037 2 2350 0
2 2172 651 2 587 0 785 651 438 2 1387 0
2 2350 0 1 972 2 2350 0
2 2350 0 1 602 2 2350 0
2 2350 0 1 493 2 2350 0
2 2350 0 1 1144 2 2350 0
2 2206 527 2 239 0 1710 527 26 2 496 0
2 2217 486 2 550 0 2159 486 433 2 58 0
2 2350 0 1 15 2 2350 0
2 2350 0 1 534 2 2350 0
0 2135 788 2 72 0 1347 788 579 0 788 0
2 2156 709 2 458 0 409 709 817 2 1747 0
3 2268 299 2 328 0 974 299 887 3 1294 0
2 2175 640 2 1115 0 1924 640 269 2 251 0
2 2350 0 1 676 2 2350 0
0 1956 1444 3 474 0 332 888 883 0 1293 555 1112 0 331 1
2 2350 0 1 835 2 2350 0
0 2123 832 2 167 0 1727 832 1146 0 396 0
2 2350 0 1 19 2 2350 0
2 2350 0 1 549 2 2350 0
2 2350 0 1 163 2 2350 0
0 2163 686 3 1099 0 1611 179 679 0 0 507 1068 0 552 0
1 2132 798 2 1023 0 1282 798 1038 1 850 0
2 2135 786 2 1175 0 756 786 116 2 1379 0
2 2350 0 1 995 2 2350 0
1 2232 432 2 100 0 1195 432 562 1 1037 0
-1
9 34
2 2422 0 1 648 2 2422 0
2 2325 355 2 648 0 771 355 908 2 1554 0
2 2422 0 1 908 2 2422 0
2 2422 0 1 908 2 2422 0
0 2200 814 2 908 0 922 814 827 0 1278 0
2 2332 329 2 827 0 1683 329 1109 2 649 0
1 2186 865 2 1109 0 1632 865 828 1 554 0
2 2422 0 1 828 2 2422 0
2 2422 0 1 828 2 2422 0
2 2224 724 2 828 0 1113 724 698 2 1111 0
2 2422 0 1 698 2 2422 0
1 2249 634 2 698 0 2169 634 1034 1 80 0
2 2422 0 1 1034 2 2422 0
2 2422 0 1 1034 2 2422 0
3 2293 471 2 1034 0 0 471 876 3 2293 0
2 2422 0 1 876 2 2422 0
1 2283 510 2 1141 0 1868 510 883 1 415 0
2 2422 0 1 883 2 2422 0
2 2422 0 1 1106 2 2422 0
2 2422 0 1 301 2 2422 0
2 2422 0 1 301 2 2422 0
1 2318 382 2 54 0 423 382 488 1 1895 0
2 2422 0 1 488 2 2422 0
2 2422 0 1 1068 2 2422 0
2 2422 0 1 1130 2 2422 0
3 2389 120 2 973 0 1080 120 191 3 1309 0
2 2422 0 1 191 2 2422 0
2 2277 531 2 930 0 1115 531 100 2 1162 0
2 2422 0 1 1036 2 2422 0
2 2422 0 1 1036 2 2422 0
3 2216 753 2 1036 0 883 753 1102 3 1333 0
2 2422 0 1 1102 2 2422 0
2 2222 732 3 1102 0 1640 600 1104 0 5 132 639 2 577 0
2 2422 0 1 639 2 2422 0
-1
10 27
1 1352 0 1 993 1 1352 0
1 1352 0 1 310 1 1352 0
0 1268 308 2 310 0 0 308 1012 0 1268 0
1 1352 0 1 1012 1 1352 0
1 1352 0 1 794 1 1352 0
1 1352 0 1 199 1 1352 0
0 1319 121 2 870 0 1079 121 16 0 240 0
0 1217 495 1 1132 0 1217 495
1 1180 629 2 200 0 269 629 650 1 911 0
1 1352 0 1 11 1 1352 0
1 1352 0 1 805 1 1352 0
1 1352 0 1 188 1 1352 0
1 1352 0 1 459 1 1352 0
2 1299 193 2 970 0 1050 193 339 2 249 0
1 1352 0 1 217 1 1352 0
1 1352 0 1 166 1 1352 0
1 1352 0 1 245 1 1352 0
2 1162 694 2 144 0 1139 694 980 2 23 0
1 1352 0 1 757 1 1352 0
3 1247 382 2 450 0 805 382 260 3 442 0
2 1306 167 2 309 0 1114 167 503 2 192 0
1 1352 0 1 360 1 1352 0
1 1352 0 1 1059 1 1352 0
1 1352 0 1 313 1 1352 0
1 1352 0 1 62 1 1352 0
1 1275 281 2 80 0 68 281 539 1 1207 0
2 1098 928 3 539 0 0 706 670 0 0 222 512 2 1098 0
-1
11 31
2 1287 0 1 297 2 1287 0
2 1287 0 1 555 2 1287 0
0 1243 163 2 773 0 401 163 65 0 842 0
3 1244 157 2 168 0 1123 157 105 3 121 0
2 1287 0 1 105 2 1287 0
1 1063 821 2 105 0 550 821 56 1 513 0
1 1169 433 2 56 0 670 433 349 1 499 0
2 1287 0 1 501 2 1287 0
2 1287 0 1 501 2 1287 0
2 1287 0 1 226 2 1287 0
2 1287 0 1 226 2 1287 0
2 1287 0 1 893 2 1287 0
3 1232 201 2 804 0 703 201 958 3 529 0
2 1287 0 1 99 2 1287 0
0 1083 749 2 99 0 681 749 17 0 402 0
2 1287 0 1 470 2 1287 0
2 1287 0 1 209 2 1287 0
2 1287 0 1 344 2 1287 0
2 1287 0 1 799 2 1287 0
1 1031 938 2 799 0 99 938 315 1 932 0
2 1287 0 1 315 2 1287 0
2 1287 0 1 452 2 1287 0
1 1145 521 2 1199 0 1061 521 316 1 84 0
2 1287 0 1 553 2 1287 0
2 1159 469 2 923 0 974 469 198 2 185 0
2 1287 0 1 646 2 1287 0
2 1287 0 1 1056 2 1287 0
2 1287 0 1 1078 2 1287 0
2 1287 0 1 968 2 1287 0
2 1287 0 1 547 2 1287 0
2 1287 0 1 547 2 1287 0
-1
12 29
1 1388 0 1 363 1 1388 0
1 1388 0 1 367 1 1388 0
1 1388 0 1 1139 1 1388 0
1 1388 0 1 536 1 1388 0
1 1388 0 1 849 1 1388 0
1 1388 0 1 1090 1 1388 0
0 1382 23 1 1025 0 1382 23
1 1388 0 1 208 1 1388 0
2 1382 21 2 419 0 0 21 680 2 1382 0
1 1292 351 2 138 0 1019 351 1073 1 273 0
0 1237 553 1 581 0 1237 553
1 1188 732 2 772 0 510 732 1066 1 678 0
1 1388 0 1 1019 1 1388 0
2 1300 321 2 987 0 79 321 91 2 1221 0
1 1311 282 2 537 0 476 282 1011 1 835 0
1 1388 0 1 162 1 1388 0
0 1124 967 2 179 0 619 967 331 0 505 0
1 1388 0 1 246 1 1388 0
1 1388 0 1 129 1 1388 0
1 1388 0 1 1197 1 1388 0
1 1388 0 1 108 1 1388 0
1 1388 0 1 560 1 1388 0
3 1129 946 2 603 0 1080 946 1199 3 49 0
1 1388 0 1 940 1 1388 0
1 1388 0 1 923 1 1388 0
2 1188 731 2 1030 0 70 731 646 2 1118 0
0 1313 275 1 670 0 1313 275
1 1388 0 1 1078 1 1388 0
1 1284 380 2 531 0 1016 380 968 1 268 0
-1
13 35
2 2512 311 2 126 0 1076 311 1046 2 1436 0
2 2597 0 1 975 2 2597 0
2 2393 746 3 975 0 807 611 1092 0 1215 135 807 2 371 0
2 2480 428 3 807 0 73 241 264 0 1683 187 1083 2 724 0
3 2458 508 2 1083 0 2123 508 914 3 335 0
2 2597 0 1 914 2 2597 0
1 2355 887 2 914 0 1591 886 40 1 764 1
2 2597 0 1 40 2 2597 0
1 2336 956 2 40 0 1803 956 238 1 533 0
2 2597 0 1 238 2 2597 0
2 2333 966 3 238 0 45 736 943 0 2070 230 204 2 218 0
0 2537 222 2 820 0 266 221 268 0 2271 1
2 2597 0 1 268 2 2597 0
2 2597 0 1 424 2 2597 0
1 2444 561 2 424 0 432 561 887 1 2012 0
2 2597 0 1 1010 2 2597 0
3 2538 215 2 886 0 1508 215 850 3 1030 0
2 2597 0 1 850 2 2597 0
1 2337 952 2 850 0 1490 952 361 1 847 0
2 2597 0 1 361 2 2597 0
2 2597 0 1 556 2 2597 0
2 2597 0 1 549 2 2597 0
2 2597 0 1 607 2 2597 0
2 2597 0 1 679 2 2597 0
2 2597 0 1 1023 2 2597 0
2 2597 0 1 1175 2 2597 0
2 2597 0 1 743 2 2597 0
1 2546 188 2 38 0 398 188 411 1 2148 0
2 2597 0 1 263 2 2597 0
1 2513 308 2 1121 0 1049 308 258 1 1464 0
2 2597 0 1 1157 2 2597 0
2 2597 0 1 1157 2 2597 0
1 2550 173 2 1065 0 759 173 718 1 1791 0
2 2421 644 2 718 0 2281 644 1154 2 140 0
2 2597 0 1 1154 2 2597 0
-1
14 37
0 2354 0 1 36 0 2354 0
2 2192 591 2 36 0 47 590 249 2 2145 1
0 2354 0 1 1055 0 2354 0
0 2354 0 1 1048 0 2354 0
2 2233 440 2 1048 0 0 440 532 2 2233 0
2 2145 763 2 532 0 1723 763 1007 2 422 0
0 2161 706 3 1007 0 20 592 482 0 1026 114 1196 0 1115 0
0 2354 0 1 1196 0 2354 0
0 2354 0 1 480 0 2354 0
1 2014 1243 3 480 0 42 696 398 0 216 547 141 1 1756 0
3 2178 641 2 141 0 1103 641 788 3 1075 0
0 2354 0 1 841 0 2354 0
0 2354 0 1 790 0 2354 0
0 2354 0 1 495 0 2354 0
1 2272 299 3 495 0 0 91 505 0 1872 208 974 1 400 0
0 2354 0 1 821 0 2354 0
0 2354 0 1 842 0 2354 0
0 2354 0 1 985 0 2354 0
0 2354 0 1 640 0 2354 0
3 2172 663 2 461 0 1628 663 247 3 544 0
0 2281 267 2 589 0 2024 267 1186 0 257 0
1 2196 577 2 1186 0 458 577 582 1 1738 0
0 2354 0 1 582 0 2354 0
2 2232 444 2 859 0 1863 444 423 2 369 0
1 2165 690 2 423 0 1361 690 431 1 804 0
1 2219 493 3 712 0 368 292 341 0 1809 201 322 1 42 0
2 2174 656 2 322 0 1383 656 274 2 791 0
0 2354 0 1 815 0 2354 0
0 2354 0 1 695 0 2354 0
3 2199 564 2 490 0 1714 564 609 3 485 0
0 2354 0 1 854 0 2354 0
0 2354 0 1 1086 0 2354 0
0 2354 0 1 613 0 2354 0
0 2354 0 1 1028 0 2354 0
0 2354 0 1 599 0 2354 0
0 2354 0 1 839 0 2354 0
0 2164 695 2 839 0 992 695 1051 0 1172 0
-1
15 26
2 2780 0 1 993 2 2780 0
2 2780 0 1 310 2 2780 0
2 2780 0 1 1012 2 2780 0
0 2510 991 2 1012 0 883 991 242 0 1627 0
2 2780 0 1 794 2 2780 0
2 2780 0 1 199 2 2780 0
1 2731 181 2 16 0 1389 181 1132 1 1342 0
1 2758 82 2 1132 0 0 82 200 1 2758 0
2 2745 128 2 650 0 240 128 1162 2 2505 0
2 2780 0 1 11 2 2780 0
2 2640 513 3 805 0 882 363 113 0 1350 150 188 2 408 0
2 2587 707 2 188 0 1967 707 33 2 620 0
2 2780 0 1 459 2 2780 0
2 2780 0 1 339 2 2780 0
1 2685 349 2 217 0 1546 349 166 1 1139 0
2 2780 0 1 166 2 2780 0
0 2771 35 1 245 0 2771 35
2 2780 0 1 980 2 2780 0
2 2568 776 2 757 0 2279 776 516 2 289 0
2 2780 0 1 260 2 2780 0
2 2780 0 1 503 2 2780 0
1 2596 675 2 360 0 2089 675 866 1 507 0
2 2780 0 1 1059 2 2780 0
2 2780 0 1 313 2 2780 0
0 2611 621 1 62 0 2611 621
2 2780 0 1 539 2 2780 0
-1
16 30
2 1044 0 1 75 2 1044 0
1 997 173 2 164 0 97 173 672 1 900 0
0 903 518 2 984 0 0 518 1037 0 903 0
1 976 250 2 1145 0 969 250 587 1 7 0
2 1044 0 1 972 2 1044 0
2 1044 0 1 602 2 1044 0
2 1044 0 1 1109 2 1044 0
2 1044 0 1 1144 2 1044 0
2 1044 0 1 239 2 1044 0
2 1044 0 1 960 2 1044 0
2 1044 0 1 660 2 1044 0
2 1044 0 1 534 2 1044 0
2 1044 0 1 72 2 1044 0
2 1044 0 1 458 2 1044 0
2 1044 0 1 1034 2 1044 0
2 801 890 2 887 0 735 889 876 2 66 1
0 903 518 1 269 0 903 518
2 1044 0 1 474 2 1044 0
2 1044 0 1 1000 2 1044 0
2 1044 0 1 167 2 1044 0
2 1044 0 1 19 2 1044 0
2 1044 0 1 54 2 1044 0
2 1044 0 1 127 2 1044 0
0 804 881 1 607 0 804 881
2 905 509 2 404 0 625 509 1023 2 280 0
2 1044 0 1 1038 2 1044 0
2 1044 0 1 116 2 1044 0
2 1044 0 1 930 2 1044 0
3 867 647 2 562 0 829 647 263 3 38 0
2 1044 0 1 1036 2 1044 0
-1
17 28
3 1477 0 1 601 3 1477 0
3 1477 0 1 601 3 1477 0
3 1254 816 2 601 0 228 816 689 3 1026 0
3 1477 0 1 689 3 1477 0
3 1477 0 1 18 3 1477 0
3 1336 516 2 18 0 134 516 68 3 1202 0
2 1358 436 2 68 0 641 436 1168 2 717 0
3 1477 0 1 1168 3 1477 0
2 1269 762 2 1168 0 503 762 1116 2 766 0
3 1477 0 1 1116 3 1477 0
3 1477 0 1 1181 3 1477 0
3 1477 0 1 466 3 1477 0
3 1477 0 1 730 3 1477 0
0 1374 380 2 93 0 1044 380 111 0 330 0
2 1240 868 2 358 0 381 868 31 2 859 0
3 1477 0 1 31 3 1477 0
3 1322 567 2 31 0 0 567 912 3 1322 0
3 1477 0 1 653 3 1477 0
3 1477 0 1 653 3 1477 0
3 1477 0 1 59 3 1477 0
3 1477 0 1 605 3 1477 0
3 1477 0 1 396 3 1477 0
3 1245 849 2 396 0 468 849 856 3 777 0
3 1477 0 1 751 3 1477 0
3 1477 0 1 530 3 1477 0
3 1477 0 1 916 3 1477 0
3 1477 0 1 191 3 1477 0
3 1477 0 1 597 3 1477 0
-1
18 38
1 2137 184 2 528 0 1656 184 232 1 481 0
2 2187 0 1 232 2 2187 0
1 2047 514 2 232 0 1955 514 847 1 92 0
2 2187 0 1 847 2 2187 0
2 2098 326 2 847 0 652 326 926 2 1446 0
2 2187 0 1 926 2 2187 0
1 2030 576 2 926 0 1547 576 92 1 483 0
2 2187 0 1 92 2 2187 0
2 2187 0 1 92 2 2187 0
2 2187 0 1 92 2 2187 0
2 1932 933 2 92 0 1346 933 1097 2 586 0
2 2187 0 1 1097 2 2187 0
2 2187 0 1 1097 2 2187 0
2 2187 0 1 1097 2 2187 0
0 1937 917 2 1097 0 1098 917 1188 0 839 0
2 2187 0 1 1188 2 2187 0
2 2187 0 1 1188 2 2187 0
2 2187 0 1 653 2 2187 0
2 2187 0 1 237 2 2187 0
2 2187 0 1 782 2 2187 0
1 1956 847 2 301 0 531 847 396 1 1425 0
2 2187 0 1 396 2 2187 0
2 2187 0 1 333 2 2187 0
2 2187 0 1 333 2 2187 0
2 2144 158 2 774 0 391 158 1130 2 1753 0
2 2187 0 1 293 2 2187 0
2 2187 0 1 124 2 2187 0
2 2187 0 1 597 2 2187 0
2 2187 0 1 1079 2 2187 0
2 2187 0 1 376 2 2187 0
0 1967 808 2 376 0 1881 808 810 0 86 0
2 2187 0 1 810 2 2187 0
0 2162 94 1 810 0 2162 94
2 2078 399 2 810 0 0 399 1149 2 2078 0
2 2187 0 1 1149 2 2187 0
2 2187 0 1 1149 2 2187 0
1 1982 752 2 1149 0 310 752 521 1 1672 0
2 2120 245 2 521 0 532 245 639 2 1588 0
-1
19 29
2 2338 643 2 363 0 1693 643 135 2 645 0
1 2514 0 1 367 1 2514 0
1 2514 0 1 1139 1 2514 0
1 2514 0 1 536 1 2514 0
1 2514 0 1 849 1 2514 0
1 2514 0 1 1090 1 2514 0
0 2406 397 2 1025 0 0 397 852 0 2406 0
1 2514 0 1 296 1 2514 0
0 2461 195 2 680 0 371 195 379 0 2090 0
1 2462 191 2 1073 0 1445 191 581 1 1017 0
1 2438 279 2 581 0 0 279 722 1 2438 0
1 2514 0 1 1017 1 2514 0
1 2514 0 1 1019 1 2514 0
0 2416 360 2 91 0 2017 360 1174 0 399 0
1 2514 0 1 1011 1 2514 0
0 2353 591 2 162 0 2216 591 142 0 137 0
1 2514 0 1 331 1 2514 0
1 2337 648 3 344 0 537 448 78 0 1800 200 129 1 0 0
1 2514 0 1 1026 1 2514 0
0 2511 12 1 961 0 2511 12
1 2514 0 1 289 1 2514 0
3 2466 174 2 865 0 1566 174 603 3 900 0
1 2514 0 1 1003 1 2514 0
1 2514 0 1 553 1 2514 0
1 2460 198 2 629 0 419 198 959 1 2041 0
2 2382 482 2 646 0 1929 482 413 2 453 0
1 2454 220 2 512 0 880 220 1056 1 1574 0
0 2332 668 2 1078 0 931 667 67 0 1401 1
1 2514 0 1 968 1 2514 0
-1
20 36
1 1070 0 1 622 1 1070 0
1 1070 0 1 622 1 1070 0
1 1070 0 1 622 1 1070 0
0 1008 228 2 622 0 0 228 57 0 1008 0
1 1070 0 1 57 1 1070 0
1 1070 0 1 57 1 1070 0
0 950 440 2 57 0 810 440 158 0 140 0
1 1070 0 1 158 1 1070 0
1 1070 0 1 158 1 1070 0
1 1070 0 1 158 1 1070 0
1 1070 0 1 158 1 1070 0
1 1070 0 1 158 1 1070 0
1 1070 0 1 158 1 1070 0
1 1070 0 1 158 1 1070 0
3 727 1253 3 158 0 76 857 954 0 147 396 573 3 504 0
1 1070 0 1 573 1 1070 0
1 1070 0 1 573 1 1070 0
1 1070 0 1 573 1 1070 0
0 960 403 2 79 0 242 403 1160 0 718 0
1 1070 0 1 260 1 1070 0
1 1070 0 1 1105 1 1070 0
1 1070 0 1 866 1 1070 0
1 1070 0 1 1059 1 1070 0
1 1070 0 1 313 1 1070 0
2 1039 112 2 62 0 0 112 13 2 1039 0
1 1070 0 1 670 1 1070 0
1 1070 0 1 1134 1 1070 0
1 1070 0 1 1134 1 1070 0
1 1070 0 1 1049 1 1070 0
1 1070 0 1 1049 1 1070 0
1 1070 0 1 758 1 1070 0
1 1070 0 1 758 1 1070 0
1 1031 142 2 604 0 269 142 578 1 762 0
1 1070 0 1 831 1 1070 0
1 1070 0 1 831 1 1070 0
1 1070 0 1 831 1 1070 0
-1
21 28
0 1322 0 1 377 0 1322 0
1 1087 859 2 377 0 679 859 590 1 408 0
0 1322 0 1 798 0 1322 0
0 1322 0 1 816 0 1322 0
0 1322 0 1 1094 0 1322 0
0 1322 0 1 467 0 1322 0
1 1157 603 2 467 0 544 603 1082 1 613 0
0 1322 0 1 1082 0 1322 0
0 1322 0 1 186 0 1322 0
0 1322 0 1 186 0 1322 0
0 1322 0 1 362 0 1322 0
0 1322 0 1 466 0 1322 0
3 1066 934 2 998 0 8 934 693 3 1058 0
0 1322 0 1 358 0 1322 0
0 1322 0 1 358 0 1322 0
1 1256 240 2 508 0 0 240 284 1 1256 0
0 1322 0 1 48 0 1322 0
0 1268 197 2 584 0 406 197 883 0 862 0
0 1322 0 1 1000 0 1322 0
1 1120 738 2 1106 0 878 738 59 1 242 0
0 1322 0 1 605 0 1322 0
0 1322 0 1 856 0 1322 0
0 1322 0 1 856 0 1322 0
0 1322 0 1 29 0 1322 0
0 1322 0 1 530 0 1322 0
0 1322 0 1 916 0 1322 0
0 1322 0 1 191 0 1322 0
0 1322 0 1 930 0 1322 0
-1
22 31
2 986 0 1 610 2 986 0
2 986 0 1 610 2 986 0
2 986 0 1 610 2 986 0
2 800 680 2 610 0 366 680 753 2 434 0
2 986 0 1 753 2 986 0
1 867 436 2 753 0 640 436 235 1 227 0
2 986 0 1 235 2 986 0
2 986 0 1 235 2 986 0
2 986 0 1 235 2 986 0
0 972 53 1 235 0 972 53
2 986 0 1 1181 2 986 0
2 986 0 1 579 2 986 0
2 986 0 1 579 2 986 0
2 986 0 1 93 2 986 0
2 986 0 1 1115 2 986 0
2 986 0 1 1115 2 986 0
0 889 357 1 31 0 889 357
2 947 142 2 766 0 348 142 1188 2 599 0
2 986 0 1 1112 2 986 0
0 849 503 2 237 0 374 503 1106 0 475 0
2 986 0 1 301 2 986 0
2 986 0 1 498 2 986 0
2 986 0 1 856 2 986 0
2 986 0 1 34 2 986 0
2 986 0 1 333 2 986 0
2 986 0 1 1130 2 986 0
2 986 0 1 293 2 986 0
2 986 0 1 280 2 986 0
2 986 0 1 1079 2 986 0
2 986 0 1 376 2 986 0
2 986 0 1 376 2 986 0
-1
23 27
1 2077 0 1 601 1 2077 0
1 2077 0 1 601 1 2077 0
1 2077 0 1 689 1 2077 0
0 1909 616 2 689 0 957 616 18 0 952 0
1 2077 0 1 18 1 2077 0
1 2077 0 1 68 1 2077 0
1 2077 0 1 1168 1 2077 0
1 2077 0 1 1168 1 2077 0
1 2077 0 1 1116 1 2077 0
2 1921 569 2 1116 0 795 569 1181 2 1126 0
2 1894 668 2 1181 0 1710 668 466 2 184 0
1 2077 0 1 466 1 2077 0
1 2013 234 2 730 0 626 234 93 1 1387 0
2 2034 156 2 111 0 1074 156 358 2 960 0
1 2077 0 1 31 1 2077 0
1 2077 0 1 31 1 2077 0
0 1823 930 3 912 0 628 217 48 0 1015 713 566 0 180 0
1 2077 0 1 653 1 2077 0
2 1833 892 2 653 0 801 892 237 2 1032 0
1 1995 300 2 59 0 977 300 782 1 1018 0
0 1918 583 2 605 0 1230 583 301 0 688 0
1 2077 0 1 396 1 2077 0
1 1655 1544 3 856 0 55 966 488 0 882 578 751 1 718 0
2 1958 434 2 751 0 1707 434 333 2 251 0
3 1892 675 2 530 0 864 675 774 3 1028 0
0 1892 678 2 916 0 1664 678 293 0 228 0
3 1813 964 2 191 0 751 964 124 3 1062 0
-1
24 33
0 2251 0 1 136 0 2251 0
2 2104 536 2 687 0 440 536 1173 2 1664 0
1 2080 625 2 265 0 1485 625 243 1 595 0
1 2188 230 2 243 0 0 230 5 1 2188 0
0 2251 0 1 1035 0 2251 0
2 2144 390 2 911 0 81 390 739 2 2063 0
0 2251 0 1 811 0 2251 0
2 2153 357 2 14 0 493 357 983 2 1660 0
0 2251 0 1 962 0 2251 0
0 2101 549 2 52 0 1576 549 366 0 525 0
0 2115 498 3 483 0 197 335 81 0 1467 163 184 0 451 0
0 2251 0 1 535 0 2251 0
3 2010 879 2 1153 0 1192 879 125 3 818 0
0 2251 0 1 1064 0 2251 0
0 2054 721 2 922 0 1621 721 97 0 433 0
0 2251 0 1 97 0 2251 0
0 2251 0 1 216 0 2251 0
0 2167 308 2 764 0 108 307 963 0 2059 1
0 2251 0 1 647 0 2251 0
1 2093 577 2 825 0 1743 577 565 1 350 0
2 2132 433 2 61 0 967 433 382 2 1165 0
0 2251 0 1 932 0 2251 0
0 2251 0 1 429 0 2251 0
0 2051 732 2 9 0 1792 732 1014 0 259 0
2 1979 993 2 1014 0 1779 993 198 2 200 0
0 2125 461 2 330 0 1283 461 755 0 842 0
0 2251 0 1 405 0 2251 0
0 2251 0 1 101 0 2251 0
1 2183 248 2 345 0 746 248 742 1 1437 0
0 2251 0 1 95 0 2251 0
0 2251 0 1 178 0 2251 0
1 1996 932 3 178 0 239 821 469 0 999 111 314 1 758 0
0 2251 0 1 314 0 2251 0
-1
25 33
1 1538 0 1 622 1 1538 0
1 1538 0 1 622 1 1538 0
0 1368 623 1 622 0 1368 623
1 1538 0 1 387 1 1538 0
1 1538 0 1 387 1 1538 0
0 1440 359 1 387 0 1440 359
1 1499 143 2 387 0 0 143 159 1 1499 0
1 1538 0 1 159 1 1538 0
1 1538 0 1 159 1 1538 0
1 1538 0 1 159 1 1538 0
1 1538 0 1 159 1 1538 0
1 1277 955 2 159 0 939 955 954 1 338 0
1 1538 0 1 954 1 1538 0
1 1538 0 1 954 1 1538 0
1 1538 0 1 144 1 1538 0
1 1538 0 1 144 1 1538 0
1 1538 0 1 144 1 1538 0
2 1383 566 3 573 0 78 422 795 0 1296 144 516 2 9 0
1 1538 0 1 516 1 1538 0
1 1538 0 1 260 1 1538 0
1 1538 0 1 1105 1 1538 0
1 1538 0 1 866 1 1538 0
1 1538 0 1 1059 1 1538 0
1 1538 0 1 313 1 1538 0
1 1538 0 1 13 1 1538 0
1 1538 0 1 670 1 1538 0
1 1538 0 1 1134 1 1538 0
1 1538 0 1 1134 1 1538 0
1 1538 0 1 1049 1 1538 0
0 1405 488 2 1049 0 711 488 758 0 694 0
1 1538 0 1 758 1 1538 0
2 1393 529 2 758 0 386 529 604 2 1007 0
2 1495 156 2 578 0 641 156 175 2 854 0
-1
26 33
0 2129 0 1 136 0 2129 0
0 2129 0 1 687 0 2129 0
0 2129 0 1 265 0 2129 0
0 2129 0 1 243 0 2129 0
0 2018 406 2 5 0 381 406 254 0 1637 0
1 2012 427 2 1035 0 239 427 911 1 1773 0
0 2005 454 2 739 0 937 454 858 0 1068 0
0 2129 0 1 486 0 2129 0
0 2129 0 1 962 0 2129 0
3 1888 879 2 962 0 181 879 52 3 1707 0
0 1958 626 2 366 0 786 625 483 0 1172 1
3 2032 352 2 184 0 1633 352 535 3 399 0
2 1928 733 2 535 0 1205 733 941 2 723 0
0 2129 0 1 58 0 2129 0
0 2129 0 1 922 0 2129 0
0 2129 0 1 97 0 2129 0
0 1840 1057 2 97 0 31 963 45 0 1809 94
2 1948 660 2 216 0 950 660 764 2 998 0
0 2129 0 1 963 0 2129 0
1 1965 599 2 647 0 171 599 825 1 1794 0
2 2061 247 2 565 0 788 247 61 2 1273 0
0 2129 0 1 932 0 2129 0
0 1860 984 3 932 0 35 844 741 0 1260 140 429 0 565 0
0 2129 0 1 429 0 2129 0
0 2129 0 1 1014 0 2129 0
0 2129 0 1 504 0 2129 0
0 2129 0 1 572 0 2129 0
3 1973 568 2 405 0 0 568 101 3 1973 0
0 2025 380 1 101 0 2025 380
0 2129 0 1 742 0 2129 0
0 1952 648 2 95 0 833 647 860 0 1119 1
0 2129 0 1 178 0 2129 0
0 2129 0 1 314 0 2129 0
-1
27 25
3 1434 0 1 32 3 1434 0
3 1434 0 1 32 3 1434 0
3 1434 0 1 283 3 1434 0
3 1434 0 1 283 3 1434 0
0 1308 464 2 202 0 531 464 440 0 777 0
1 1405 108 2 633 0 377 108 938 1 1028 0
0 1414 76 1 408 0 1414 76
1 1308 463 2 208 0 872 463 352 1 436 0
3 1434 0 1 352 3 1434 0
2 1373 224 2 180 0 268 224 982 2 1105 0
2 1339 348 2 446 0 922 348 772 2 417 0
3 1434 0 1 998 3 1434 0
3 1434 0 1 1107 3 1434 0
3 1434 0 1 311 3 1434 0
3 1434 0 1 978 3 1434 0
3 1434 0 1 179 3 1434 0
2 1342 337 2 473 0 129 337 48 2 1213 0
2 1246 689 2 246 0 990 689 344 2 256 0
3 1434 0 1 79 3 1434 0
3 1434 0 1 799 3 1434 0
3 1434 0 1 966 3 1434 0
3 1434 0 1 452 3 1434 0
3 1434 0 1 1199 3 1434 0
2 1170 967 2 429 0 597 967 679 2 573 0
3 1434 0 1 198 3 1434 0
-1
28 34
1 1435 0 1 781 1 1435 0
1 1435 0 1 329 1 1435 0
1 1435 0 1 329 1 1435 0
0 1286 546 2 329 0 750 546 657 0 536 0
1 1395 147 2 657 0 192 147 844 1 1203 0
1 1435 0 1 844 1 1435 0
1 1435 0 1 844 1 1435 0
2 1313 446 2 844 0 0 446 14 2 1313 0
1 1435 0 1 189 1 1435 0
0 1347 323 2 189 0 281 323 366 0 1066 0
1 1435 0 1 1153 1 1435 0
1 1435 0 1 1153 1 1435 0
1 1435 0 1 1153 1 1435 0
3 1266 617 2 58 0 187 617 1064 3 1079 0
1 1435 0 1 974 1 1435 0
1 1435 0 1 821 1 1435 0
0 1406 107 2 45 0 0 107 209 0 1406 0
1 1435 0 1 907 1 1435 0
2 1371 233 2 907 0 66 233 963 2 1305 0
1 1435 0 1 819 1 1435 0
1 1352 304 2 819 0 705 304 732 1 647 0
0 1425 38 2 732 0 0 38 409 0 1425 0
1 1366 253 2 409 0 257 253 9 1 1109 0
1 1435 0 1 9 1 1435 0
1 1435 0 1 1014 1 1435 0
1 1435 0 1 330 1 1435 0
1 1435 0 1 815 1 1435 0
1 1435 0 1 815 1 1435 0
1 1435 0 1 742 1 1435 0
2 1220 786 2 742 0 392 786 218 2 828 0
1 1435 0 1 218 1 1435 0
1 1435 0 1 613 1 1435 0
1 1435 0 1 613 1 1435 0
0 1395 148 1 1081 0 1395 148
-1
29 34
3 889 703 2 136 0 292 703 687 3 597 0
1 1011 258 2 1173 0 656 258 265 1 355 0
3 1081 0 1 243 3 1081 0
3 1081 0 1 5 3 1081 0
3 1081 0 1 1035 3 1081 0
3 1081 0 1 739 3 1081 0
2 962 436 2 811 0 915 436 486 2 47 0
0 1019 230 2 983 0 408 230 962 0 611 0
3 1081 0 1 962 3 1081 0
3 1081 0 1 366 3 1081 0
3 1081 0 1 184 3 1081 0
3 1081 0 1 535 3 1081 0
3 1081 0 1 58 3 1081 0
3 1081 0 1 922 3 1081 0
3 1081 0 1 97 3 1081 0
3 1081 0 1 97 3 1081 0
3 1081 0 1 216 3 1081 0
3 1081 0 1 963 3 1081 0
3 1081 0 1 647 3 1081 0
3 1081 0 1 565 3 1081 0
2 1028 195 2 382 0 588 195 932 2 440 0
3 1081 0 1 932 3 1081 0
3 1081 0 1 429 3 1081 0
3 1081 0 1 1014 3 1081 0
3 1081 0 1 504 3 1081 0
0 1020 226 2 755 0 597 226 572 0 423 0
0 1017 237 1 405 0 1017 237
3 1081 0 1 101 3 1081 0
3 1081 0 1 742 3 1081 0
3 1081 0 1 95 3 1081 0
3 1081 0 1 178 3 1081 0
3 1081 0 1 314 3 1081 0
0 832 914 2 314 0 348 914 272 0 484 0
1 1031 185 2 546 0 712 185 436 1 319 0
-1
30 30
0 2634 284 2 297 0 1267 284 555 0 1367 0
2 2584 464 2 555 0 1520 464 773 2 1064 0
1 2615 352 2 65 0 2326 352 168 1 289 0
2 2711 0 1 105 2 2711 0
2 2711 0 1 105 2 2711 0
2 2711 0 1 56 2 2711 0
2 2666 164 2 349 0 976 164 501 2 1690 0
2 2711 0 1 501 2 2711 0
1 2477 857 2 501 0 730 857 180 1 1747 0
2 2711 0 1 226 2 2711 0
1 2485 828 2 226 0 2161 828 893 1 324 0
1 2575 498 2 893 0 1470 498 804 1 1105 0
2 2676 128 2 958 0 620 128 99 2 2056 0
2 2711 0 1 99 2 2711 0
2 2677 124 2 17 0 714 124 470 2 1963 0
2 2607 380 2 470 0 166 380 209 2 2441 0
2 2478 852 2 209 0 1935 852 840 2 543 0
2 2711 0 1 276 2 2711 0
2 2711 0 1 799 2 2711 0
2 2711 0 1 315 2 2711 0
0 2655 207 1 1067 0 2655 207
2 2528 669 2 452 0 1232 669 603 2 1296 0
1 2584 466 3 316 0 397 346 428 0 1071 119 335 1 1116 1
1 2597 418 2 553 0 0 418 1060 1 2597 0
2 2711 0 1 1030 2 2711 0
2 2711 0 1 572 2 2711 0
2 2711 0 1 405 2 2711 0
2 2711 0 1 968 2 2711 0
0 2473 873 2 968 0 1071 873 547 0 1402 0
2 2711 0 1 547 2 2711 0
-1
31 29
1 1295 0 1 75 1 1295 0
1 1295 0 1 672 1 1295 0
1 1295 0 1 1037 1 1295 0
1 1295 0 1 587 1 1295 0
1 1295 0 1 972 1 1295 0
1 1295 0 1 602 1 1295 0
1 1295 0 1 1109 1 1295 0
1 1295 0 1 1144 1 1295 0
1 1295 0 1 239 1 1295 0
2 1134 588 2 960 0 364 588 550 2 770 0
1 1176 435 2 660 0 866 435 204 1 310 0
1 1295 0 1 534 1 1295 0
1 1295 0 1 72 1 1295 0
1 1295 0 1 458 1 1295 0
0 1193 374 1 1034 0 1193 374
1 1295 0 1 876 1 1295 0
2 1281 50 2 269 0 0 50 1141 2 1281 0
1 1295 0 1 474 1 1295 0
1 1108 684 2 1000 0 781 684 835 1 327 0
1 1295 0 1 167 1 1295 0
1 1295 0 1 19 1 1295 0
1 1295 0 1 54 1 1295 0
1 1295 0 1 812 1 1295 0
0 1295 1 2 607 0 0 1 298 0 1295 0
1 1295 0 1 1023 1 1295 0
3 1092 741 2 1038 0 816 741 1175 3 276 0
0 1096 729 1 116 0 1096 729
1 1295 0 1 930 1 1295 0
1 1295 0 1 263 1 1295 0
-1
32 26
3 2500 484 2 993 0 221 484 310 3 2279 0
0 2448 677 1 310 0 2448 677
0 2633 0 1 1012 0 2633 0
0 2520 414 3 242 0 1073 300 193 0 1026 114 794 0 421 0
0 2491 520 2 794 0 124 520 199 0 2367 0
0 2364 984 2 199 0 2354 984 870 0 10 0
0 2633 0 1 1132 0 2633 0
0 2633 0 1 200 0 2633 0
2 2486 536 2 1162 0 2317 536 11 2 169 0
0 2459 637 2 11 0 1427 637 805 0 1032 0
0 2633 0 1 188 0 2633 0
2 2558 272 2 33 0 1826 272 459 2 732 0
1 2432 735 2 459 0 1737 734 970 1 695 1
1 2473 585 2 339 0 2223 584 217 1 250 1
0 2633 0 1 166 0 2633 0
0 2332 1102 3 166 0 93 889 721 0 1917 213 245 0 322 0
0 2370 962 3 245 0 0 459 506 0 1880 503 144 0 490 0
0 2633 0 1 757 0 2633 0
0 2633 0 1 450 0 2633 0
0 2567 242 3 747 0 1008 112 656 0 1170 130 309 0 389 0
0 2633 0 1 360 0 2633 0
2 2412 807 2 866 0 1652 807 1059 2 760 0
0 2633 0 1 894 0 2633 0
0 2633 0 1 62 0 2633 0
3 2551 297 2 13 0 93 297 80 3 2458 0
0 2625 29 1 539 0 2625 29
-1
33 36
3 2906 0 1 36 3 2906 0
3 2818 322 2 249 0 760 322 1055 3 2058 0
2 2715 700 2 1055 0 1885 700 1048 2 830 0
0 2844 230 1 1048 0 2844 230
3 2906 0 1 532 3 2906 0
3 2906 0 1 1007 3 2906 0
3 2906 0 1 1196 3 2906 0
2 2661 898 2 1196 0 1704 898 480 2 957 0
3 2906 0 1 480 3 2906 0
3 2906 0 1 141 3 2906 0
0 2793 417 2 788 0 2675 417 841 0 118 0
3 2906 0 1 841 3 2906 0
0 2678 837 3 790 0 949 367 287 0 1719 191 125 0 10 279
0 2776 479 1 495 0 2776 479
3 2906 0 1 974 3 2906 0
3 2906 0 1 821 3 2906 0
3 2727 655 2 842 0 2327 655 925 3 400 0
3 2791 421 2 985 0 976 421 640 3 1815 0
2 2733 634 2 640 0 1534 634 461 2 1199 0
3 2906 0 1 247 3 2906 0
3 2906 0 1 1186 3 2906 0
3 2906 0 1 582 3 2906 0
1 2585 1177 3 582 0 240 979 282 0 1782 198 859 1 563 0
3 2906 0 1 423 3 2906 0
1 2767 511 2 431 0 2077 511 712 1 690 0
3 2906 0 1 322 3 2906 0
3 2906 0 1 274 3 2906 0
1 2676 844 2 815 0 881 844 695 1 1795 0
2 2705 737 2 695 0 2483 737 490 2 222 0
3 2906 0 1 609 3 2906 0
2 2793 415 2 854 0 61 415 448 2 2732 0
3 2906 0 1 1086 3 2906 0
3 2633 999 3 613 0 41 862 735 0 1233 137 1028 3 1359 0
2 2672 857 2 1028 0 2428 857 599 2 244 0
3 2906 0 1 599 3 2906 0
3 2906 0 1 839 3 2906 0
-1
34 28
2 1966 201 2 447 0 837 201 631 2 1129 0
1 2021 0 1 984 1 2021 0
1 2021 0 1 1037 1 2021 0
0 1930 334 2 438 0 1617 334 972 0 313 0
0 1915 389 1 972 0 1915 389
3 1840 661 2 602 0 617 661 1109 3 1223 0
0 1904 430 2 493 0 1509 429 481 0 395 1
1 2021 0 1 1144 1 2021 0
1 2021 0 1 26 1 2021 0
0 1962 217 2 433 0 1893 217 660 0 69 0
1 1903 432 2 15 0 1536 432 534 1 367 0
0 1799 814 2 534 0 330 814 72 0 1469 0
0 1848 634 2 579 0 152 634 458 0 1696 0
1 2021 0 1 817 1 2021 0
1 2021 0 1 887 1 2021 0
1 2021 0 1 269 1 2021 0
0 1891 477 2 676 0 224 477 474 0 1667 0
1 2021 0 1 1112 1 2021 0
0 1876 532 2 835 0 391 532 167 0 1485 0
1 2021 0 1 1146 1 2021 0
0 1776 898 2 19 0 1765 898 556 0 11 0
2 1791 841 2 549 0 895 841 127 2 896 0
3 1941 291 2 163 0 267 291 607 3 1674 0
1 2021 0 1 404 1 2021 0
1 2021 0 1 1038 1 2021 0
1 2021 0 1 116 1 2021 0
1 2021 0 1 995 1 2021 0
1 2021 0 1 562 1 2021 0
-1
35 30
3 1931 0 1 75 3 1931 0
2 1884 173 2 631 0 426 173 164 2 1458 0
0 1899 120 1 984 0 1899 120
0 1719 779 2 1037 0 438 779 1145 0 1281 0
3 1931 0 1 972 3 1931 0
0 1736 717 3 972 0 0 595 415 0 1098 122 602 0 638 0
3 1931 0 1 1109 3 1931 0
0 1899 120 2 481 0 694 120 1144 0 1205 0
0 1662 988 2 1144 0 971 988 239 0 691 0
2 1815 426 2 26 0 1314 426 960 2 501 0
3 1931 0 1 660 3 1931 0
3 1931 0 1 534 3 1931 0
3 1931 0 1 72 3 1931 0
3 1931 0 1 458 3 1931 0
2 1776 568 2 817 0 1341 568 1034 2 435 0
3 1931 0 1 887 3 1931 0
3 1931 0 1 269 3 1931 0
3 1931 0 1 474 3 1931 0
3 1931 0 1 1112 3 1931 0
3 1931 0 1 167 3 1931 0
0 1797 493 2 1146 0 1104 493 19 0 693 0
0 1767 603 2 556 0 1094 603 54 0 673 0
3 1931 0 1 127 3 1931 0
3 1931 0 1 607 3 1931 0
3 1931 0 1 404 3 1931 0
3 1931 0 1 1038 3 1931 0
3 1931 0 1 116 3 1931 0
2 1738 707 2 995 0 1355 707 280 2 383 0
3 1931 0 1 562 3 1931 0
0 1743 691 2 263 0 560 691 1104 0 1183 0
-1
36 24
2 2828 276 2 617 0 2484 276 32 2 344 0
0 2904 0 1 32 0 2904 0
1 2795 398 3 1052 0 93 117 703 0 2529 281 283 1 173 0
0 2904 0 1 283 0 2904 0
0 2904 0 1 202 0 2904 0
1 2799 383 2 1125 0 2205 383 633 1 594 0
0 2904 0 1 408 0 2904 0
1 2659 895 3 456 0 255 230 1082 0 1184 665 208 1 1220 0
0 2904 0 1 352 0 2904 0
0 2904 0 1 960 0 2904 0
1 2780 453 2 982 0 562 452 446 1 2218 1
1 2876 101 2 1066 0 230 101 998 1 2646 0
0 2729 640 2 181 0 774 640 1107 0 1955 0
1 2703 734 2 1107 0 1266 734 311 1 1437 0
1 2781 449 2 1013 0 2362 449 978 1 419 0
1 2825 288 2 284 0 1335 288 179 1 1490 0
0 2904 0 1 473 0 2904 0
0 2875 106 2 840 0 409 106 246 0 2466 0
2 2576 1198 3 276 0 797 390 129 0 649 808 1000 2 1130 0
0 2904 0 1 799 0 2904 0
0 2672 849 2 108 0 116 849 966 0 2556 0
1 2643 954 4 560 0 189 606 1067 0 0 88 332 0 2340 260 452 1 114 0
0 2666 871 2 127 0 527 871 1199 0 2139 0
1 2787 427 2 940 0 2366 427 429 1 421 0
-1
37 28
2 1674 150 2 543 0 1350 150 778 2 324 0
1 1665 184 2 778 0 1330 184 587 1 335 0
2 1715 0 1 587 2 1715 0
2 1715 0 1 587 2 1715 0
1 1668 173 2 1057 0 1557 173 1125 1 111 0
2 1715 0 1 1193 2 1715 0
2 1715 0 1 1193 2 1715 0
0 1678 137 1 1193 0 1678 137
3 1597 431 2 1193 0 0 431 348 3 1597 0
1 1660 202 2 348 0 218 202 550 1 1442 0
2 1686 106 2 204 0 423 106 903 2 1263 0
0 1643 266 2 903 0 1129 266 559 0 514 0
1 1684 114 2 559 0 512 114 125 1 1172 0
2 1715 0 1 1064 2 1715 0
2 1715 0 1 328 2 1715 0
1 1528 685 2 876 0 90 685 1141 1 1438 0
2 1715 0 1 676 2 1715 0
2 1715 0 1 474 2 1715 0
2 1715 0 1 835 2 1715 0
2 1539 644 2 361 0 626 644 1146 2 913 0
2 1715 0 1 127 2 1715 0
2 1715 0 1 127 2 1715 0
2 1715 0 1 679 2 1715 0
0 1585 478 1 679 0 1585 478
2 1715 0 1 431 2 1715 0
2 1715 0 1 1175 2 1715 0
2 1715 0 1 743 2 1715 0
2 1646 252 2 411 0 119 252 100 2 1527 0
-1
38 34
0 1655 0 1 136 0 1655 0
0 1655 0 1 687 0 1655 0
0 1655 0 1 265 0 1655 0
0 1555 366 1 243 0 1555 366
0 1566 326 2 254 0 1297 326 1035 0 269 0
0 1655 0 1 911 0 1655 0
1 1597 212 2 858 0 840 212 811 1 757 0
2 1583 262 2 486 0 180 262 14 2 1403 0
0 1655 0 1 962 0 1655 0
0 1655 0 1 52 0 1655 0
0 1655 0 1 483 0 1655 0
0 1655 0 1 535 0 1655 0
0 1621 125 2 941 0 400 125 1153 0 1221 0
0 1655 0 1 1064 0 1655 0
0 1655 0 1 922 0 1655 0
0 1655 0 1 97 0 1655 0
0 1655 0 1 216 0 1655 0
0 1655 0 1 764 0 1655 0
2 1450 748 2 963 0 162 748 647 2 1288 0
0 1655 0 1 825 0 1655 0
0 1655 0 1 61 0 1655 0
0 1655 0 1 932 0 1655 0
0 1655 0 1 429 0 1655 0
0 1655 0 1 9 0 1655 0
0 1655 0 1 1014 0 1655 0
1 1536 435 2 504 0 702 435 330 1 834 0
1 1488 610 2 572 0 225 610 405 1 1263 0
0 1655 0 1 101 0 1655 0
0 1486 619 2 101 0 0 619 345 0 1486 0
0 1655 0 1 95 0 1655 0
2 1574 295 2 860 0 1545 295 178 2 29 0
0 1655 0 1 178 0 1655 0
0 1655 0 1 314 0 1655 0
2 1602 192 2 272 0 1244 192 546 2 358 0
-1
39 30
0 930 0 1 610 0 930 0
0 930 0 1 610 0 930 0
0 930 0 1 610 0 930 0
0 930 0 1 753 0 930 0
0 930 0 1 753 0 930 0
0 930 0 1 235 0 930 0
0 930 0 1 235 0 930 0
0 930 0 1 235 0 930 0
0 930 0 1 235 0 930 0
1 705 823 2 235 0 0 823 1181 1 705 0
0 930 0 1 579 0 930 0
0 930 0 1 579 0 930 0
0 930 0 1 579 0 930 0
0 930 0 1 1115 0 930 0
0 930 0 1 1115 0 930 0
0 930 0 1 31 0 930 0
0 930 0 1 766 0 930 0
0 930 0 1 1112 0 930 0
0 930 0 1 237 0 930 0
0 825 385 2 782 0 257 385 301 0 568 0
0 930 0 1 19 0 930 0
0 930 0 1 856 0 930 0
0 930 0 1 34 0 930 0
2 737 705 3 29 0 367 342 1068 0 291 363 333 2 79 0
0 930 0 1 1130 0 930 0
0 930 0 1 293 0 930 0
2 825 383 2 124 0 193 383 995 2 632 0
0 814 425 2 597 0 156 425 1079 0 658 0
1 798 482 2 1079 0 503 482 376 1 295 0
0 930 0 1 376 0 930 0
-1
40 28
0 2865 0 1 377 0 2865 0
0 2865 0 1 377 0 2865 0
1 2794 259 2 590 0 1922 259 798 1 872 0
0 2790 274 2 798 0 271 274 816 0 2519 0
3 2747 429 2 816 0 20 429 1094 3 2727 0
2 2681 671 2 1094 0 1987 671 467 2 694 0
0 2865 0 1 467 0 2865 0
0 2865 0 1 1082 0 2865 0
0 2865 0 1 186 0 2865 0
0 2865 0 1 186 0 2865 0
1 2595 987 2 186 0 509 987 362 1 2086 0
2 2701 598 2 362 0 1973 598 466 2 728 0
2 2679 679 2 466 0 306 678 998 2 2373 1
2 2777 320 2 693 0 1819 320 358 2 958 0
0 2865 0 1 358 0 2865 0
0 2772 340 1 508 0 2772 340
0 2865 0 1 48 0 2865 0
1 2649 789 2 1188 0 1283 789 584 1 1366 0
1 2653 775 2 1112 0 779 775 1000 1 1874 0
0 2865 0 1 1106 0 2865 0
1 2816 178 2 132 0 1602 178 605 1 1214 0
1 2764 369 2 498 0 2324 368 856 1 440 1
0 2865 0 1 856 0 2865 0
0 2765 366 2 34 0 1376 366 29 0 1389 0
2 2683 664 2 333 0 276 664 530 2 2407 0
0 2649 790 2 1130 0 1013 790 916 0 1636 0
2 2693 627 2 293 0 1308 627 191 2 1385 0
0 310 187 1 280 0 310 187
-1
