1 5
2 2663 1 1 9 2 2663 1
2 2663 1 1 9 2 2663 1
1 2519 821 2 7 0 2495 821 2 1 24 0
0 2594 397 2 3 0 308 396 10 0 2286 1
2 2663 1 1 5 2 2663 1
-1
2 3
1 1707 0 1 8 1 1707 0
1 1707 0 1 4 1 1707 0
0 1185 642 1 2 0 1185 642
-1
3 4
2 1039 374 2 6 0 101 373 8 2 938 1
0 873 1321 3 8 0 594 721 9 0 88 600 4 0 191 0
1 1105 1 1 2 1 1105 1
0 980 713 2 10 0 669 713 5 0 311 0
-1
4 5
2 3436 244 2 1 0 2196 244 7 2 1240 0
1 3479 1 1 7 1 3479 1
1 3479 1 1 2 1 3479 1
1 3479 1 1 10 1 3479 1
0 1436 851 1 5 0 1436 851
-1
5 5
2 3263 1 1 6 2 3263 1
2 3263 1 1 8 2 3263 1
1 3168 543 2 4 0 2979 542 7 1 189 1
2 3263 1 1 3 2 3263 1
2 3263 1 1 5 2 3263 1
-1
