1 21
1 1160 429 2 70 0 87 429 32 1 1073 0
2 1370 0 1 153 2 1370 0
2 1370 0 1 139 2 1370 0
2 1370 0 1 97 2 1370 0
2 1370 0 1 97 2 1370 0
0 1267 211 1 192 0 1267 211
2 1168 412 2 64 0 8 412 55 2 1160 0
0 1190 368 2 37 0 977 368 197 0 213 0
2 1370 0 1 197 2 1370 0
2 1370 0 1 132 2 1370 0
1 955 847 2 132 0 44 847 164 1 911 0
2 1370 0 1 45 2 1370 0
2 1370 0 1 5 2 1370 0
2 1291 161 2 51 0 597 161 169 2 694 0
2 986 783 2 169 0 22 783 124 2 964 0
2 1370 0 1 124 2 1370 0
2 1370 0 1 137 2 1370 0
3 1175 397 2 72 0 323 397 21 3 852 0
2 1370 0 1 112 2 1370 0
0 894 972 2 112 0 472 972 58 0 422 0
2 1370 0 1 58 2 1370 0
-1
2 18
2 3242 765 2 28 0 944 765 180 2 2298 0
2 3617 0 1 84 2 3617 0
2 3617 0 1 106 2 3617 0
2 3617 0 1 85 2 3617 0
2 3382 479 2 175 0 2481 479 49 2 901 0
2 3617 0 1 136 2 3617 0
2 3617 0 1 100 2 3617 0
1 3508 223 2 4 0 1217 223 82 1 2291 0
2 3617 0 1 68 2 3617 0
0 3496 248 1 27 0 3496 248
2 3093 1069 3 170 0 400 885 165 0 1656 184 186 2 1037 0
2 3617 0 1 6 2 3617 0
3 3475 289 2 34 0 0 289 88 3 3475 0
2 3617 0 1 95 2 3617 0
0 3147 960 2 91 0 1758 960 120 0 1389 0
0 3373 499 1 67 0 3373 499
2 3617 0 1 9 2 3617 0
0 3265 719 2 138 0 1404 719 21 0 1861 0
-1
3 20
1 1372 0 1 166 1 1372 0
3 1103 548 2 166 0 990 548 127 3 113 0
1 1372 0 1 92 1 1372 0
1 1372 0 1 183 1 1372 0
1 1372 0 1 183 1 1372 0
1 1372 0 1 15 1 1372 0
0 991 778 2 15 0 491 778 135 0 500 0
0 1199 354 2 135 0 117 354 176 0 1082 0
0 822 1123 2 176 0 759 490 109 0 63 633
1 1372 0 1 39 1 1372 0
1 978 804 2 39 0 725 804 52 1 253 0
1 1372 0 1 90 1 1372 0
1 1372 0 1 14 1 1372 0
1 1372 0 1 53 1 1372 0
1 1372 0 1 44 1 1372 0
1 1372 0 1 36 1 1372 0
2 1010 738 2 47 0 522 738 19 2 488 0
1 1372 0 1 78 1 1372 0
1 1372 0 1 87 1 1372 0
1 1372 0 1 141 1 1372 0
-1
4 21
1 3773 0 1 70 1 3773 0
1 3528 500 2 32 0 3426 500 153 1 102 0
0 3591 372 2 153 0 1873 372 139 0 1718 0
0 3444 672 2 139 0 2958 672 97 0 486 0
1 3773 0 1 97 1 3773 0
2 3319 926 2 97 0 1330 926 192 2 1989 0
1 3699 151 2 192 0 0 151 64 1 3699 0
0 3639 274 2 55 0 1304 274 37 0 2335 0
1 3773 0 1 197 1 3773 0
1 3427 706 2 197 0 995 706 132 1 2432 0
1 3773 0 1 132 1 3773 0
0 3666 219 2 164 0 1059 219 45 0 2607 0
2 3412 736 2 45 0 922 736 5 2 2490 0
0 3423 715 2 5 0 2571 715 51 0 852 0
1 3773 0 1 169 1 3773 0
1 3773 0 1 124 1 3773 0
1 3335 894 2 124 0 1934 894 137 1 1401 0
0 3514 529 2 137 0 264 529 72 0 3250 0
0 3323 919 2 21 0 193 919 112 0 3130 0
1 3773 0 1 112 1 3773 0
1 3773 0 1 58 1 3773 0
-1
5 18
1 1673 0 1 28 1 1673 0
2 1469 416 2 104 0 820 416 84 2 649 0
1 1531 290 2 125 0 574 290 106 1 957 0
3 1555 240 2 128 0 376 240 85 3 1179 0
1 1673 0 1 175 1 1673 0
1 1673 0 1 136 1 1673 0
1 1673 0 1 100 1 1673 0
1 1474 406 2 60 0 685 406 4 1 789 0
1 1673 0 1 68 1 1673 0
1 1673 0 1 27 1 1673 0
1 1673 0 1 170 1 1673 0
0 1240 884 2 186 0 866 884 6 0 374 0
1 1673 0 1 34 1 1673 0
1 1673 0 1 115 1 1673 0
1 1673 0 1 91 1 1673 0
1 1673 0 1 67 1 1673 0
1 1309 743 2 148 0 773 743 9 1 536 0
1 1673 0 1 138 1 1673 0
-1
6 19
0 3547 188 2 10 0 1692 188 28 0 1855 0
2 3358 572 2 180 0 2848 572 104 2 510 0
0 3587 106 1 84 0 3587 106
0 3639 0 1 106 0 3639 0
0 3639 0 1 85 0 3639 0
0 3639 0 1 49 0 3639 0
2 3285 721 2 136 0 250 721 185 2 3035 0
3 3156 984 2 100 0 2602 984 60 3 554 0
0 3639 0 1 82 0 3639 0
2 3236 821 2 68 0 872 821 74 2 2364 0
1 3478 328 2 27 0 0 328 170 1 3478 0
0 3639 0 1 186 0 3639 0
1 3159 979 2 6 0 2658 979 34 1 501 0
0 3242 810 1 88 0 3242 810
1 3548 185 2 117 0 753 185 91 1 2795 0
0 3639 0 1 120 0 3639 0
1 3501 281 2 67 0 0 281 148 1 3501 0
2 3411 464 2 9 0 20 464 138 2 3391 0
0 3639 0 1 21 0 3639 0
-1
7 13
1 2774 248 2 1 0 215 248 190 1 2559 0
2 2639 523 2 11 0 1041 523 144 2 1598 0
0 2896 0 1 50 0 2896 0
3 2500 806 2 46 0 804 806 77 3 1696 0
0 2896 0 1 154 0 2896 0
1 2554 697 2 22 0 2554 697 76 1 0 0
0 2896 0 1 54 0 2896 0
1 2530 746 2 200 0 1495 746 118 1 1035 0
1 2426 958 2 114 0 1764 958 152 1 662 0
0 2896 0 1 199 0 2896 0
0 2424 963 2 143 0 2355 963 173 0 69 0
3 2581 641 2 18 0 2083 641 6 3 498 0
2 2868 56 2 134 0 0 56 147 2 2868 0
-1
8 19
2 2567 0 1 166 2 2567 0
3 2452 234 2 127 0 1990 234 92 3 462 0
3 2404 332 2 92 0 1150 332 183 3 1254 0
2 2567 0 1 183 2 2567 0
2 2567 0 1 15 2 2567 0
2 2567 0 1 15 2 2567 0
2 2567 0 1 135 2 2567 0
2 2567 0 1 176 2 2567 0
2 2567 0 1 39 2 2567 0
2 2567 0 1 39 2 2567 0
2 2567 0 1 90 2 2567 0
2 2567 0 1 14 2 2567 0
1 2127 898 2 134 0 2127 898 53 1 0 0
1 2257 633 2 53 0 1157 633 44 1 1100 0
2 2315 514 2 44 0 1901 514 36 2 414 0
3 2256 634 2 36 0 2165 634 47 3 91 0
2 2192 765 2 149 0 859 765 78 2 1333 0
1 2329 486 2 78 0 1666 486 87 1 663 0
0 2292 562 2 158 0 755 562 141 0 1537 0
-1
9 14
1 2951 569 2 105 0 935 569 1 1 2016 0
1 3230 0 1 11 1 3230 0
1 3230 0 1 50 1 3230 0
1 3230 0 1 46 1 3230 0
1 3127 210 2 71 0 1234 210 154 1 1893 0
1 3230 0 1 22 1 3230 0
1 3230 0 1 54 1 3230 0
1 3230 0 1 200 1 3230 0
1 3230 0 1 114 1 3230 0
2 2908 656 2 152 0 1055 656 199 2 1853 0
0 3095 276 2 30 0 0 276 143 0 3095 0
1 3230 0 1 18 1 3230 0
0 2830 816 2 73 0 1118 405 34 0 1712 411
0 2840 796 2 115 0 2329 796 95 0 511 0
-1
10 17
2 2410 0 1 28 2 2410 0
2 2410 0 1 104 2 2410 0
2 2034 767 2 84 0 0 767 125 2 2034 0
3 1953 932 2 106 0 172 932 128 3 1781 0
1 1858 1127 3 85 0 218 962 172 0 1485 165 175 1 155 0
1 2100 633 2 49 0 1155 633 136 1 945 0
3 2178 473 2 185 0 1220 473 100 3 958 0
2 2410 0 1 60 2 2410 0
0 2043 750 2 82 0 819 750 68 0 1224 0
2 2164 502 2 74 0 2152 502 27 2 12 0
2 2410 0 1 170 2 2410 0
2 2410 0 1 186 2 2410 0
2 2410 0 1 34 2 2410 0
1 2351 121 2 88 0 0 121 115 1 2351 0
2 2410 0 1 91 2 2410 0
1 2128 576 2 120 0 156 576 67 1 1972 0
2 2410 0 1 148 2 2410 0
-1
11 20
2 3068 196 2 96 0 1764 196 69 2 1304 0
3 3075 181 2 69 0 323 181 131 3 2752 0
1 2902 535 2 131 0 2060 535 2 1 842 0
2 3164 0 1 2 2 3164 0
2 2857 626 2 2 0 1625 626 184 2 1232 0
3 3006 322 2 184 0 1664 322 109 3 1342 0
2 3164 0 1 109 2 3164 0
2 3164 0 1 109 2 3164 0
1 3053 227 2 109 0 0 227 101 1 3053 0
2 3164 0 1 101 2 3164 0
2 2740 865 2 101 0 1565 865 90 2 1175 0
2 3164 0 1 173 2 3164 0
2 3164 0 1 134 2 3164 0
2 3164 0 1 53 2 3164 0
0 3014 307 2 110 0 2763 307 44 0 251 0
2 3091 149 2 102 0 1341 149 36 2 1750 0
2 3085 161 2 19 0 959 161 160 2 2126 0
2 3164 0 1 160 2 3164 0
0 2564 1225 3 160 0 610 656 87 0 395 569 141 0 1559 0
2 3164 0 1 141 2 3164 0
-1
12 20
1 1722 0 1 75 1 1722 0
1 1556 339 2 75 0 1328 339 103 1 228 0
1 1722 0 1 103 1 1722 0
1 1722 0 1 103 1 1722 0
2 1445 565 2 103 0 799 565 56 2 646 0
1 1722 0 1 56 1 1722 0
3 1653 140 2 133 0 1260 140 26 3 393 0
1 1722 0 1 26 1 1722 0
0 1496 462 1 26 0 1496 462
1 1722 0 1 30 1 1722 0
1 1722 0 1 30 1 1722 0
2 1420 616 2 90 0 425 616 173 2 995 0
1 1722 0 1 45 1 1722 0
1 1722 0 1 147 1 1722 0
1 1722 0 1 174 1 1722 0
1 1722 0 1 47 1 1722 0
1 1722 0 1 149 1 1722 0
1 1722 0 1 137 1 1722 0
1 1722 0 1 21 1 1722 0
1 1722 0 1 23 1 1722 0
-1
13 15
2 1657 0 1 105 2 1657 0
2 1657 0 1 190 2 1657 0
0 1541 238 1 144 0 1541 238
0 1268 795 2 50 0 576 795 46 0 692 0
2 1657 0 1 77 2 1657 0
2 1657 0 1 154 2 1657 0
2 1615 86 2 22 0 0 86 76 2 1615 0
2 1657 0 1 54 2 1657 0
1 1575 168 2 118 0 476 168 114 1 1099 0
2 1657 0 1 152 2 1657 0
2 1657 0 1 199 2 1657 0
2 1657 0 1 173 2 1657 0
2 1657 0 1 6 2 1657 0
2 1657 0 1 88 2 1657 0
3 1405 514 2 95 0 496 514 117 3 909 0
-1
14 19
3 4300 0 1 80 3 4300 0
0 3925 767 3 80 0 53 484 126 0 2547 283 196 0 1325 0
3 4300 0 1 196 3 4300 0
2 3819 982 2 196 0 3210 982 103 2 609 0
0 3821 979 2 183 0 2239 979 38 0 1582 0
0 3924 769 3 38 0 767 261 56 0 2201 508 25 0 956 0
1 4085 440 2 25 0 3004 440 26 1 1081 0
3 4300 0 1 26 3 4300 0
1 3853 913 3 26 0 0 538 178 0 3375 375 52 1 478 0
3 4300 0 1 52 3 4300 0
2 3984 645 2 52 0 769 645 143 2 3215 0
3 4300 0 1 14 3 4300 0
0 3823 975 2 14 0 530 975 134 0 3293 0
3 4227 149 2 89 0 1341 149 174 3 2886 0
1 3972 670 2 174 0 1418 670 169 1 2554 0
3 4300 0 1 47 3 4300 0
3 4300 0 1 149 3 4300 0
2 4217 170 2 150 0 1530 170 87 2 2687 0
3 4300 0 1 158 3 4300 0
-1
15 14
1 2526 0 1 105 1 2526 0
1 2200 665 2 190 0 1766 665 11 1 434 0
2 2367 324 3 144 0 0 111 193 0 1917 213 50 2 450 0
1 2526 0 1 46 1 2526 0
1 2256 551 2 77 0 1601 551 71 1 655 0
3 2127 813 2 154 0 868 813 22 3 1259 0
1 2330 400 2 76 0 1982 400 54 1 348 0
1 2078 914 2 54 0 91 914 200 1 1987 0
1 2526 0 1 114 1 2526 0
1 2526 0 1 152 1 2526 0
0 2015 1043 2 199 0 1168 842 30 0 847 201
0 2115 839 2 173 0 1660 839 18 0 455 0
1 2526 0 1 73 1 2526 0
1 2200 665 2 147 0 1392 665 115 1 808 0
-1
