1 65
1 2341 5 1 662 1 2341 5
1 2341 5 1 271 1 2341 5
1 2341 5 1 744 1 2341 5
0 2309 556 2 345 0 0 550 873 0 2309 6
1 2341 5 1 721 1 2341 5
1 2341 5 1 603 1 2341 5
1 2341 5 1 1028 1 2341 5
1 2341 5 1 1097 1 2341 5
1 2341 5 1 466 1 2341 5
1 2341 5 1 1033 1 2341 5
1 2333 141 2 1101 0 0 137 227 1 2333 4
1 2264 1314 2 227 0 399 1314 109 1 1865 0
1 2265 1297 2 109 0 669 1296 720 1 1596 1
1 2341 5 1 1137 1 2341 5
0 2255 1474 2 1137 0 1486 1469 49 0 769 5
1 2341 5 1 61 1 2341 5
1 2341 5 1 756 1 2341 5
1 2341 5 1 287 1 2341 5
1 2341 5 1 591 1 2341 5
1 2341 5 1 1138 1 2341 5
1 2341 5 1 759 1 2341 5
1 2292 838 2 719 0 1948 834 614 1 344 4
2 2273 1155 2 614 0 939 1153 114 2 1334 2
1 2341 5 1 418 1 2341 5
1 2341 5 1 415 1 2341 5
1 2341 5 1 1009 1 2341 5
1 2341 5 1 612 1 2341 5
2 2284 968 2 246 0 1693 966 1113 2 591 2
1 2341 5 1 573 1 2341 5
1 2341 5 1 555 1 2341 5
1 2341 5 1 220 1 2341 5
1 2341 5 1 270 1 2341 5
1 2278 1076 2 1037 0 995 1075 579 1 1283 1
1 2341 5 1 43 1 2341 5
1 2341 5 1 1019 1 2341 5
1 2341 5 1 800 1 2341 5
0 2312 505 2 281 0 293 501 1122 0 2019 4
1 2341 5 1 1071 1 2341 5
2 2278 1070 2 934 0 580 1069 734 2 1698 1
1 2317 413 2 734 0 0 409 332 1 2317 4
1 2341 5 1 41 1 2341 5
1 2291 855 2 1036 0 1551 852 898 1 740 3
1 2341 5 1 929 1 2341 5
1 2341 5 1 361 1 2341 5
1 2341 5 1 36 1 2341 5
1 2341 5 1 692 1 2341 5
1 2341 5 1 286 1 2341 5
1 2341 5 1 195 1 2341 5
1 2341 5 1 773 1 2341 5
1 2285 957 2 344 0 2108 954 1181 1 177 3
1 2341 5 1 311 1 2341 5
1 2341 5 1 1048 1 2341 5
0 2312 505 2 732 0 1184 502 545 0 1128 3
0 2293 828 2 238 0 1714 826 28 0 579 2
1 2341 5 1 799 1 2341 5
1 2341 5 1 621 1 2341 5
0 2287 930 2 872 0 1283 924 353 0 1004 6
1 2341 5 1 1136 1 2341 5
1 2341 5 1 1126 1 2341 5
1 2291 855 2 714 0 572 854 226 1 1719 1
1 2341 5 1 823 1 2341 5
1 2341 5 1 64 1 2341 5
1 2256 1450 2 64 0 610 1450 175 1 1646 0
1 2264 1314 2 175 0 1050 1314 1013 1 1214 0
1 2341 5 1 1013 1 2341 5
-1
2 78
1 2116 3 1 63 1 2116 3
1 2116 3 1 1189 1 2116 3
2 2054 1051 2 1189 0 475 1050 772 2 1579 1
1 2116 3 1 897 1 2116 3
1 2116 3 1 797 1 2116 3
1 2116 3 1 761 1 2116 3
1 2116 3 1 1065 1 2116 3
0 2048 1165 2 1065 0 1983 1164 12 0 65 1
1 2116 3 1 12 1 2116 3
1 2116 3 1 740 1 2116 3
1 2116 3 1 122 1 2116 3
0 2034 1403 2 122 0 630 1403 695 0 1404 0
0 2057 1012 2 695 0 2056 1011 1064 0 1 1
1 2079 632 2 1064 0 21 628 979 1 2058 4
1 2116 3 1 979 1 2116 3
1 2116 3 1 206 1 2116 3
1 2116 3 1 78 1 2116 3
1 2116 3 1 616 1 2116 3
1 2051 1108 2 616 0 682 1105 1169 1 1369 3
1 2070 785 2 1169 0 38 780 1124 1 2032 5
2 2114 31 2 1124 0 0 31 1130 2 2114 0
1 2082 581 2 140 0 2049 576 483 1 33 5
1 2116 3 1 434 1 2116 3
1 2116 3 1 434 1 2116 3
1 2116 3 1 895 1 2116 3
1 2116 3 1 723 1 2116 3
2 2030 1459 2 723 0 113 1455 570 2 1917 4
1 2116 3 1 1043 1 2116 3
1 2116 3 1 1043 1 2116 3
1 2116 3 1 7 1 2116 3
1 2116 3 1 765 1 2116 3
1 2116 3 1 1160 1 2116 3
1 2116 3 1 542 1 2116 3
1 2116 3 1 861 1 2116 3
1 2116 3 1 455 1 2116 3
1 2116 3 1 776 1 2116 3
2 2054 1051 2 776 0 39 1050 343 2 2015 1
1 2057 1006 2 343 0 1407 1006 601 1 650 0
1 2116 3 1 601 1 2116 3
1 2116 3 1 130 1 2116 3
1 2116 3 1 72 1 2116 3
0 2053 1080 2 72 0 2001 1080 1011 0 52 0
1 2116 3 1 1011 1 2116 3
1 2116 3 1 170 1 2116 3
1 2116 3 1 170 1 2116 3
0 2070 791 2 1093 0 1703 786 894 0 367 5
1 2116 3 1 894 1 2116 3
1 2116 3 1 777 1 2116 3
1 2116 3 1 338 1 2116 3
1 2116 3 1 954 1 2116 3
1 2116 3 1 149 1 2116 3
1 2116 3 1 359 1 2116 3
1 2116 3 1 46 1 2116 3
1 2116 3 1 793 1 2116 3
1 2116 3 1 376 1 2116 3
1 2116 3 1 1091 1 2116 3
1 2116 3 1 943 1 2116 3
1 2116 3 1 810 1 2116 3
1 2116 3 1 711 1 2116 3
1 2116 3 1 750 1 2116 3
1 2116 3 1 181 1 2116 3
1 2116 3 1 181 1 2116 3
1 2116 3 1 640 1 2116 3
0 2113 60 1 16 0 2113 60
1 2116 3 1 1172 1 2116 3
1 2116 3 1 763 1 2116 3
1 2116 3 1 779 1 2116 3
1 2116 3 1 1004 1 2116 3
1 2116 3 1 959 1 2116 3
2 2052 1085 2 959 0 664 1084 667 2 1388 1
1 2116 3 1 540 1 2116 3
1 2116 3 1 154 1 2116 3
1 2116 3 1 282 1 2116 3
1 2116 3 1 350 1 2116 3
1 2116 3 1 1014 1 2116 3
1 2085 530 2 868 0 1538 525 1153 1 547 5
1 2116 3 1 1153 1 2116 3
1 2116 3 1 1153 1 2116 3
-1
3 67
0 1720 5 1 662 0 1720 5
0 1720 5 1 271 0 1720 5
0 1720 5 1 345 0 1720 5
0 1720 5 1 873 0 1720 5
0 1720 5 1 721 0 1720 5
0 1720 5 1 1028 0 1720 5
1 1638 1393 2 1028 0 80 1390 1097 1 1558 3
2 1690 503 2 962 0 1216 499 466 2 474 4
0 1720 5 1 466 0 1720 5
0 1720 5 1 1101 0 1720 5
0 1720 5 1 227 0 1720 5
0 1720 5 1 109 0 1720 5
0 1720 5 1 720 0 1720 5
0 1720 5 1 1137 0 1720 5
0 1720 5 1 49 0 1720 5
0 1720 5 1 61 0 1720 5
0 1720 5 1 743 0 1720 5
0 1720 5 1 287 0 1720 5
0 1720 5 1 591 0 1720 5
0 1720 5 1 384 0 1720 5
1 1672 815 2 759 0 0 812 719 1 1672 3
0 1720 5 1 614 0 1720 5
0 1720 5 1 418 0 1720 5
2 1640 1353 2 418 0 365 1349 415 2 1275 4
0 1720 5 1 1009 0 1720 5
0 1720 5 1 938 0 1720 5
0 1720 5 1 246 0 1720 5
0 1688 549 2 1113 0 815 548 573 0 873 1
0 1720 5 1 555 0 1720 5
0 1720 5 1 220 0 1720 5
0 1720 5 1 270 0 1720 5
0 1720 5 1 1037 0 1720 5
0 1720 5 1 579 0 1720 5
0 1720 5 1 283 0 1720 5
0 1720 5 1 499 0 1720 5
0 1673 804 2 800 0 1333 800 281 0 340 4
1 1677 730 2 1122 0 1000 725 1071 1 677 5
0 1720 5 1 934 0 1720 5
0 1720 5 1 734 0 1720 5
2 1672 809 2 332 0 1430 806 41 2 242 3
0 1720 5 1 1036 0 1720 5
0 1720 5 1 898 0 1720 5
0 1720 5 1 929 0 1720 5
0 1720 5 1 36 0 1720 5
0 1720 5 1 692 0 1720 5
0 1639 1382 2 692 0 905 1380 286 0 734 2
2 1644 1285 2 286 0 1098 1285 195 2 546 0
0 1720 5 1 195 0 1720 5
0 1720 5 1 344 0 1720 5
0 1720 5 1 1181 0 1720 5
0 1720 5 1 311 0 1720 5
0 1720 5 1 1048 0 1720 5
0 1720 5 1 238 0 1720 5
0 1720 5 1 28 0 1720 5
0 1720 5 1 799 0 1720 5
0 1720 5 1 872 0 1720 5
0 1720 5 1 353 0 1720 5
0 1720 5 1 1136 0 1720 5
0 1720 5 1 714 0 1720 5
0 1720 5 1 226 0 1720 5
0 1720 5 1 823 0 1720 5
0 1720 5 1 64 0 1720 5
0 1720 5 1 175 0 1720 5
0 1720 5 1 1013 0 1720 5
0 1720 5 1 492 0 1720 5
0 1720 5 1 492 0 1720 5
2 1646 1251 2 492 0 152 1247 566 2 1494 4
-1
4 78
1 2737 1 1 280 1 2737 1
1 2737 1 1 280 1 2737 1
1 2737 1 1 280 1 2737 1
1 2672 1106 2 280 0 1722 1101 392 1 950 5
1 2737 1 1 392 1 2737 1
1 2737 1 1 392 1 2737 1
1 2737 1 1 392 1 2737 1
0 2670 1146 2 392 0 1203 1144 674 0 1467 2
1 2737 1 1 674 1 2737 1
1 2737 1 1 674 1 2737 1
2 2686 862 2 674 0 833 860 1000 2 1853 2
1 2737 1 1 1000 1 2737 1
2 2700 623 2 1000 0 1014 620 523 2 1686 3
1 2737 1 1 523 1 2737 1
1 2737 1 1 523 1 2737 1
0 2685 891 2 523 0 882 889 244 0 1803 2
1 2737 1 1 244 1 2737 1
2 2694 725 2 244 0 2011 725 202 2 683 0
1 2737 1 1 202 1 2737 1
1 2737 1 1 202 1 2737 1
1 2737 1 1 202 1 2737 1
1 2737 1 1 488 1 2737 1
1 2737 1 1 488 1 2737 1
1 2698 664 2 488 0 473 659 748 1 2225 5
1 2737 1 1 748 1 2737 1
1 2737 1 1 748 1 2737 1
1 2737 1 1 748 1 2737 1
1 2737 1 1 748 1 2737 1
1 2651 1463 2 748 0 16 1457 1168 1 2635 6
1 2737 1 1 1168 1 2737 1
1 2737 1 1 572 1 2737 1
1 2737 1 1 572 1 2737 1
0 2657 1367 2 572 0 1501 1367 268 0 1156 0
1 2737 1 1 268 1 2737 1
1 2737 1 1 268 1 2737 1
1 2685 885 2 268 0 1333 883 932 1 1352 2
1 2737 1 1 932 1 2737 1
0 2697 687 2 932 0 2083 683 741 0 614 4
1 2737 1 1 741 1 2737 1
1 2737 1 1 482 1 2737 1
1 2737 1 1 482 1 2737 1
1 2737 1 1 482 1 2737 1
1 2737 1 1 482 1 2737 1
0 2660 1316 2 482 0 901 1313 102 0 1759 3
1 2737 1 1 102 1 2737 1
2 2699 640 2 102 0 1299 640 581 2 1400 0
1 2737 1 1 581 1 2737 1
1 2703 579 2 581 0 1071 578 937 1 1632 1
1 2737 1 1 937 1 2737 1
1 2737 1 1 937 1 2737 1
1 2737 1 1 528 1 2737 1
1 2737 1 1 528 1 2737 1
1 2737 1 1 528 1 2737 1
1 2737 1 1 528 1 2737 1
2 2656 1371 2 528 0 1396 1368 880 2 1260 3
1 2737 1 1 880 1 2737 1
1 2737 1 1 25 1 2737 1
1 2737 1 1 360 1 2737 1
1 2737 1 1 360 1 2737 1
2 2664 1235 2 360 0 1075 1235 928 2 1589 0
1 2737 1 1 48 1 2737 1
1 2737 1 1 500 1 2737 1
1 2737 1 1 313 1 2737 1
1 2737 1 1 313 1 2737 1
1 2737 1 1 313 1 2737 1
1 2737 1 1 313 1 2737 1
1 2656 1378 2 313 0 44 1375 1197 1 2612 3
1 2737 1 1 1197 1 2737 1
0 2675 1061 2 1197 0 115 1059 829 0 2560 2
1 2737 1 1 829 1 2737 1
1 2737 1 1 829 1 2737 1
0 2659 1333 2 829 0 1834 1331 611 0 825 2
1 2737 1 1 611 1 2737 1
1 2737 1 1 241 1 2737 1
0 2730 126 1 241 0 2730 126
1 2737 1 1 315 1 2737 1
0 2683 925 1 315 0 2683 925
0 2695 721 2 31 0 467 717 54 0 2228 4
-1
5 79
2 1151 2 1 63 2 1151 2
2 1151 2 1 1189 2 1151 2
2 1151 2 1 1189 2 1151 2
2 1110 699 2 772 0 206 698 897 2 904 1
1 1098 909 2 897 0 654 905 797 1 444 4
1 1102 841 2 797 0 530 837 761 1 572 4
0 1103 830 2 761 0 303 826 1065 0 800 4
2 1151 2 1 1065 2 1151 2
2 1151 2 1 12 2 1151 2
2 1151 2 1 740 2 1151 2
2 1151 2 1 122 2 1151 2
2 1151 2 1 122 2 1151 2
2 1151 2 1 695 2 1151 2
2 1151 2 1 1064 2 1151 2
2 1151 2 1 979 2 1151 2
2 1151 2 1 206 2 1151 2
2 1151 2 1 78 2 1151 2
2 1151 2 1 616 2 1151 2
2 1151 2 1 616 2 1151 2
2 1151 2 1 1169 2 1151 2
0 1104 813 1 1124 0 1104 813
2 1151 2 1 140 2 1151 2
0 1122 507 2 483 0 61 506 434 0 1061 1
2 1151 2 1 434 2 1151 2
2 1151 2 1 895 2 1151 2
2 1151 2 1 723 2 1151 2
2 1151 2 1 723 2 1151 2
2 1151 2 1 1043 2 1151 2
2 1151 2 1 1043 2 1151 2
2 1151 2 1 7 2 1151 2
0 1081 1204 2 7 0 60 1199 765 0 1021 5
2 1151 2 1 1160 2 1151 2
2 1151 2 1 542 2 1151 2
2 1151 2 1 861 2 1151 2
2 1151 2 1 455 2 1151 2
2 1151 2 1 776 2 1151 2
2 1151 2 1 776 2 1151 2
2 1151 2 1 343 2 1151 2
2 1151 2 1 601 2 1151 2
2 1151 2 1 130 2 1151 2
2 1067 1430 2 130 0 1061 1428 72 2 6 2
2 1151 2 1 72 2 1151 2
2 1151 2 1 1011 2 1151 2
2 1151 2 1 170 2 1151 2
2 1151 2 1 170 2 1151 2
2 1151 2 1 1093 2 1151 2
2 1151 2 1 894 2 1151 2
2 1151 2 1 777 2 1151 2
2 1151 2 1 338 2 1151 2
2 1151 2 1 954 2 1151 2
2 1151 2 1 149 2 1151 2
2 1151 2 1 359 2 1151 2
1 1086 1113 2 359 0 850 1112 46 1 236 1
1 1104 807 2 46 0 396 802 793 1 708 5
2 1151 2 1 376 2 1151 2
2 1151 2 1 1091 2 1151 2
2 1151 2 1 943 2 1151 2
2 1151 2 1 810 2 1151 2
2 1151 2 1 711 2 1151 2
2 1151 2 1 750 2 1151 2
2 1151 2 1 181 2 1151 2
2 1151 2 1 181 2 1151 2
2 1151 2 1 640 2 1151 2
2 1151 2 1 16 2 1151 2
2 1151 2 1 1172 2 1151 2
2 1151 2 1 763 2 1151 2
2 1151 2 1 779 2 1151 2
2 1151 2 1 1004 2 1151 2
2 1151 2 1 959 2 1151 2
2 1151 2 1 959 2 1151 2
2 1106 767 2 667 0 991 764 540 2 115 3
0 1101 864 2 540 0 1092 864 154 0 9 0
2 1151 2 1 282 2 1151 2
2 1151 2 1 350 2 1151 2
2 1151 2 1 1014 2 1151 2
2 1151 2 1 868 2 1151 2
2 1151 2 1 1153 2 1151 2
2 1151 2 1 1153 2 1151 2
2 1151 2 1 1153 2 1151 2
-1
6 101
0 2231 0 1 26 0 2231 0
0 2231 0 1 26 0 2231 0
0 2231 0 1 157 0 2231 0
0 2231 0 1 157 0 2231 0
0 2231 0 1 157 0 2231 0
0 2231 0 1 309 0 2231 0
0 2231 0 1 250 0 2231 0
0 2231 0 1 250 0 2231 0
2 2162 1160 2 250 0 1503 1157 377 2 659 3
0 2231 0 1 377 0 2231 0
0 2222 153 1 377 0 2222 153
0 2231 0 1 1141 0 2231 0
0 2231 0 1 1141 0 2231 0
0 2231 0 1 1141 0 2231 0
0 2231 0 1 919 0 2231 0
0 2220 187 1 919 0 2220 187
0 2231 0 1 446 0 2231 0
0 2231 0 1 446 0 2231 0
0 2231 0 1 394 0 2231 0
0 2182 833 2 394 0 1972 830 706 0 210 3
0 2231 0 1 706 0 2231 0
0 2231 0 1 706 0 2231 0
0 2231 0 1 642 0 2231 0
0 2231 0 1 642 0 2231 0
0 2231 0 1 642 0 2231 0
0 2231 0 1 633 0 2231 0
0 2231 0 1 633 0 2231 0
0 2155 1292 2 633 0 744 1290 53 0 1411 2
0 2231 0 1 53 0 2231 0
0 2231 0 1 53 0 2231 0
0 2231 0 1 167 0 2231 0
0 2231 0 1 167 0 2231 0
0 2148 1411 2 167 0 1861 1408 1121 0 287 3
0 2231 0 1 1121 0 2231 0
0 2181 850 2 1121 0 688 845 941 0 1493 5
0 2231 0 1 941 0 2231 0
0 2231 0 1 941 0 2231 0
0 2144 1479 2 941 0 717 1474 844 0 1427 5
0 2231 0 1 844 0 2231 0
0 2231 0 1 844 0 2231 0
0 2231 0 1 364 0 2231 0
0 2192 663 2 364 0 1505 662 303 0 687 1
0 2231 0 1 303 0 2231 0
0 2231 0 1 303 0 2231 0
0 2231 0 1 630 0 2231 0
0 2231 0 1 630 0 2231 0
2 2161 1177 2 630 0 1086 1174 284 2 1075 3
1 2196 589 2 284 0 1984 583 624 1 212 6
0 2231 0 1 624 0 2231 0
0 2231 0 1 624 0 2231 0
0 2146 1445 2 624 0 1736 1444 586 0 410 1
0 2231 0 1 586 0 2231 0
0 2231 0 1 1177 0 2231 0
0 2231 0 1 1177 0 2231 0
0 2231 0 1 1177 0 2231 0
0 2231 0 1 1110 0 2231 0
0 2231 0 1 232 0 2231 0
0 2231 0 1 232 0 2231 0
2 2169 1041 2 232 0 304 1038 1195 2 1865 3
0 2231 0 1 1195 0 2231 0
0 2231 0 1 522 0 2231 0
0 2231 0 1 522 0 2231 0
0 2231 0 1 985 0 2231 0
0 2231 0 1 117 0 2231 0
0 2231 0 1 833 0 2231 0
0 2231 0 1 259 0 2231 0
1 2189 708 2 259 0 1848 707 1070 1 341 1
0 2231 0 1 1070 0 2231 0
0 2231 0 1 1070 0 2231 0
1 2154 1303 2 1070 0 257 1299 780 1 1897 4
0 2231 0 1 780 0 2231 0
0 2231 0 1 780 0 2231 0
0 2231 0 1 707 0 2231 0
1 2189 708 2 707 0 1348 704 698 1 841 4
0 2231 0 1 698 0 2231 0
0 2231 0 1 698 0 2231 0
0 2231 0 1 547 0 2231 0
0 2231 0 1 547 0 2231 0
1 2156 1269 2 547 0 1968 1263 1184 1 188 6
0 2231 0 1 1184 0 2231 0
0 2231 0 1 1184 0 2231 0
2 2152 1330 2 1184 0 716 1328 1132 2 1436 2
0 2231 0 1 1132 0 2231 0
0 2231 0 1 1001 0 2231 0
0 2231 0 1 1001 0 2231 0
0 2231 0 1 927 0 2231 0
0 2231 0 1 627 0 2231 0
0 2231 0 1 627 0 2231 0
2 2171 1007 2 627 0 0 1005 575 2 2171 2
0 2231 0 1 575 0 2231 0
2 2160 1194 2 575 0 1907 1191 47 2 253 3
0 2231 0 1 47 0 2231 0
0 2231 0 1 47 0 2231 0
1 2152 1337 2 47 0 650 1331 279 1 1502 6
0 2231 0 1 279 0 2231 0
1 2165 1116 2 279 0 1911 1113 940 1 254 3
0 2231 0 1 940 0 2231 0
1 2184 793 2 940 0 252 793 749 1 1932 0
2 2194 616 2 749 0 1371 613 1164 2 823 3
0 2231 0 1 1164 0 2231 0
0 2231 0 1 1164 0 2231 0
-1
7 107
0 1774 5 1 352 0 1774 5
0 1774 5 1 352 0 1774 5
0 1774 5 1 352 0 1774 5
0 1774 5 1 352 0 1774 5
0 1774 5 1 352 0 1774 5
0 1774 5 1 352 0 1774 5
0 1774 5 1 352 0 1774 5
0 1694 1365 2 352 0 146 1361 993 0 1548 4
0 1774 5 1 993 0 1774 5
0 1774 5 1 993 0 1774 5
0 1774 5 1 993 0 1774 5
0 1774 5 1 993 0 1774 5
1 1717 968 2 993 0 266 966 1018 1 1451 2
0 1774 5 1 1018 0 1774 5
0 1774 5 1 1018 0 1774 5
0 1774 5 1 1018 0 1774 5
0 1774 5 1 1018 0 1774 5
0 1774 5 1 1018 0 1774 5
0 1774 5 1 1018 0 1774 5
1 1690 1427 2 1018 0 990 1422 34 1 700 5
0 1774 5 1 34 0 1774 5
0 1774 5 1 34 0 1774 5
0 1774 5 1 34 0 1774 5
0 1774 5 1 34 0 1774 5
0 1774 5 1 34 0 1774 5
0 1712 1059 2 34 0 212 1057 562 0 1500 2
0 1774 5 1 562 0 1774 5
0 1774 5 1 562 0 1774 5
0 1774 5 1 562 0 1774 5
0 1774 5 1 562 0 1774 5
0 1774 5 1 562 0 1774 5
0 1774 5 1 562 0 1774 5
0 1696 1331 2 562 0 87 1327 1079 0 1609 4
0 1774 5 1 1079 0 1774 5
0 1774 5 1 1079 0 1774 5
0 1774 5 1 1079 0 1774 5
0 1774 5 1 1079 0 1774 5
0 1774 5 1 1079 0 1774 5
0 1707 1144 2 1079 0 60 1142 76 0 1647 2
0 1774 5 1 76 0 1774 5
0 1774 5 1 76 0 1774 5
0 1774 5 1 76 0 1774 5
0 1774 5 1 76 0 1774 5
1 1713 1036 2 76 0 743 1032 629 1 970 4
0 1774 5 1 629 0 1774 5
0 1774 5 1 629 0 1774 5
0 1774 5 1 629 0 1774 5
1 1728 781 2 629 0 880 778 1060 1 848 3
0 1774 5 1 1060 0 1774 5
0 1774 5 1 1060 0 1774 5
0 1774 5 1 1060 0 1774 5
0 1774 5 1 1060 0 1774 5
2 1715 996 2 1060 0 1199 993 272 2 516 3
0 1774 5 1 272 0 1774 5
0 1774 5 1 272 0 1774 5
0 1774 5 1 272 0 1774 5
0 1774 5 1 272 0 1774 5
2 1719 928 2 272 0 927 926 1123 2 792 2
0 1774 5 1 1123 0 1774 5
0 1774 5 1 1123 0 1774 5
1 1688 1461 3 1123 0 599 537 447 0 230 924 688 1 859 0
0 1774 5 1 688 0 1774 5
0 1774 5 1 688 0 1774 5
2 1737 622 2 688 0 1280 622 1089 2 457 0
0 1774 5 1 1089 0 1774 5
0 1774 5 1 1089 0 1774 5
0 1774 5 1 1089 0 1774 5
2 1733 690 2 1089 0 537 687 349 2 1196 3
0 1774 5 1 349 0 1774 5
0 1774 5 1 349 0 1774 5
0 1774 5 1 349 0 1774 5
0 1774 5 1 349 0 1774 5
1 1718 951 2 349 0 463 950 425 1 1255 1
0 1774 5 1 137 0 1774 5
0 1774 5 1 137 0 1774 5
0 1774 5 1 137 0 1774 5
0 1774 5 1 137 0 1774 5
0 1774 5 1 137 0 1774 5
0 1774 5 1 137 0 1774 5
1 1697 1308 2 137 0 1353 1303 112 1 344 5
0 1774 5 1 112 0 1774 5
0 1774 5 1 641 0 1774 5
0 1774 5 1 730 0 1774 5
0 1774 5 1 964 0 1774 5
0 1774 5 1 964 0 1774 5
0 1774 5 1 964 0 1774 5
0 1774 5 1 964 0 1774 5
0 1774 5 1 964 0 1774 5
0 1774 5 1 422 0 1774 5
0 1774 5 1 422 0 1774 5
0 1774 5 1 808 0 1774 5
2 1708 1115 2 808 0 1534 1113 675 2 174 2
2 1733 690 2 675 0 1311 690 657 2 422 0
0 1774 5 1 657 0 1774 5
0 1729 770 2 657 0 335 770 1159 0 1394 0
0 1774 5 1 1159 0 1774 5
0 1774 5 1 512 0 1774 5
0 1774 5 1 512 0 1774 5
1 1716 985 2 512 0 940 982 277 1 776 3
0 1774 5 1 277 0 1774 5
0 1774 5 1 277 0 1774 5
2 1708 1115 2 277 0 1075 1112 796 2 633 3
0 1774 5 1 796 0 1774 5
0 1774 5 1 796 0 1774 5
0 1774 5 1 796 0 1774 5
0 1774 5 1 796 0 1774 5
0 1722 889 2 796 0 468 888 100 0 1254 1
-1
8 122
1 1122 1 1 594 1 1122 1
1 1122 1 1 594 1 1122 1
1 1122 1 1 594 1 1122 1
1 1122 1 1 594 1 1122 1
1 1122 1 1 594 1 1122 1
1 1122 1 1 913 1 1122 1
1 1122 1 1 913 1 1122 1
0 1082 687 1 913 0 1082 687
1 1122 1 1 860 1 1122 1
1 1092 511 2 860 0 576 508 858 1 516 3
1 1122 1 1 858 1 1122 1
1 1122 1 1 858 1 1122 1
1 1122 1 1 858 1 1122 1
2 1055 1134 2 858 0 579 1131 782 2 476 3
1 1122 1 1 782 1 1122 1
1 1122 1 1 782 1 1122 1
1 1122 1 1 782 1 1122 1
1 1122 1 1 893 1 1122 1
1 1122 1 1 893 1 1122 1
1 1122 1 1 807 1 1122 1
1 1122 1 1 807 1 1122 1
1 1122 1 1 807 1 1122 1
0 1064 993 2 807 0 594 990 501 0 470 3
1 1122 1 1 501 1 1122 1
1 1122 1 1 501 1 1122 1
0 1075 806 2 501 0 239 804 644 0 836 2
1 1122 1 1 644 1 1122 1
1 1122 1 1 644 1 1122 1
1 1122 1 1 656 1 1122 1
1 1122 1 1 656 1 1122 1
1 1122 1 1 656 1 1122 1
1 1122 1 1 656 1 1122 1
0 1043 1350 2 656 0 489 1347 1 0 554 3
1 1122 1 1 1 1 1122 1
2 1086 607 2 1 0 938 607 1083 2 148 0
1 1122 1 1 1083 1 1122 1
1 1122 1 1 1083 1 1122 1
1 1122 1 1 1152 1 1122 1
1 1122 1 1 1152 1 1122 1
1 1122 1 1 1152 1 1122 1
1 1066 953 2 1152 0 882 953 838 1 184 0
1 1122 1 1 838 1 1122 1
1 1122 1 1 838 1 1122 1
0 1072 857 2 838 0 947 854 890 0 125 3
1 1122 1 1 890 1 1122 1
1 1122 1 1 890 1 1122 1
1 1122 1 1 728 1 1122 1
1 1122 1 1 728 1 1122 1
1 1122 1 1 626 1 1122 1
1 1122 1 1 626 1 1122 1
1 1079 732 2 626 0 821 727 580 1 258 5
1 1122 1 1 580 1 1122 1
1 1122 1 1 580 1 1122 1
1 1122 1 1 580 1 1122 1
1 1054 1157 2 580 0 1053 1153 214 1 1 4
1 1122 1 1 214 1 1122 1
1 1122 1 1 214 1 1122 1
1 1122 1 1 214 1 1122 1
1 1122 1 1 550 1 1122 1
1 1122 1 1 550 1 1122 1
1 1122 1 1 550 1 1122 1
1 1122 1 1 1180 1 1122 1
1 1122 1 1 1180 1 1122 1
1 1122 1 1 1180 1 1122 1
1 1122 1 1 1180 1 1122 1
2 1048 1253 2 1180 0 934 1251 476 2 114 2
1 1122 1 1 476 1 1122 1
1 1122 1 1 476 1 1122 1
1 1122 1 1 476 1 1122 1
0 1097 432 1 476 0 1097 432
1 1122 1 1 179 1 1122 1
1 1122 1 1 179 1 1122 1
1 1122 1 1 1166 1 1122 1
1 1122 1 1 1166 1 1122 1
1 1122 1 1 1166 1 1122 1
1 1122 1 1 8 1 1122 1
1 1122 1 1 8 1 1122 1
1 1122 1 1 8 1 1122 1
1 1122 1 1 8 1 1122 1
2 1047 1270 2 8 0 463 1266 217 2 584 4
1 1122 1 1 217 1 1122 1
1 1122 1 1 217 1 1122 1
1 1122 1 1 217 1 1122 1
1 1122 1 1 217 1 1122 1
1 1122 1 1 210 1 1122 1
1 1122 1 1 210 1 1122 1
1 1122 1 1 210 1 1122 1
1 1122 1 1 210 1 1122 1
0 1061 1044 1 210 0 1061 1044
1 1122 1 1 1147 1 1122 1
1 1122 1 1 1147 1 1122 1
1 1122 1 1 1147 1 1122 1
1 1122 1 1 105 1 1122 1
1 1122 1 1 105 1 1122 1
1 1122 1 1 105 1 1122 1
1 1122 1 1 105 1 1122 1
1 1122 1 1 113 1 1122 1
1 1122 1 1 113 1 1122 1
1 1122 1 1 113 1 1122 1
1 1122 1 1 113 1 1122 1
1 1122 1 1 113 1 1122 1
1 1122 1 1 1057 1 1122 1
1 1122 1 1 1057 1 1122 1
1 1122 1 1 1057 1 1122 1
1 1122 1 1 1057 1 1122 1
1 1122 1 1 1057 1 1122 1
1 1122 1 1 119 1 1122 1
1 1122 1 1 119 1 1122 1
1 1122 1 1 1088 1 1122 1
1 1122 1 1 1088 1 1122 1
1 1122 1 1 1088 1 1122 1
1 1122 1 1 1063 1 1122 1
1 1122 1 1 1063 1 1122 1
1 1122 1 1 1063 1 1122 1
1 1122 1 1 1063 1 1122 1
1 1122 1 1 1063 1 1122 1
1 1122 1 1 543 1 1122 1
1 1122 1 1 543 1 1122 1
1 1122 1 1 543 1 1122 1
1 1122 1 1 543 1 1122 1
1 1122 1 1 543 1 1122 1
1 1122 1 1 543 1 1122 1
-1
9 77
0 1187 2 1 98 0 1187 2
0 1182 87 1 879 0 1182 87
0 1187 2 1 254 0 1187 2
0 1187 2 1 454 0 1187 2
0 1187 2 1 454 0 1187 2
0 1187 2 1 479 0 1187 2
0 1187 2 1 1052 0 1187 2
0 1187 2 1 1052 0 1187 2
2 1152 585 2 37 0 1001 585 463 2 151 0
0 1187 2 1 463 0 1187 2
0 1187 2 1 410 0 1187 2
0 1186 19 1 410 0 1186 19
0 1187 2 1 420 0 1187 2
2 1111 1282 2 420 0 59 1282 429 2 1052 0
0 1187 2 1 429 0 1187 2
0 1187 2 1 94 0 1187 2
2 1111 1282 2 587 0 370 1278 511 2 741 4
0 1187 2 1 511 0 1187 2
2 1149 636 2 32 0 1085 633 151 2 64 3
0 1187 2 1 151 0 1187 2
1 1106 1373 2 151 0 767 1369 1133 1 339 4
0 1187 2 1 1133 0 1187 2
0 1187 2 1 431 0 1187 2
0 1187 2 1 431 0 1187 2
0 1187 2 1 999 0 1187 2
0 1187 2 1 648 0 1187 2
0 1187 2 1 648 0 1187 2
0 1187 2 1 55 0 1187 2
0 1187 2 1 184 0 1187 2
1 1135 880 2 184 0 45 878 599 1 1090 2
0 1187 2 1 599 0 1187 2
0 1187 2 1 120 0 1187 2
1 1138 829 2 120 0 254 825 916 1 884 4
0 1187 2 1 369 0 1187 2
0 1187 2 1 30 0 1187 2
0 1187 2 1 258 0 1187 2
0 1187 2 1 258 0 1187 2
0 1187 2 1 655 0 1187 2
1 1110 1305 2 655 0 674 1301 125 1 436 4
0 1187 2 1 125 0 1187 2
2 1107 1350 2 125 0 198 1346 742 2 909 4
0 1187 2 1 742 0 1187 2
0 1187 2 1 590 0 1187 2
0 1187 2 1 590 0 1187 2
0 1187 2 1 1081 0 1187 2
0 1187 2 1 1081 0 1187 2
0 1187 2 1 951 0 1187 2
2 1110 1299 2 951 0 819 1295 412 2 291 4
0 1187 2 1 412 0 1187 2
0 1187 2 1 770 0 1187 2
1 1125 1050 2 819 0 196 1049 85 1 929 1
1 1140 795 2 85 0 1025 791 995 1 115 4
0 1187 2 1 995 0 1187 2
2 1150 619 2 875 0 1010 616 368 2 140 3
0 1187 2 1 368 0 1187 2
0 1187 2 1 670 0 1187 2
1 1137 846 2 670 0 0 846 1142 1 1137 0
0 1187 2 1 850 0 1187 2
0 1187 2 1 850 0 1187 2
0 1187 2 1 221 0 1187 2
0 1187 2 1 840 0 1187 2
0 1187 2 1 840 0 1187 2
0 1187 2 1 1100 0 1187 2
0 1187 2 1 527 0 1187 2
0 1187 2 1 842 0 1187 2
0 1187 2 1 1156 0 1187 2
0 1187 2 1 824 0 1187 2
0 1187 2 1 824 0 1187 2
0 1187 2 1 816 0 1187 2
0 1187 2 1 755 0 1187 2
0 1187 2 1 337 0 1187 2
0 1187 2 1 1176 0 1187 2
0 1187 2 1 520 0 1187 2
0 1187 2 1 375 0 1187 2
0 1187 2 1 375 0 1187 2
0 1187 2 1 1055 0 1187 2
0 1187 2 1 1055 0 1187 2
-1
10 76
2 2449 0 1 63 2 2449 0
0 2371 1338 2 63 0 2224 1334 1189 0 147 4
2 2449 0 1 1189 2 2449 0
2 2449 0 1 772 2 2449 0
2 2449 0 1 897 2 2449 0
2 2449 0 1 797 2 2449 0
2 2449 0 1 761 2 2449 0
2 2449 0 1 1065 2 2449 0
2 2449 0 1 12 2 2449 0
2 2449 0 1 740 2 2449 0
2 2449 0 1 122 2 2449 0
2 2449 0 1 122 2 2449 0
2 2449 0 1 695 2 2449 0
2 2449 0 1 1064 2 2449 0
2 2449 0 1 979 2 2449 0
2 2449 0 1 206 2 2449 0
2 2449 0 1 78 2 2449 0
0 2383 1134 2 78 0 1957 1131 616 0 426 3
2 2449 0 1 616 2 2449 0
2 2449 0 1 1169 2 2449 0
2 2449 0 1 1124 2 2449 0
2 2419 510 2 1130 0 412 509 140 2 2007 1
2 2449 0 1 483 2 2449 0
2 2449 0 1 434 2 2449 0
2 2449 0 1 895 2 2449 0
2 2449 0 1 723 2 2449 0
2 2449 0 1 723 2 2449 0
1 2410 669 2 570 0 2040 664 1043 1 370 5
2 2449 0 1 1043 2 2449 0
2 2449 0 1 7 2 2449 0
2 2449 0 1 7 2 2449 0
1 2413 618 2 765 0 443 618 1160 1 1970 0
0 2395 930 2 1160 0 1094 927 542 0 1301 3
2 2449 0 1 861 2 2449 0
2 2449 0 1 455 2 2449 0
2 2379 1190 2 455 0 1816 1188 776 2 563 2
2 2449 0 1 776 2 2449 0
2 2449 0 1 343 2 2449 0
2 2449 0 1 601 2 2449 0
2 2449 0 1 130 2 2449 0
2 2449 0 1 130 2 2449 0
2 2449 0 1 72 2 2449 0
2 2449 0 1 1011 2 2449 0
1 2374 1281 2 1011 0 1650 1276 170 1 724 5
2 2449 0 1 170 2 2449 0
2 2449 0 1 1093 2 2449 0
2 2449 0 1 894 2 2449 0
2 2449 0 1 777 2 2449 0
2 2449 0 1 338 2 2449 0
2 2379 1190 2 338 0 1353 1189 954 2 1026 1
2 2449 0 1 149 2 2449 0
0 2381 1168 2 149 0 907 1163 359 0 1474 5
2 2449 0 1 359 2 2449 0
2 2449 0 1 46 2 2449 0
2 2411 646 2 793 0 980 643 376 2 1431 3
2 2449 0 1 1091 2 2449 0
0 2372 1321 2 1091 0 2322 1318 943 0 50 3
2 2449 0 1 810 2 2449 0
2 2449 0 1 711 2 2449 0
2 2389 1020 2 711 0 1211 1016 750 2 1178 4
0 2392 981 2 750 0 2389 979 181 0 3 2
2 2449 0 1 181 2 2449 0
2 2449 0 1 640 2 2449 0
2 2449 0 1 16 2 2449 0
2 2449 0 1 1172 2 2449 0
2 2449 0 1 763 2 2449 0
2 2385 1088 2 763 0 215 1088 779 2 2170 0
2 2449 0 1 1004 2 2449 0
0 2374 1287 2 1004 0 2119 1284 959 0 255 3
2 2449 0 1 959 2 2449 0
2 2449 0 1 667 2 2449 0
2 2449 0 1 540 2 2449 0
1 2417 550 2 154 0 780 548 282 1 1637 2
2 2401 816 2 282 0 437 815 350 2 1964 1
0 2395 930 2 350 0 1135 930 1014 0 1260 0
0 2418 539 2 1014 0 348 537 868 0 2070 2
-1
11 79
2 2581 1 1 433 2 2581 1
2 2581 1 1 433 2 2581 1
1 2524 976 2 433 0 981 975 477 1 1543 1
2 2581 1 1 477 2 2581 1
2 2581 1 1 477 2 2581 1
0 2508 1254 2 477 0 616 1252 493 0 1892 2
2 2581 1 1 493 2 2581 1
2 2581 1 1 493 2 2581 1
2 2581 1 1 9 2 2581 1
2 2581 1 1 961 2 2581 1
2 2550 528 2 961 0 855 528 931 2 1695 0
2 2581 1 1 931 2 2581 1
2 2581 1 1 931 2 2581 1
2 2581 1 1 148 2 2581 1
2 2581 1 1 148 2 2581 1
2 2581 1 1 148 2 2581 1
2 2581 1 1 348 2 2581 1
2 2581 1 1 348 2 2581 1
2 2581 1 1 348 2 2581 1
2 2581 1 1 553 2 2581 1
1 2565 279 2 553 0 0 275 672 1 2565 4
2 2581 1 1 672 2 2581 1
2 2581 1 1 672 2 2581 1
0 2496 1458 2 672 0 1430 1453 539 0 1066 5
2 2581 1 1 399 2 2581 1
2 2581 1 1 399 2 2581 1
2 2527 919 2 399 0 450 916 145 2 2077 3
2 2581 1 1 145 2 2581 1
2 2581 1 1 145 2 2581 1
0 2494 1492 2 145 0 2259 1492 66 0 235 0
2 2581 1 1 66 2 2581 1
2 2581 1 1 66 2 2581 1
2 2581 1 1 96 2 2581 1
2 2581 1 1 96 2 2581 1
2 2581 1 1 96 2 2581 1
1 2545 619 2 96 0 0 616 977 1 2545 3
2 2581 1 1 977 2 2581 1
0 2523 999 2 977 0 1252 999 159 0 1271 0
2 2581 1 1 159 2 2581 1
2 2581 1 1 159 2 2581 1
0 2505 1305 2 159 0 1357 1305 203 0 1148 0
2 2581 1 1 203 2 2581 1
2 2581 1 1 203 2 2581 1
2 2504 1310 2 203 0 1507 1308 57 2 997 2
2 2581 1 1 57 2 2581 1
0 2541 693 2 57 0 0 689 1021 0 2541 4
2 2581 1 1 1021 2 2581 1
2 2581 1 1 1021 2 2581 1
2 2581 1 1 722 2 2581 1
2 2581 1 1 722 2 2581 1
2 2581 1 1 1074 2 2581 1
2 2581 1 1 1074 2 2581 1
2 2581 1 1 1074 2 2581 1
2 2581 1 1 725 2 2581 1
2 2581 1 1 725 2 2581 1
2 2581 1 1 124 2 2581 1
2 2581 1 1 124 2 2581 1
2 2581 1 1 124 2 2581 1
1 2497 1435 2 124 0 281 1430 774 1 2216 5
1 2552 500 2 774 0 960 495 56 1 1592 5
2 2581 1 1 56 2 2581 1
2 2581 1 1 56 2 2581 1
2 2508 1242 2 56 0 486 1239 192 2 2022 3
2 2581 1 1 192 2 2581 1
1 2529 891 2 192 0 793 890 1069 1 1736 1
2 2581 1 1 1069 2 2581 1
2 2581 1 1 1008 2 2581 1
0 2535 795 2 1008 0 2216 790 851 0 319 5
2 2581 1 1 851 2 2581 1
2 2581 1 1 186 2 2581 1
0 2516 1118 2 186 0 1394 1115 33 0 1122 3
2 2581 1 1 33 2 2581 1
0 2535 795 2 33 0 813 792 75 0 1722 3
2 2581 1 1 75 2 2581 1
2 2581 1 1 75 2 2581 1
0 2504 1322 2 75 0 1068 1320 118 0 1436 2
2 2581 1 1 118 2 2581 1
0 2529 897 2 118 0 1426 896 588 0 1103 1
2 2581 1 1 588 2 2581 1
-1
12 63
0 2231 0 1 662 0 2231 0
0 2231 0 1 271 0 2231 0
0 2231 0 1 345 0 2231 0
2 2174 956 2 873 0 1114 954 721 2 1060 2
0 2150 1377 2 721 0 2118 1373 603 0 32 4
0 2231 0 1 1028 0 2231 0
0 2231 0 1 1097 0 2231 0
0 2231 0 1 466 0 2231 0
1 2147 1422 2 466 0 923 1421 1033 1 1224 1
0 2231 0 1 1101 0 2231 0
0 2231 0 1 227 0 2231 0
0 2231 0 1 109 0 2231 0
0 2231 0 1 720 0 2231 0
0 2231 0 1 1137 0 2231 0
0 2231 0 1 49 0 2231 0
1 2172 997 2 61 0 1037 994 756 1 1135 3
0 2231 0 1 743 0 2231 0
1 2167 1082 2 287 0 1597 1080 591 1 570 2
1 2161 1184 2 591 0 863 1179 1138 1 1298 5
0 2199 544 2 384 0 74 541 759 0 2125 3
0 2231 0 1 719 0 2231 0
0 2231 0 1 614 0 2231 0
0 2231 0 1 418 0 2231 0
0 2231 0 1 415 0 2231 0
0 2231 0 1 1009 0 2231 0
0 2231 0 1 938 0 2231 0
0 2231 0 1 246 0 2231 0
0 2231 0 1 573 0 2231 0
0 2231 0 1 555 0 2231 0
0 2231 0 1 220 0 2231 0
0 2231 0 1 270 0 2231 0
0 2231 0 1 1037 0 2231 0
0 2185 782 2 579 0 537 781 43 0 1648 1
2 2167 1075 2 283 0 1940 1074 1019 2 227 1
0 2231 0 1 499 0 2231 0
0 2231 0 1 281 0 2231 0
0 2231 0 1 1071 0 2231 0
0 2231 0 1 934 0 2231 0
0 2231 0 1 734 0 2231 0
0 2231 0 1 41 0 2231 0
0 2231 0 1 1036 0 2231 0
0 2184 799 2 898 0 1260 799 929 0 924 0
1 2160 1201 2 929 0 672 1199 361 1 1488 2
0 2231 0 1 36 0 2231 0
0 2231 0 1 692 0 2231 0
0 2231 0 1 286 0 2231 0
0 2231 0 1 195 0 2231 0
0 2149 1394 2 195 0 554 1392 773 0 1595 2
0 2231 0 1 344 0 2231 0
0 2231 0 1 1181 0 2231 0
1 2168 1065 2 311 0 818 1061 1048 1 1350 4
0 2159 1224 2 1048 0 479 1221 732 0 1680 3
0 2231 0 1 238 0 2231 0
1 2188 725 2 28 0 702 720 799 1 1486 5
0 2159 1224 2 799 0 334 1219 621 0 1825 5
0 2231 0 1 872 0 2231 0
1 2189 708 2 353 0 205 708 1136 1 1984 0
1 2154 1303 2 1136 0 538 1302 1126 1 1616 1
0 2231 0 1 714 0 2231 0
1 2177 912 2 226 0 1271 911 823 1 906 1
0 2231 0 1 823 0 2231 0
0 2231 0 1 64 0 2231 0
0 2231 0 1 175 0 2231 0
-1
13 107
1 1933 5 1 1077 1 1933 5
1 1933 5 1 1077 1 1933 5
1 1933 5 1 1077 1 1933 5
1 1933 5 1 1077 1 1933 5
0 1876 980 2 1077 0 1237 977 133 0 639 3
1 1933 5 1 133 1 1933 5
1 1933 5 1 133 1 1933 5
1 1933 5 1 133 1 1933 5
1 1891 719 2 133 0 156 715 1017 1 1735 4
1 1933 5 1 1017 1 1933 5
1 1933 5 1 1017 1 1933 5
2 1892 696 2 1017 0 750 692 587 2 1142 4
1 1933 5 1 587 1 1933 5
1 1933 5 1 587 1 1933 5
1 1933 5 1 587 1 1933 5
1 1933 5 1 587 1 1933 5
1 1933 5 1 593 1 1933 5
1 1933 5 1 593 1 1933 5
1 1933 5 1 593 1 1933 5
0 1891 725 2 593 0 840 723 745 0 1051 2
1 1933 5 1 745 1 1933 5
1 1933 5 1 745 1 1933 5
1 1933 5 1 745 1 1933 5
0 1887 793 2 745 0 392 788 1117 0 1495 5
1 1933 5 1 1117 1 1933 5
2 1903 509 2 1117 0 1242 509 666 2 661 0
1 1933 5 1 666 1 1933 5
1 1933 5 1 507 1 1933 5
1 1933 5 1 507 1 1933 5
0 1901 555 2 507 0 1217 555 762 0 684 0
1 1933 5 1 762 1 1933 5
1 1933 5 1 762 1 1933 5
1 1933 5 1 762 1 1933 5
1 1933 5 1 762 1 1933 5
2 1869 1087 2 762 0 1507 1083 383 2 362 4
1 1933 5 1 383 1 1933 5
1 1933 5 1 383 1 1933 5
2 1898 594 2 383 0 1222 592 502 2 676 2
1 1933 5 1 502 1 1933 5
1 1933 5 1 502 1 1933 5
1 1904 498 2 502 0 26 496 451 1 1878 2
1 1933 5 1 451 1 1933 5
1 1933 5 1 451 1 1933 5
1 1933 5 1 451 1 1933 5
1 1933 5 1 451 1 1933 5
1 1933 5 1 451 1 1933 5
0 1848 1456 2 451 0 1780 1454 366 0 68 2
1 1933 5 1 366 1 1933 5
1 1933 5 1 366 1 1933 5
1 1933 5 1 366 1 1933 5
1 1933 5 1 366 1 1933 5
1 1933 5 1 366 1 1933 5
1 1933 5 1 366 1 1933 5
1 1858 1280 2 366 0 127 1279 368 1 1731 1
1 1933 5 1 368 1 1933 5
1 1933 5 1 1090 1 1933 5
1 1933 5 1 1090 1 1933 5
1 1933 5 1 1090 1 1933 5
1 1933 5 1 1090 1 1933 5
1 1933 5 1 1090 1 1933 5
0 1866 1150 2 1090 0 905 1150 1100 0 961 0
1 1933 5 1 1100 1 1933 5
2 1891 713 2 1100 0 1499 709 842 2 392 4
1 1933 5 1 842 1 1933 5
1 1933 5 1 842 1 1933 5
1 1933 5 1 1156 1 1933 5
1 1933 5 1 755 1 1933 5
1 1933 5 1 755 1 1933 5
1 1933 5 1 755 1 1933 5
1 1933 5 1 755 1 1933 5
1 1933 5 1 520 1 1933 5
1 1933 5 1 520 1 1933 5
0 1882 878 2 520 0 1071 875 595 0 811 3
1 1933 5 1 595 1 1933 5
1 1933 5 1 595 1 1933 5
1 1898 600 2 595 0 838 600 1096 1 1060 0
1 1933 5 1 1096 1 1933 5
1 1933 5 1 1096 1 1933 5
1 1933 5 1 1096 1 1933 5
1 1933 5 1 1096 1 1933 5
1 1933 5 1 1096 1 1933 5
0 1861 1235 2 1096 0 582 1232 508 0 1279 3
1 1933 5 1 508 1 1933 5
1 1933 5 1 508 1 1933 5
1 1933 5 1 508 1 1933 5
1 1887 787 2 508 0 119 782 841 1 1768 5
1 1933 5 1 841 1 1933 5
1 1933 5 1 841 1 1933 5
1 1933 5 1 841 1 1933 5
0 1906 470 1 841 0 1906 470
1 1900 566 2 841 0 0 563 1086 1 1900 3
1 1933 5 1 1086 1 1933 5
1 1933 5 1 1086 1 1933 5
1 1933 5 1 1086 1 1933 5
1 1933 5 1 1086 1 1933 5
1 1862 1212 2 1086 0 1460 1210 330 1 402 2
1 1933 5 1 330 1 1933 5
1 1933 5 1 330 1 1933 5
1 1933 5 1 330 1 1933 5
1 1933 5 1 330 1 1933 5
1 1933 5 1 330 1 1933 5
1 1933 5 1 330 1 1933 5
0 1856 1320 2 330 0 134 1317 1024 0 1722 3
1 1933 5 1 1024 1 1933 5
1 1933 5 1 1024 1 1933 5
0 1891 725 2 1024 0 1016 721 602 0 875 4
1 1933 5 1 602 1 1933 5
-1
14 97
0 2377 0 1 108 0 2377 0
0 2377 0 1 108 0 2377 0
0 2377 0 1 108 0 2377 0
0 2377 0 1 108 0 2377 0
1 2305 1217 2 108 0 1427 1215 115 1 878 2
0 2377 0 1 115 0 2377 0
0 2377 0 1 115 0 2377 0
0 2377 0 1 115 0 2377 0
2 2314 1058 2 115 0 1503 1055 448 2 811 3
0 2377 0 1 448 0 2377 0
0 2377 0 1 448 0 2377 0
0 2377 0 1 448 0 2377 0
0 2377 0 1 448 0 2377 0
1 2299 1319 2 448 0 1568 1318 1006 1 731 1
0 2377 0 1 1006 0 2377 0
0 2377 0 1 1006 0 2377 0
0 2377 0 1 1006 0 2377 0
0 2314 1071 2 1006 0 1767 1069 212 0 547 2
0 2377 0 1 212 0 2377 0
0 2377 0 1 212 0 2377 0
0 2377 0 1 212 0 2377 0
1 2318 996 2 212 0 1286 994 835 1 1032 2
0 2377 0 1 835 0 2377 0
0 2377 0 1 835 0 2377 0
0 2377 0 1 835 0 2377 0
0 2377 0 1 835 0 2377 0
0 2296 1377 2 835 0 1834 1373 305 0 462 4
0 2377 0 1 305 0 2377 0
0 2377 0 1 305 0 2377 0
1 2341 605 2 305 0 247 603 1165 1 2094 2
0 2377 0 1 1165 0 2377 0
0 2377 0 1 1165 0 2377 0
0 2377 0 1 1165 0 2377 0
0 2377 0 1 1165 0 2377 0
2 2290 1466 2 1165 0 1591 1464 849 2 699 2
0 2377 0 1 849 0 2377 0
2 2345 531 2 849 0 1719 531 638 2 626 0
0 2377 0 1 638 0 2377 0
0 2377 0 1 638 0 2377 0
0 2377 0 1 638 0 2377 0
0 2377 0 1 638 0 2377 0
2 2307 1177 2 638 0 448 1176 325 2 1859 1
0 2377 0 1 325 0 2377 0
0 2377 0 1 325 0 2377 0
0 2377 0 1 87 0 2377 0
0 2377 0 1 87 0 2377 0
1 2340 622 2 87 0 799 617 165 1 1541 5
0 2377 0 1 165 0 2377 0
0 2377 0 1 165 0 2377 0
0 2377 0 1 165 0 2377 0
0 2307 1190 2 165 0 2064 1188 558 0 243 2
0 2377 0 1 558 0 2377 0
0 2347 510 2 558 0 1961 507 1039 0 386 3
0 2377 0 1 1039 0 2377 0
0 2377 0 1 1039 0 2377 0
0 2377 0 1 1039 0 2377 0
0 2325 884 2 1039 0 412 878 231 0 1913 6
0 2377 0 1 231 0 2377 0
0 2377 0 1 231 0 2377 0
0 2377 0 1 231 0 2377 0
1 2310 1132 2 231 0 1171 1129 44 1 1139 3
0 2377 0 1 44 0 2377 0
0 2377 0 1 44 0 2377 0
0 2377 0 1 44 0 2377 0
0 2377 0 1 44 0 2377 0
0 2307 1190 2 44 0 89 1190 82 0 2218 0
0 2377 0 1 82 0 2377 0
2 2335 701 2 82 0 1714 701 239 2 621 0
0 2377 0 1 239 0 2377 0
0 2377 0 1 239 0 2377 0
0 2377 0 1 239 0 2377 0
0 2377 0 1 239 0 2377 0
0 2309 1156 2 239 0 228 1151 472 0 2081 5
0 2377 0 1 472 0 2377 0
2 2337 667 2 472 0 1572 665 911 2 765 2
0 2377 0 1 911 0 2377 0
0 2377 0 1 911 0 2377 0
0 2377 0 1 911 0 2377 0
0 2324 901 2 911 0 202 898 538 0 2122 3
0 2377 0 1 538 0 2377 0
0 2335 714 2 538 0 1936 712 24 0 399 2
0 2377 0 1 24 0 2377 0
0 2377 0 1 24 0 2377 0
0 2377 0 1 24 0 2377 0
0 2377 0 1 24 0 2377 0
0 2377 0 1 24 0 2377 0
1 2290 1472 2 24 0 955 1469 828 1 1335 3
0 2377 0 1 828 0 2377 0
0 2344 561 2 828 0 1354 560 52 0 990 1
0 2377 0 1 52 0 2377 0
2 2318 990 2 52 0 218 990 77 2 2100 0
0 2377 0 1 77 0 2377 0
0 2377 0 1 77 0 2377 0
0 2377 0 1 77 0 2377 0
0 2377 0 1 77 0 2377 0
0 2297 1360 2 77 0 585 1355 255 0 1712 5
0 2377 0 1 255 0 2377 0
-1
15 69
1 1725 5 1 662 1 1725 5
1 1643 1399 2 662 0 1120 1394 271 1 523 5
1 1649 1297 2 271 0 1449 1297 744 1 200 0
0 1716 164 1 345 0 1716 164
1 1725 5 1 721 1 1725 5
1 1725 5 1 603 1 1725 5
1 1725 5 1 1028 1 1725 5
1 1725 5 1 1097 1 1725 5
1 1725 5 1 466 1 1725 5
1 1725 5 1 1033 1 1725 5
0 1692 572 1 1101 0 1692 572
1 1725 5 1 227 1 1725 5
1 1725 5 1 109 1 1725 5
2 1657 1155 3 720 0 1332 1152 1137 2 325 2 49 0 0 1
1 1725 5 1 1137 1 1725 5
0 1664 1048 2 49 0 1224 1043 61 0 440 5
1 1725 5 1 756 1 1725 5
1 1678 804 2 743 0 1025 799 287 1 653 5
1 1725 5 1 591 1 1725 5
1 1725 5 1 1138 1 1725 5
1 1725 5 1 759 1 1725 5
1 1725 5 1 719 1 1725 5
1 1725 5 1 614 1 1725 5
1 1725 5 1 418 1 1725 5
1 1725 5 1 415 1 1725 5
1 1725 5 1 1009 1 1725 5
2 1668 967 2 938 0 1367 966 612 2 301 1
1 1725 5 1 246 1 1725 5
1 1725 5 1 573 1 1725 5
1 1725 5 1 555 1 1725 5
1 1725 5 1 220 1 1725 5
1 1725 5 1 270 1 1725 5
1 1725 5 1 1037 1 1725 5
1 1725 5 1 43 1 1725 5
1 1725 5 1 1019 1 1725 5
0 1676 844 2 499 0 1648 844 800 0 28 0
1 1725 5 1 281 1 1725 5
1 1725 5 1 1071 1 1725 5
1 1725 5 1 934 1 1725 5
0 1679 793 1 734 0 1679 793
1 1725 5 1 41 1 1725 5
1 1725 5 1 1036 1 1725 5
1 1725 5 1 929 1 1725 5
1 1725 5 1 361 1 1725 5
1 1725 5 1 36 1 1725 5
1 1725 5 1 692 1 1725 5
1 1725 5 1 286 1 1725 5
1 1725 5 1 195 1 1725 5
1 1725 5 1 773 1 1725 5
1 1725 5 1 344 1 1725 5
0 1673 895 2 1181 0 420 891 311 0 1253 4
1 1725 5 1 1048 1 1725 5
1 1725 5 1 732 1 1725 5
1 1725 5 1 238 1 1725 5
1 1725 5 1 799 1 1725 5
1 1725 5 1 621 1 1725 5
1 1725 5 1 872 1 1725 5
1 1725 5 1 1136 1 1725 5
1 1725 5 1 1126 1 1725 5
1 1725 5 1 714 1 1725 5
1 1725 5 1 823 1 1725 5
0 1641 1439 2 823 0 627 1439 64 0 1014 0
1 1725 5 1 64 1 1725 5
1 1725 5 1 175 1 1725 5
1 1725 5 1 1013 1 1725 5
1 1725 5 1 492 1 1725 5
1 1725 5 1 492 1 1725 5
1 1725 5 1 52 1 1725 5
1 1725 5 1 52 1 1725 5
-1
16 75
0 2080 3 1 63 0 2080 3
0 2080 3 1 63 0 2080 3
0 2080 3 1 1189 0 2080 3
0 2080 3 1 772 0 2080 3
0 2080 3 1 897 0 2080 3
0 2080 3 1 797 0 2080 3
0 2080 3 1 761 0 2080 3
0 2080 3 1 1065 0 2080 3
0 2080 3 1 12 0 2080 3
0 2024 955 2 12 0 792 953 740 0 1232 2
1 2026 915 2 740 0 1300 910 122 1 726 5
0 2080 3 1 122 0 2080 3
0 2080 3 1 695 0 2080 3
0 2080 3 1 1064 0 2080 3
0 2080 3 1 979 0 2080 3
1 2014 1119 2 979 0 301 1117 206 1 1713 2
0 2022 989 2 206 0 1511 987 78 0 511 2
0 2080 3 1 78 0 2080 3
0 2080 3 1 616 0 2080 3
0 2080 3 1 1169 0 2080 3
0 2080 3 1 1124 0 2080 3
0 2080 3 1 1130 0 2080 3
0 2080 3 1 483 0 2080 3
0 2080 3 1 434 0 2080 3
0 1996 1431 2 434 0 1963 1426 895 0 33 5
2 2040 671 2 895 0 375 671 723 2 1665 0
0 2080 3 1 723 0 2080 3
0 2080 3 1 570 0 2080 3
0 2080 3 1 1043 0 2080 3
0 1997 1414 2 1043 0 1419 1411 7 0 578 3
0 2080 3 1 7 0 2080 3
0 2080 3 1 765 0 2080 3
0 2080 3 1 1160 0 2080 3
2 2043 620 2 542 0 1063 618 861 2 980 2
0 2031 836 2 861 0 848 832 455 0 1183 4
0 2080 3 1 455 0 2080 3
0 2080 3 1 776 0 2080 3
0 2080 3 1 343 0 2080 3
0 2080 3 1 601 0 2080 3
2 2022 977 2 601 0 404 976 130 2 1618 1
0 2080 3 1 130 0 2080 3
0 2080 3 1 72 0 2080 3
0 2080 3 1 1011 0 2080 3
0 2080 3 1 1011 0 2080 3
0 2080 3 1 170 0 2080 3
2 2002 1317 2 170 0 201 1315 1093 2 1801 2
0 2080 3 1 894 0 2080 3
0 2024 955 2 894 0 517 952 777 0 1507 3
2 2030 841 2 777 0 413 841 338 2 1617 0
0 2080 3 1 338 0 2080 3
0 2051 496 2 954 0 202 494 149 0 1849 2
0 2080 3 1 149 0 2080 3
0 2080 3 1 359 0 2080 3
0 2080 3 1 46 0 2080 3
0 2080 3 1 793 0 2080 3
1 2048 541 2 376 0 238 541 1091 1 1810 0
0 2080 3 1 1091 0 2080 3
1 2047 558 2 943 0 1765 557 810 1 282 1
1 2029 864 2 810 0 1817 863 711 1 212 1
0 2080 3 1 711 0 2080 3
0 2080 3 1 750 0 2080 3
0 2080 3 1 181 0 2080 3
1 2001 1340 2 181 0 1103 1338 640 1 898 2
0 2027 904 2 640 0 1579 904 16 0 448 0
1 2043 626 2 16 0 0 623 1172 1 2043 3
2 2028 875 2 1172 0 155 872 763 2 1873 3
0 2080 3 1 763 0 2080 3
2 2042 637 2 779 0 318 635 1004 2 1724 2
0 2080 3 1 1004 0 2080 3
0 2080 3 1 959 0 2080 3
0 2080 3 1 667 0 2080 3
0 2080 3 1 540 0 2080 3
0 2080 3 1 154 0 2080 3
0 2080 3 1 282 0 2080 3
0 2080 3 1 350 0 2080 3
-1
17 92
1 1362 3 1 440 1 1362 3
1 1362 3 1 440 1 1362 3
1 1362 3 1 440 1 1362 3
1 1362 3 1 59 1 1362 3
1 1362 3 1 59 1 1362 3
1 1362 3 1 59 1 1362 3
1 1362 3 1 901 1 1362 3
1 1333 496 2 901 0 398 493 204 1 935 3
1 1362 3 1 204 1 1362 3
1 1362 3 1 795 1 1362 3
1 1362 3 1 795 1 1362 3
1 1362 3 1 637 1 1362 3
1 1362 3 1 637 1 1362 3
1 1362 3 1 637 1 1362 3
1 1362 3 1 1050 1 1362 3
1 1362 3 1 805 1 1362 3
1 1362 3 1 805 1 1362 3
1 1362 3 1 805 1 1362 3
1 1362 3 1 805 1 1362 3
1 1362 3 1 141 1 1362 3
1 1362 3 1 141 1 1362 3
1 1362 3 1 141 1 1362 3
1 1362 3 1 539 1 1362 3
1 1362 3 1 539 1 1362 3
1 1362 3 1 1080 1 1362 3
1 1362 3 1 1080 1 1362 3
1 1362 3 1 1080 1 1362 3
1 1362 3 1 445 1 1362 3
1 1362 3 1 445 1 1362 3
1 1362 3 1 240 1 1362 3
1 1362 3 1 240 1 1362 3
1 1362 3 1 240 1 1362 3
1 1362 3 1 335 1 1362 3
1 1362 3 1 335 1 1362 3
1 1362 3 1 335 1 1362 3
1 1362 3 1 739 1 1362 3
1 1362 3 1 739 1 1362 3
2 1311 864 2 739 0 168 861 1178 2 1143 3
1 1362 3 1 1178 1 1362 3
1 1362 3 1 495 1 1362 3
1 1362 3 1 495 1 1362 3
2 1308 915 2 495 0 323 911 857 2 985 4
1 1362 3 1 857 1 1362 3
1 1362 3 1 400 1 1362 3
0 1327 604 2 400 0 455 601 758 0 872 3
1 1362 3 1 758 1 1362 3
1 1362 3 1 758 1 1362 3
0 1293 1182 2 758 0 47 1177 293 0 1246 5
1 1331 530 2 293 0 1181 525 722 1 150 5
0 1299 1080 2 722 0 301 1079 532 0 998 1
1 1362 3 1 532 1 1362 3
1 1362 3 1 525 1 1362 3
1 1362 3 1 525 1 1362 3
1 1362 3 1 474 1 1362 3
1 1362 3 1 474 1 1362 3
1 1362 3 1 474 1 1362 3
1 1362 3 1 663 1 1362 3
1 1330 547 2 663 0 858 545 317 1 472 2
1 1362 3 1 317 1 1362 3
1 1362 3 1 317 1 1362 3
1 1362 3 1 178 1 1362 3
1 1362 3 1 178 1 1362 3
1 1362 3 1 178 1 1362 3
1 1285 1312 2 178 0 453 1310 1016 1 832 2
1 1362 3 1 1016 1 1362 3
1 1362 3 1 1016 1 1362 3
1 1362 3 1 126 1 1362 3
1 1362 3 1 126 1 1362 3
1 1309 904 2 126 0 318 903 851 1 991 1
1 1362 3 1 186 1 1362 3
1 1362 3 1 733 1 1362 3
1 1362 3 1 733 1 1362 3
1 1362 3 1 733 1 1362 3
1 1362 3 1 288 1 1362 3
1 1362 3 1 288 1 1362 3
1 1301 1040 2 288 0 1175 1039 671 1 126 1
1 1362 3 1 671 1 1362 3
0 1320 723 2 671 0 322 718 1174 0 998 5
1 1362 3 1 1174 1 1362 3
1 1362 3 1 1174 1 1362 3
1 1362 3 1 922 1 1362 3
1 1362 3 1 922 1 1362 3
1 1362 3 1 95 1 1362 3
1 1362 3 1 95 1 1362 3
1 1362 3 1 560 1 1362 3
0 1328 587 2 560 0 629 587 1034 0 699 0
1 1362 3 1 1034 1 1362 3
2 1290 1221 2 1034 0 290 1220 970 2 1000 1
1 1362 3 1 970 1 1362 3
1 1362 3 1 970 1 1362 3
1 1362 3 1 970 1 1362 3
1 1362 3 1 970 1 1362 3
-1
18 66
0 1412 5 1 176 0 1412 5
1 1357 933 2 176 0 643 930 984 1 714 3
0 1412 5 1 984 0 1412 5
0 1412 5 1 635 0 1412 5
0 1412 5 1 652 0 1412 5
2 1351 1029 2 652 0 664 1026 465 2 687 3
0 1412 5 1 813 0 1412 5
0 1412 5 1 251 0 1412 5
0 1412 5 1 457 0 1412 5
0 1412 5 1 535 0 1412 5
0 1412 5 1 1119 0 1412 5
2 1354 978 2 1119 0 201 976 510 2 1153 2
1 1359 899 2 510 0 567 896 316 1 792 3
0 1362 855 2 316 0 533 851 883 0 829 4
0 1412 5 1 883 0 1412 5
0 1412 5 1 131 0 1412 5
0 1412 5 1 371 0 1412 5
0 1412 5 1 783 0 1412 5
0 1412 5 1 582 0 1412 5
0 1412 5 1 582 0 1412 5
0 1412 5 1 15 0 1412 5
0 1412 5 1 15 0 1412 5
0 1412 5 1 715 0 1412 5
0 1412 5 1 1163 0 1412 5
0 1412 5 1 1163 0 1412 5
0 1412 5 1 1042 0 1412 5
0 1412 5 1 6 0 1412 5
0 1412 5 1 234 0 1412 5
0 1412 5 1 568 0 1412 5
0 1412 5 1 568 0 1412 5
0 1412 5 1 968 0 1412 5
0 1412 5 1 904 0 1412 5
0 1412 5 1 572 0 1412 5
0 1412 5 1 936 0 1412 5
0 1412 5 1 577 0 1412 5
0 1412 5 1 497 0 1412 5
0 1412 5 1 485 0 1412 5
0 1412 5 1 882 0 1412 5
0 1412 5 1 741 0 1412 5
0 1356 957 2 741 0 0 951 563 0 1356 6
0 1412 5 1 563 0 1412 5
0 1412 5 1 1067 0 1412 5
0 1412 5 1 134 0 1412 5
0 1412 5 1 1007 0 1412 5
0 1357 940 2 1007 0 192 935 325 0 1165 5
0 1412 5 1 1066 0 1412 5
0 1372 685 1 596 0 1372 685
1 1365 797 2 811 0 833 793 169 1 532 4
0 1412 5 1 150 0 1412 5
0 1412 5 1 937 0 1412 5
0 1412 5 1 819 0 1412 5
0 1412 5 1 188 0 1412 5
0 1412 5 1 168 0 1412 5
0 1412 5 1 552 0 1412 5
0 1412 5 1 957 0 1412 5
0 1412 5 1 615 0 1412 5
0 1351 1042 2 880 0 1303 1039 25 0 48 3
0 1412 5 1 25 0 1412 5
2 1379 553 2 1040 0 759 552 1106 2 620 1
0 1412 5 1 360 0 1412 5
0 1412 5 1 1111 0 1412 5
0 1412 5 1 500 0 1412 5
0 1412 5 1 500 0 1412 5
0 1412 5 1 1197 0 1412 5
0 1412 5 1 1197 0 1412 5
0 1412 5 1 1197 0 1412 5
-1
19 76
1 2817 4 1 98 1 2817 4
0 2775 724 2 98 0 138 720 879 0 2637 4
1 2782 599 2 879 0 0 599 254 1 2782 0
1 2817 4 1 254 1 2817 4
1 2817 4 1 454 1 2817 4
0 2750 1149 2 454 0 1070 1144 479 0 1680 5
1 2766 871 2 479 0 2608 867 1052 1 158 4
1 2817 4 1 1052 1 2817 4
1 2746 1211 2 1052 0 865 1210 37 1 1881 1
1 2817 4 1 463 1 2817 4
0 2765 894 2 463 0 1533 892 410 0 1232 2
1 2817 4 1 410 1 2817 4
0 2746 1218 2 410 0 0 1218 420 0 2746 0
1 2817 4 1 420 1 2817 4
1 2817 4 1 429 1 2817 4
1 2817 4 1 429 1 2817 4
0 2778 674 2 94 0 2683 672 587 0 95 2
1 2817 4 1 511 1 2817 4
0 2768 844 2 511 0 547 844 32 0 2221 0
1 2817 4 1 151 1 2817 4
1 2817 4 1 151 1 2817 4
1 2817 4 1 1133 1 2817 4
1 2817 4 1 1133 1 2817 4
1 2817 4 1 431 1 2817 4
2 2759 984 2 431 0 97 984 999 2 2662 0
2 2765 882 2 999 0 1714 882 648 2 1051 0
1 2817 4 1 648 1 2817 4
2 2730 1477 2 648 0 2329 1476 666 2 401 1
1 2817 4 1 55 1 2817 4
1 2817 4 1 184 1 2817 4
1 2817 4 1 599 1 2817 4
1 2817 4 1 599 1 2817 4
1 2817 4 1 120 1 2817 4
1 2817 4 1 916 1 2817 4
1 2817 4 1 369 1 2817 4
1 2817 4 1 30 1 2817 4
1 2817 4 1 258 1 2817 4
0 2765 894 2 258 0 463 894 655 0 2302 0
1 2817 4 1 655 1 2817 4
1 2817 4 1 125 1 2817 4
1 2817 4 1 125 1 2817 4
1 2817 4 1 742 1 2817 4
1 2817 4 1 742 1 2817 4
1 2817 4 1 590 1 2817 4
2 2762 933 2 590 0 336 931 1081 2 2426 2
1 2817 4 1 1081 1 2817 4
0 2733 1438 2 1081 0 585 1433 951 0 2148 5
1 2817 4 1 951 1 2817 4
1 2817 4 1 412 1 2817 4
0 2762 945 2 412 0 1870 941 770 0 892 4
1 2771 786 2 770 0 2640 784 819 1 131 2
1 2817 4 1 85 1 2817 4
1 2817 4 1 995 1 2817 4
2 2731 1460 2 995 0 581 1459 875 2 2150 1
1 2817 4 1 368 1 2817 4
0 2745 1234 2 368 0 1037 1234 670 0 1708 0
1 2817 4 1 670 1 2817 4
1 2817 4 1 1142 1 2817 4
1 2817 4 1 850 1 2817 4
1 2817 4 1 850 1 2817 4
1 2817 4 1 221 1 2817 4
1 2817 4 1 840 1 2817 4
1 2817 4 1 840 1 2817 4
1 2817 4 1 527 1 2817 4
1 2817 4 1 527 1 2817 4
0 2765 894 2 842 0 1933 892 1156 0 832 2
0 2762 945 2 1156 0 2224 943 824 0 538 2
1 2817 4 1 824 1 2817 4
2 2734 1409 2 824 0 2250 1408 816 2 484 1
1 2817 4 1 816 1 2817 4
1 2731 1466 2 755 0 2153 1462 337 1 578 4
0 2773 758 2 337 0 2719 758 1176 0 54 0
1 2817 4 1 1176 1 2817 4
1 2817 4 1 375 1 2817 4
1 2817 4 1 375 1 2817 4
0 2733 1439 2 375 0 267 1439 1055 0 2466 0
-1
20 61
1 2353 1 1 176 1 2353 1
1 2353 1 1 984 1 2353 1
1 2353 1 1 635 1 2353 1
1 2353 1 1 635 1 2353 1
1 2353 1 1 652 1 2353 1
1 2353 1 1 465 1 2353 1
2 2307 777 2 813 0 1888 775 251 2 419 2
1 2353 1 1 457 1 2353 1
2 2287 1117 2 457 0 1966 1117 535 2 321 0
1 2353 1 1 535 1 2353 1
1 2353 1 1 1119 1 2353 1
1 2353 1 1 510 1 2353 1
1 2353 1 1 316 1 2353 1
1 2353 1 1 883 1 2353 1
0 2276 1317 2 883 0 875 1314 131 0 1401 3
1 2353 1 1 371 1 2353 1
1 2353 1 1 783 1 2353 1
1 2353 1 1 783 1 2353 1
1 2353 1 1 582 1 2353 1
1 2353 1 1 526 1 2353 1
1 2353 1 1 15 1 2353 1
0 2267 1470 2 15 0 1439 1465 715 0 828 5
1 2353 1 1 715 1 2353 1
1 2353 1 1 1163 1 2353 1
1 2353 1 1 1042 1 2353 1
1 2353 1 1 6 1 2353 1
1 2353 1 1 6 1 2353 1
1 2353 1 1 234 1 2353 1
1 2353 1 1 568 1 2353 1
0 2302 875 2 1168 0 565 871 968 0 1737 4
1 2353 1 1 968 1 2353 1
1 2353 1 1 904 1 2353 1
1 2353 1 1 936 1 2353 1
1 2353 1 1 283 1 2353 1
1 2303 851 2 577 0 2250 848 497 1 53 3
2 2309 743 2 497 0 1251 740 485 2 1058 3
0 2300 909 2 485 0 1712 903 882 0 588 6
1 2301 885 2 882 0 2013 881 741 1 288 4
1 2353 1 1 741 1 2353 1
1 2353 1 1 563 1 2353 1
2 2268 1440 2 563 0 1491 1439 1067 2 777 1
0 2300 909 2 1067 0 1984 904 134 0 316 5
1 2353 1 1 134 1 2353 1
1 2353 1 1 1007 1 2353 1
1 2353 1 1 1066 1 2353 1
0 2298 943 2 1066 0 141 938 596 0 2157 5
1 2353 1 1 811 1 2353 1
0 2322 535 1 169 0 2322 535
1 2353 1 1 150 1 2353 1
0 2274 1351 2 937 0 898 1349 819 0 1376 2
1 2353 1 1 188 1 2353 1
1 2353 1 1 168 1 2353 1
1 2286 1140 2 168 0 1880 1135 552 1 406 5
1 2353 1 1 552 1 2353 1
1 2319 579 2 957 0 654 577 615 1 1665 2
1 2353 1 1 880 1 2353 1
1 2353 1 1 25 1 2353 1
1 2353 1 1 1040 1 2353 1
1 2323 511 2 1106 0 1537 509 129 1 786 2
1 2353 1 1 928 1 2353 1
1 2272 1378 2 1111 0 1823 1376 48 1 449 2
-1
21 61
0 1602 2 1 176 0 1602 2
0 1602 2 1 984 0 1602 2
0 1602 2 1 635 0 1602 2
0 1530 1226 2 635 0 660 1223 652 0 870 3
0 1602 2 1 652 0 1602 2
2 1564 635 2 465 0 250 632 813 2 1314 3
0 1602 2 1 251 0 1602 2
0 1602 2 1 457 0 1602 2
0 1602 2 1 535 0 1602 2
0 1545 971 2 535 0 653 967 1119 0 892 4
0 1602 2 1 1119 0 1602 2
0 1602 2 1 510 0 1602 2
0 1602 2 1 316 0 1602 2
0 1602 2 1 883 0 1602 2
0 1602 2 1 131 0 1602 2
0 1602 2 1 371 0 1602 2
0 1602 2 1 783 0 1602 2
0 1516 1464 2 783 0 1167 1461 582 0 349 3
0 1602 2 1 582 0 1602 2
1 1531 1203 2 526 0 1293 1201 15 1 238 2
0 1602 2 1 15 0 1602 2
0 1602 2 1 715 0 1602 2
0 1541 1039 2 715 0 832 1038 1163 0 709 1
0 1602 2 1 1163 0 1602 2
0 1602 2 1 1042 0 1602 2
0 1602 2 1 6 0 1602 2
0 1522 1362 2 6 0 1275 1362 234 0 247 0
2 1557 754 2 234 0 387 753 568 2 1170 1
0 1602 2 1 568 0 1602 2
0 1602 2 1 968 0 1602 2
0 1534 1158 2 968 0 958 1154 904 0 576 4
1 1558 744 2 904 0 4 743 572 1 1554 1
0 1602 2 1 936 0 1602 2
0 1602 2 1 577 0 1602 2
0 1602 2 1 497 0 1602 2
0 1602 2 1 485 0 1602 2
0 1602 2 1 882 0 1602 2
0 1602 2 1 741 0 1602 2
0 1574 478 1 741 0 1574 478
0 1602 2 1 563 0 1602 2
0 1602 2 1 1067 0 1602 2
0 1602 2 1 134 0 1602 2
0 1543 1005 2 134 0 1047 1005 1007 0 496 0
0 1602 2 1 1007 0 1602 2
0 1602 2 1 1066 0 1602 2
0 1602 2 1 596 0 1602 2
0 1602 2 1 811 0 1602 2
0 1558 750 2 169 0 0 745 150 0 1558 5
1 1544 982 2 150 0 1164 980 937 1 380 2
0 1602 2 1 819 0 1602 2
0 1602 2 1 188 0 1602 2
0 1602 2 1 168 0 1602 2
0 1602 2 1 552 0 1602 2
0 1544 988 2 552 0 758 983 957 0 786 5
0 1602 2 1 615 0 1602 2
0 1602 2 1 880 0 1602 2
0 1602 2 1 25 0 1602 2
0 1602 2 1 1040 0 1602 2
1 1521 1373 2 129 0 711 1370 360 1 810 3
1 1569 557 2 928 0 1068 556 1111 1 501 1
1 1563 659 2 48 0 2 659 500 1 1561 0
-1
22 67
0 1480 3 1 662 0 1480 3
0 1480 3 1 271 0 1480 3
0 1446 581 2 744 0 624 579 345 0 822 2
0 1480 3 1 873 0 1480 3
0 1480 3 1 721 0 1480 3
2 1437 722 2 603 0 408 719 1028 2 1029 3
0 1480 3 1 1028 0 1480 3
0 1480 3 1 962 0 1480 3
0 1480 3 1 466 0 1480 3
1 1428 881 2 1033 0 619 878 1101 1 809 3
0 1480 3 1 227 0 1480 3
0 1480 3 1 109 0 1480 3
0 1480 3 1 720 0 1480 3
0 1480 3 1 1137 0 1480 3
0 1480 3 1 49 0 1480 3
0 1480 3 1 61 0 1480 3
0 1480 3 1 743 0 1480 3
0 1480 3 1 287 0 1480 3
0 1480 3 1 591 0 1480 3
0 1480 3 1 384 0 1480 3
0 1465 258 1 759 0 1465 258
0 1480 3 1 614 0 1480 3
2 1450 501 2 114 0 1066 497 418 2 384 4
0 1480 3 1 418 0 1480 3
0 1409 1210 2 415 0 1315 1206 1009 0 94 4
0 1480 3 1 938 0 1480 3
1 1449 524 2 612 0 0 520 246 1 1449 4
0 1480 3 1 1113 0 1480 3
0 1480 3 1 555 0 1480 3
0 1480 3 1 220 0 1480 3
0 1480 3 1 270 0 1480 3
0 1480 3 1 1037 0 1480 3
0 1480 3 1 579 0 1480 3
0 1480 3 1 283 0 1480 3
0 1480 3 1 499 0 1480 3
0 1480 3 1 800 0 1480 3
0 1480 3 1 1122 0 1480 3
0 1480 3 1 934 0 1480 3
0 1480 3 1 734 0 1480 3
0 1480 3 1 332 0 1480 3
2 1418 1045 2 41 0 863 1042 1036 2 555 3
0 1480 3 1 898 0 1480 3
0 1480 3 1 929 0 1480 3
0 1428 887 2 361 0 418 884 36 0 1010 3
0 1400 1363 2 36 0 1275 1359 692 0 125 4
0 1480 3 1 692 0 1480 3
0 1480 3 1 286 0 1480 3
0 1480 3 1 195 0 1480 3
2 1426 909 2 773 0 501 905 344 2 925 4
0 1480 3 1 1181 0 1480 3
0 1480 3 1 311 0 1480 3
0 1480 3 1 1048 0 1480 3
2 1450 501 2 545 0 1301 499 238 2 149 2
0 1480 3 1 28 0 1480 3
0 1480 3 1 799 0 1480 3
0 1480 3 1 872 0 1480 3
0 1480 3 1 353 0 1480 3
0 1480 3 1 1136 0 1480 3
0 1480 3 1 714 0 1480 3
0 1480 3 1 226 0 1480 3
0 1480 3 1 823 0 1480 3
0 1480 3 1 64 0 1480 3
0 1480 3 1 175 0 1480 3
0 1480 3 1 1013 0 1480 3
0 1480 3 1 492 0 1480 3
0 1480 3 1 492 0 1480 3
0 1480 3 1 492 0 1480 3
-1
23 83
0 1332 1 1 433 0 1332 1
0 1332 1 1 433 0 1332 1
0 1332 1 1 477 0 1332 1
0 1332 1 1 477 0 1332 1
0 1332 1 1 477 0 1332 1
0 1332 1 1 493 0 1332 1
0 1332 1 1 493 0 1332 1
2 1264 1145 2 493 0 610 1142 9 2 654 3
0 1332 1 1 9 0 1332 1
0 1332 1 1 961 0 1332 1
0 1332 1 1 931 0 1332 1
0 1332 1 1 931 0 1332 1
0 1269 1072 2 931 0 112 1067 148 0 1157 5
0 1332 1 1 148 0 1332 1
0 1332 1 1 148 0 1332 1
1 1249 1406 2 148 0 1138 1402 348 1 111 4
0 1332 1 1 348 0 1332 1
0 1332 1 1 348 0 1332 1
1 1259 1236 2 348 0 653 1233 553 1 606 3
0 1319 222 1 553 0 1319 222
0 1332 1 1 672 0 1332 1
0 1332 1 1 672 0 1332 1
0 1332 1 1 672 0 1332 1
0 1332 1 1 539 0 1332 1
0 1332 1 1 399 0 1332 1
0 1332 1 1 399 0 1332 1
0 1332 1 1 145 0 1332 1
0 1332 1 1 145 0 1332 1
0 1332 1 1 145 0 1332 1
0 1332 1 1 66 0 1332 1
0 1332 1 1 66 0 1332 1
1 1272 1015 2 66 0 1070 1011 96 1 202 4
0 1332 1 1 96 0 1332 1
0 1332 1 1 96 0 1332 1
0 1291 698 1 96 0 1291 698
0 1332 1 1 977 0 1332 1
0 1332 1 1 977 0 1332 1
0 1332 1 1 159 0 1332 1
0 1332 1 1 159 0 1332 1
0 1332 1 1 159 0 1332 1
0 1332 1 1 203 0 1332 1
0 1332 1 1 203 0 1332 1
0 1332 1 1 203 0 1332 1
0 1332 1 1 57 0 1332 1
0 1332 1 1 57 0 1332 1
0 1332 1 1 1021 0 1332 1
0 1332 1 1 1021 0 1332 1
2 1259 1230 2 1021 0 762 1229 722 2 497 1
0 1332 1 1 722 0 1332 1
0 1332 1 1 1074 0 1332 1
0 1332 1 1 1074 0 1332 1
0 1332 1 1 1074 0 1332 1
2 1248 1417 2 1074 0 1044 1415 725 2 204 2
0 1332 1 1 725 0 1332 1
0 1286 783 2 725 0 379 782 124 0 907 1
0 1332 1 1 124 0 1332 1
0 1332 1 1 124 0 1332 1
0 1332 1 1 124 0 1332 1
0 1332 1 1 774 0 1332 1
0 1332 1 1 56 0 1332 1
0 1332 1 1 56 0 1332 1
0 1332 1 1 56 0 1332 1
0 1332 1 1 192 0 1332 1
0 1332 1 1 192 0 1332 1
0 1332 1 1 1069 0 1332 1
1 1293 658 2 1069 0 279 656 1008 1 1014 2
0 1332 1 1 1008 0 1332 1
0 1332 1 1 851 0 1332 1
0 1332 1 1 851 0 1332 1
0 1332 1 1 186 0 1332 1
0 1332 1 1 33 0 1332 1
0 1332 1 1 33 0 1332 1
0 1332 1 1 75 0 1332 1
0 1332 1 1 75 0 1332 1
0 1332 1 1 75 0 1332 1
0 1332 1 1 118 0 1332 1
0 1332 1 1 118 0 1332 1
0 1332 1 1 588 0 1332 1
0 1332 1 1 588 0 1332 1
0 1332 1 1 588 0 1332 1
0 1332 1 1 1034 0 1332 1
0 1332 1 1 1034 0 1332 1
0 1332 1 1 1034 0 1332 1
-1
24 80
2 3160 3 1 5 2 3160 3
2 3160 3 1 5 2 3160 3
1 3102 996 2 5 0 2676 994 564 1 426 2
2 3160 3 1 564 2 3160 3
2 3160 3 1 564 2 3160 3
0 3101 1019 2 564 0 2492 1019 1062 0 609 0
2 3160 3 1 1062 2 3160 3
2 3160 3 1 1062 2 3160 3
2 3099 1040 2 1062 0 2463 1038 955 2 636 2
2 3160 3 1 955 2 3160 3
2 3160 3 1 955 2 3160 3
0 3108 900 2 955 0 1165 895 731 0 1943 5
0 3133 475 1 731 0 3133 475
0 3156 84 2 731 0 0 84 956 0 3156 0
2 3160 3 1 956 2 3160 3
2 3105 938 2 956 0 2142 937 600 2 963 1
2 3160 3 1 600 2 3160 3
2 3160 3 1 600 2 3160 3
2 3109 870 2 600 0 604 870 526 2 2505 0
2 3160 3 1 526 2 3160 3
2 3160 3 1 202 2 3160 3
1 3079 1387 2 202 0 449 1384 23 1 2630 3
2 3160 3 1 23 2 3160 3
2 3160 3 1 23 2 3160 3
2 3100 1023 2 23 0 306 1020 166 2 2794 3
2 3122 650 2 166 0 3063 648 966 2 59 2
2 3160 3 1 966 2 3160 3
1 3123 639 2 966 0 2555 637 760 1 568 2
2 3160 3 1 760 2 3160 3
2 3160 3 1 760 2 3160 3
2 3160 3 1 760 2 3160 3
0 3079 1393 2 760 0 2581 1393 700 0 498 0
2 3160 3 1 700 2 3160 3
0 3121 679 2 700 0 2478 679 790 0 643 0
2 3160 3 1 790 2 3160 3
2 3160 3 1 790 2 3160 3
1 3106 928 2 790 0 1430 927 887 1 1676 1
2 3160 3 1 887 2 3160 3
2 3160 3 1 887 2 3160 3
2 3096 1092 2 887 0 1854 1088 684 2 1242 4
2 3160 3 1 684 2 3160 3
2 3160 3 1 684 2 3160 3
2 3160 3 1 684 2 3160 3
2 3076 1431 2 684 0 2239 1428 596 2 837 3
2 3160 3 1 596 2 3160 3
2 3160 3 1 596 2 3160 3
2 3160 3 1 169 2 3160 3
2 3160 3 1 169 2 3160 3
2 3160 3 1 690 2 3160 3
2 3160 3 1 690 2 3160 3
2 3160 3 1 690 2 3160 3
1 3088 1234 2 690 0 1692 1233 680 1 1396 1
2 3160 3 1 680 2 3160 3
2 3160 3 1 680 2 3160 3
2 3160 3 1 680 2 3160 3
2 3079 1381 2 680 0 1618 1379 129 2 1461 2
2 3160 3 1 129 2 3160 3
2 3160 3 1 129 2 3160 3
2 3160 3 1 129 2 3160 3
2 3160 3 1 1111 2 3160 3
2 3160 3 1 1111 2 3160 3
2 3160 3 1 189 2 3160 3
2 3160 3 1 189 2 3160 3
1 3102 996 2 189 0 2694 996 914 1 408 0
2 3160 3 1 914 2 3160 3
2 3160 3 1 914 2 3160 3
2 3160 3 1 914 2 3160 3
1 3077 1421 2 914 0 2921 1415 319 1 156 6
2 3160 3 1 319 2 3160 3
1 3124 622 2 319 0 2315 617 1045 1 809 5
2 3160 3 1 1045 2 3160 3
2 3160 3 1 1045 2 3160 3
1 3103 979 2 1045 0 1776 979 923 1 1327 0
2 3160 3 1 923 2 3160 3
2 3160 3 1 923 2 3160 3
2 3160 3 1 923 2 3160 3
1 3082 1336 2 923 0 1246 1331 395 1 1836 5
0 3099 1053 2 395 0 949 1053 1188 0 2150 0
2 3160 3 1 1188 2 3160 3
2 3160 3 1 1188 2 3160 3
-1
25 84
1 1460 1 1 171 1 1460 1
1 1460 1 1 334 1 1460 1
1 1460 1 1 334 1 1460 1
1 1460 1 1 334 1 1460 1
1 1460 1 1 661 1 1460 1
2 1401 997 2 661 0 288 996 747 2 1113 1
1 1421 664 2 747 0 1038 658 945 1 383 6
1 1460 1 1 945 1 1460 1
1 1460 1 1 945 1 1460 1
1 1460 1 1 452 1 1460 1
1 1460 1 1 329 1 1460 1
1 1460 1 1 329 1 1460 1
1 1460 1 1 14 1 1460 1
1 1460 1 1 14 1 1460 1
1 1460 1 1 200 1 1460 1
1 1399 1038 2 200 0 496 1032 469 1 903 6
1 1460 1 1 469 1 1460 1
1 1460 1 1 469 1 1460 1
1 1460 1 1 736 1 1460 1
1 1398 1055 2 736 0 863 1053 336 1 535 2
1 1460 1 1 336 1 1460 1
1 1395 1106 2 336 0 428 1106 22 1 967 0
1 1460 1 1 22 1 1460 1
1 1460 1 1 135 1 1460 1
1 1460 1 1 1085 1 1460 1
2 1401 997 2 1085 0 786 994 390 2 615 3
1 1460 1 1 390 1 1460 1
1 1460 1 1 390 1 1460 1
1 1460 1 1 379 1 1460 1
0 1450 177 1 379 0 1450 177
1 1460 1 1 975 1 1460 1
1 1460 1 1 460 1 1460 1
1 1460 1 1 460 1 1460 1
1 1460 1 1 198 1 1460 1
1 1460 1 1 827 1 1460 1
1 1460 1 1 86 1 1460 1
1 1460 1 1 86 1 1460 1
1 1460 1 1 86 1 1460 1
1 1460 1 1 156 1 1460 1
1 1460 1 1 156 1 1460 1
1 1460 1 1 489 1 1460 1
1 1460 1 1 489 1 1460 1
1 1380 1361 2 489 0 1034 1361 404 1 346 0
1 1460 1 1 404 1 1460 1
1 1460 1 1 404 1 1460 1
1 1460 1 1 992 1 1460 1
1 1460 1 1 222 1 1460 1
0 1419 704 2 222 0 1078 704 139 0 341 0
1 1460 1 1 529 1 1460 1
1 1460 1 1 529 1 1460 1
1 1460 1 1 219 1 1460 1
1 1460 1 1 219 1 1460 1
1 1460 1 1 443 1 1460 1
1 1460 1 1 443 1 1460 1
1 1400 1021 2 767 0 1028 1015 322 1 372 6
1 1460 1 1 322 1 1460 1
1 1460 1 1 983 1 1460 1
1 1460 1 1 983 1 1460 1
1 1460 1 1 285 1 1460 1
1 1460 1 1 285 1 1460 1
1 1447 222 2 285 0 0 216 659 1 1447 6
1 1460 1 1 659 1 1460 1
1 1460 1 1 886 1 1460 1
2 1427 555 2 886 0 0 554 546 2 1427 1
1 1460 1 1 546 1 1460 1
2 1385 1269 2 546 0 1002 1269 554 2 383 0
1 1401 1004 2 554 0 319 998 347 1 1082 6
1 1460 1 1 347 1 1460 1
1 1460 1 1 185 1 1460 1
1 1460 1 1 505 1 1460 1
1 1460 1 1 346 1 1460 1
1 1460 1 1 620 1 1460 1
1 1460 1 1 127 1 1460 1
1 1460 1 1 678 1 1460 1
1 1460 1 1 678 1 1460 1
1 1460 1 1 42 1 1460 1
1 1460 1 1 315 1 1460 1
1 1460 1 1 310 1 1460 1
1 1410 851 2 515 0 863 851 1068 1 547 0
1 1460 1 1 1068 1 1460 1
0 1401 1010 2 1188 0 187 1005 112 0 1214 5
1 1460 1 1 641 1 1460 1
2 1423 623 2 903 0 52 622 730 2 1371 1
0 611 721 1 730 0 611 721
-1
26 89
2 2844 3 1 65 2 2844 3
2 2844 3 1 65 2 2844 3
0 2803 712 2 65 0 761 711 248 0 2042 1
1 2813 536 2 248 0 2764 533 517 1 49 3
2 2844 3 1 517 2 2844 3
2 2844 3 1 517 2 2844 3
2 2801 734 2 517 0 936 733 498 2 1865 1
2 2844 3 1 498 2 2844 3
2 2844 3 1 498 2 2844 3
2 2844 3 1 498 2 2844 3
0 2777 1154 2 498 0 62 1153 653 0 2715 1
2 2844 3 1 653 2 2844 3
2 2844 3 1 653 2 2844 3
0 2787 984 2 653 0 503 983 1084 0 2284 1
2 2844 3 1 1084 2 2844 3
2 2844 3 1 1084 2 2844 3
2 2786 989 2 1084 0 979 988 187 2 1807 1
2 2844 3 1 187 2 2844 3
2 2844 3 1 187 2 2844 3
2 2844 3 1 187 2 2844 3
0 2774 1205 2 187 0 561 1202 1186 0 2213 3
2 2844 3 1 1186 2 2844 3
2 2806 649 2 1186 0 800 645 29 2 2006 4
2 2844 3 1 29 2 2844 3
1 2802 723 2 29 0 1671 718 69 1 1131 5
2 2844 3 1 69 2 2844 3
2 2844 3 1 69 2 2844 3
2 2794 853 2 69 0 916 849 19 2 1878 4
2 2844 3 1 19 2 2844 3
0 2801 746 2 19 0 2033 744 971 0 768 2
2 2844 3 1 971 2 2844 3
2 2844 3 1 971 2 2844 3
2 2844 3 1 971 2 2844 3
0 2767 1324 2 971 0 2709 1324 356 0 58 0
2 2844 3 1 356 2 2844 3
2 2844 3 1 356 2 2844 3
2 2844 3 1 356 2 2844 3
1 2771 1250 2 356 0 2708 1247 1114 1 63 3
2 2844 3 1 1114 2 2844 3
2 2844 3 1 1114 2 2844 3
2 2789 938 2 1114 0 2767 938 318 2 22 0
2 2844 3 1 318 2 2844 3
2 2814 513 2 318 0 1738 509 144 2 1076 4
2 2844 3 1 144 2 2844 3
2 2844 3 1 144 2 2844 3
2 2844 3 1 144 2 2844 3
2 2844 3 1 144 2 2844 3
2 2759 1448 2 144 0 714 1448 1115 2 2045 0
2 2844 3 1 1115 2 2844 3
2 2844 3 1 1115 2 2844 3
0 2777 1154 2 1115 0 2665 1150 1032 0 112 4
2 2844 3 1 1032 2 2844 3
1 2807 638 2 1032 0 2802 633 939 1 5 5
2 2844 3 1 939 2 2844 3
2 2844 3 1 939 2 2844 3
2 2801 734 2 939 0 998 733 373 2 1803 1
2 2844 3 1 373 2 2844 3
1 2814 519 2 373 0 20 515 569 1 2794 4
1 2808 621 2 569 0 2597 620 223 1 211 1
2 2844 3 1 223 2 2844 3
2 2844 3 1 223 2 2844 3
1 2800 757 2 223 0 972 757 948 1 1828 0
2 2844 3 1 948 2 2844 3
2 2844 3 1 948 2 2844 3
2 2844 3 1 948 2 2844 3
0 2769 1290 2 948 0 1324 1290 664 0 1445 0
2 2844 3 1 664 2 2844 3
2 2844 3 1 664 2 2844 3
0 2783 1052 2 664 0 2029 1051 978 0 754 1
2 2844 3 1 978 2 2844 3
2 2844 3 1 978 2 2844 3
0 2785 1018 2 978 0 2770 1017 837 0 15 1
2 2844 3 1 837 2 2844 3
2 2844 3 1 837 2 2844 3
2 2844 3 1 837 2 2844 3
2 2773 1210 2 837 0 2391 1206 31 2 382 4
2 2844 3 1 31 2 2844 3
2 2844 3 1 31 2 2844 3
2 2844 3 1 54 2 2844 3
2 2844 3 1 54 2 2844 3
2 2844 3 1 54 2 2844 3
2 2844 3 1 339 2 2844 3
0 2771 1256 2 339 0 1896 1255 788 0 875 1
2 2844 3 1 788 2 2844 3
2 2771 1244 2 788 0 1009 1241 685 2 1762 3
1 2794 859 2 685 0 572 857 571 1 2222 2
2 2782 1057 2 571 0 2744 1053 524 2 38 4
0 2802 729 2 524 0 1809 727 11 0 993 2
2 2844 3 1 11 2 2844 3
-1
27 77
1 2399 1 1 98 1 2399 1
1 2399 1 1 879 1 2399 1
1 2399 1 1 254 1 2399 1
2 2335 1083 2 254 0 595 1080 454 2 1740 3
1 2399 1 1 454 1 2399 1
1 2399 1 1 479 1 2399 1
1 2399 1 1 1052 1 2399 1
1 2399 1 1 1052 1 2399 1
1 2399 1 1 37 1 2399 1
1 2399 1 1 463 1 2399 1
1 2399 1 1 410 1 2399 1
1 2399 1 1 410 1 2399 1
1 2399 1 1 420 1 2399 1
1 2399 1 1 420 1 2399 1
1 2399 1 1 429 1 2399 1
0 2332 1146 2 429 0 127 1145 94 0 2205 1
1 2399 1 1 587 1 2399 1
1 2399 1 1 511 1 2399 1
1 2399 1 1 32 1 2399 1
1 2399 1 1 151 1 2399 1
1 2399 1 1 151 1 2399 1
1 2399 1 1 1133 1 2399 1
2 2330 1168 2 1133 0 1084 1168 431 2 1246 0
1 2399 1 1 431 1 2399 1
1 2399 1 1 999 1 2399 1
1 2399 1 1 648 1 2399 1
1 2399 1 1 648 1 2399 1
0 2366 568 2 666 0 2148 566 55 0 218 2
2 2366 556 2 55 0 835 554 184 2 1531 2
1 2399 1 1 184 1 2399 1
1 2399 1 1 599 1 2399 1
0 2323 1299 2 599 0 1485 1298 120 0 838 1
1 2399 1 1 120 1 2399 1
1 2363 613 2 916 0 1886 613 369 1 477 0
2 2358 692 2 369 0 1772 689 30 2 586 3
0 2355 755 2 30 0 2274 754 258 0 81 1
1 2399 1 1 258 1 2399 1
1 2399 1 1 655 1 2399 1
1 2399 1 1 655 1 2399 1
1 2399 1 1 125 1 2399 1
1 2399 1 1 125 1 2399 1
1 2399 1 1 742 1 2399 1
1 2322 1310 2 742 0 1773 1308 590 1 549 2
1 2399 1 1 590 1 2399 1
1 2399 1 1 1081 1 2399 1
1 2399 1 1 1081 1 2399 1
1 2399 1 1 951 1 2399 1
1 2399 1 1 951 1 2399 1
1 2399 1 1 412 1 2399 1
1 2399 1 1 770 1 2399 1
1 2399 1 1 819 1 2399 1
1 2399 1 1 85 1 2399 1
1 2399 1 1 995 1 2399 1
1 2399 1 1 875 1 2399 1
1 2399 1 1 368 1 2399 1
1 2399 1 1 670 1 2399 1
0 2381 313 1 670 0 2381 313
1 2362 630 2 1142 0 1750 630 850 1 612 0
1 2399 1 1 850 1 2399 1
2 2326 1236 2 850 0 182 1232 221 2 2144 4
1 2350 834 2 221 0 1436 833 840 1 914 1
1 2399 1 1 840 1 2399 1
2 2316 1406 2 840 0 1455 1406 1100 2 861 0
1 2399 1 1 527 1 2399 1
2 2329 1185 2 527 0 1523 1183 842 2 806 2
1 2399 1 1 1156 1 2399 1
1 2399 1 1 824 1 2399 1
1 2399 1 1 824 1 2399 1
1 2399 1 1 816 1 2399 1
1 2354 766 2 816 0 75 766 755 1 2279 0
1 2399 1 1 337 1 2399 1
1 2399 1 1 1176 1 2399 1
1 2354 766 2 1176 0 471 763 520 1 1883 3
1 2399 1 1 375 1 2399 1
1 2399 1 1 375 1 2399 1
1 2399 1 1 1055 1 2399 1
1 2399 1 1 1055 1 2399 1
-1
28 94
0 1310 2 1 174 0 1310 2
0 1310 2 1 174 0 1310 2
0 1310 2 1 174 0 1310 2
0 1310 2 1 174 0 1310 2
0 1310 2 1 174 0 1310 2
0 1310 2 1 174 0 1310 2
0 1310 2 1 174 0 1310 2
0 1310 2 1 174 0 1310 2
0 1310 2 1 174 0 1310 2
0 1310 2 1 174 0 1310 2
1 1223 1475 2 174 0 337 1473 613 1 886 2
0 1310 2 1 613 0 1310 2
0 1310 2 1 613 0 1310 2
0 1310 2 1 613 0 1310 2
0 1310 2 1 613 0 1310 2
0 1310 2 1 613 0 1310 2
0 1310 2 1 613 0 1310 2
0 1310 2 1 613 0 1310 2
0 1310 2 1 613 0 1310 2
0 1231 1345 2 613 0 864 1341 801 0 367 4
0 1310 2 1 801 0 1310 2
0 1310 2 1 801 0 1310 2
0 1310 2 1 801 0 1310 2
0 1310 2 1 801 0 1310 2
0 1310 2 1 801 0 1310 2
0 1310 2 1 801 0 1310 2
0 1310 2 1 801 0 1310 2
0 1310 2 1 801 0 1310 2
0 1236 1260 2 801 0 628 1255 703 0 608 5
0 1310 2 1 703 0 1310 2
0 1310 2 1 703 0 1310 2
0 1310 2 1 703 0 1310 2
0 1310 2 1 703 0 1310 2
0 1310 2 1 703 0 1310 2
0 1310 2 1 703 0 1310 2
0 1310 2 1 703 0 1310 2
0 1310 2 1 703 0 1310 2
0 1310 2 1 703 0 1310 2
2 1225 1435 2 703 0 715 1434 71 2 510 1
0 1310 2 1 71 0 1310 2
0 1310 2 1 71 0 1310 2
0 1310 2 1 71 0 1310 2
0 1310 2 1 71 0 1310 2
0 1310 2 1 71 0 1310 2
0 1310 2 1 71 0 1310 2
1 1250 1016 2 71 0 844 1011 273 1 406 5
0 1310 2 1 273 0 1310 2
0 1310 2 1 273 0 1310 2
0 1310 2 1 273 0 1310 2
0 1310 2 1 273 0 1310 2
1 1272 642 2 273 0 221 639 724 1 1051 3
0 1310 2 1 724 0 1310 2
0 1310 2 1 724 0 1310 2
0 1310 2 1 724 0 1310 2
1 1277 557 2 724 0 112 557 74 1 1165 0
0 1310 2 1 74 0 1310 2
0 1310 2 1 74 0 1310 2
2 1278 534 2 74 0 1038 532 569 2 240 2
0 1310 2 1 832 0 1310 2
0 1310 2 1 832 0 1310 2
0 1310 2 1 832 0 1310 2
0 1310 2 1 832 0 1310 2
0 1310 2 1 832 0 1310 2
0 1310 2 1 832 0 1310 2
0 1310 2 1 832 0 1310 2
0 1310 2 1 832 0 1310 2
0 1310 2 1 832 0 1310 2
1 1228 1390 2 832 0 846 1386 664 1 382 4
0 1310 2 1 505 0 1310 2
0 1310 2 1 505 0 1310 2
0 1310 2 1 20 0 1310 2
0 1310 2 1 20 0 1310 2
0 1310 2 1 20 0 1310 2
0 1310 2 1 20 0 1310 2
0 1310 2 1 20 0 1310 2
0 1310 2 1 20 0 1310 2
0 1310 2 1 20 0 1310 2
0 1310 2 1 20 0 1310 2
0 1310 2 1 20 0 1310 2
2 1227 1401 2 20 0 945 1397 339 2 282 4
0 1310 2 1 339 0 1310 2
0 1310 2 1 339 0 1310 2
0 1310 2 1 788 0 1310 2
0 1310 2 1 788 0 1310 2
0 1310 2 1 685 0 1310 2
0 1272 648 1 194 0 1272 648
0 1310 2 1 524 0 1310 2
0 1310 2 1 11 0 1310 2
0 1310 2 1 422 0 1310 2
0 1310 2 1 422 0 1310 2
0 1310 2 1 808 0 1310 2
0 1310 2 1 808 0 1310 2
0 1310 2 1 675 0 1310 2
0 1310 2 1 657 0 1310 2
-1
29 85
0 2785 0 1 389 0 2785 0
0 2785 0 1 389 0 2785 0
0 2785 0 1 389 0 2785 0
1 2721 1082 2 389 0 1347 1078 697 1 1374 4
0 2785 0 1 697 0 2785 0
0 2785 0 1 697 0 2785 0
0 2785 0 1 697 0 2785 0
0 2711 1258 2 697 0 1601 1255 1025 0 1110 3
0 2785 0 1 1025 0 2785 0
0 2785 0 1 1025 0 2785 0
0 2785 0 1 1025 0 2785 0
2 2712 1229 2 1025 0 1614 1228 329 2 1098 1
0 2785 0 1 224 0 2785 0
0 2785 0 1 224 0 2785 0
1 2739 776 2 224 0 1396 774 27 1 1343 2
0 2785 0 1 27 0 2785 0
1 2750 589 2 27 0 1181 588 484 1 1569 1
0 2785 0 1 484 0 2785 0
0 2747 646 2 484 0 1441 643 471 0 1306 3
0 2785 0 1 471 0 2785 0
0 2785 0 1 471 0 2785 0
0 2785 0 1 471 0 2785 0
0 2719 1122 2 471 0 446 1120 902 0 2273 2
0 2785 0 1 902 0 2785 0
0 2785 0 1 902 0 2785 0
2 2723 1042 2 902 0 1553 1042 681 2 1170 0
0 2785 0 1 681 0 2785 0
0 2742 731 2 681 0 2622 731 1095 0 120 0
0 2785 0 1 1095 0 2785 0
0 2785 0 1 1095 0 2785 0
0 2785 0 1 1095 0 2785 0
1 2728 963 2 1095 0 174 961 237 1 2554 2
0 2785 0 1 237 0 2785 0
0 2785 0 1 237 0 2785 0
2 2719 1110 2 237 0 1856 1107 973 2 863 3
0 2785 0 1 973 0 2785 0
0 2785 0 1 973 0 2785 0
0 2785 0 1 973 0 2785 0
0 2721 1088 2 973 0 581 1086 464 0 2140 2
0 2785 0 1 464 0 2785 0
2 2740 753 2 464 0 1861 752 461 2 879 1
0 2785 0 1 461 0 2785 0
1 2748 623 2 461 0 1905 618 818 1 843 5
0 2785 0 1 818 0 2785 0
0 2785 0 1 818 0 2785 0
2 2729 940 2 818 0 2064 937 139 2 665 3
0 2785 0 1 139 0 2785 0
0 2785 0 1 139 0 2785 0
0 2785 0 1 139 0 2785 0
0 2785 0 1 162 0 2785 0
0 2785 0 1 162 0 2785 0
0 2785 0 1 162 0 2785 0
0 2722 1071 2 162 0 1275 1070 767 0 1447 1
0 2785 0 1 767 0 2785 0
0 2785 0 1 767 0 2785 0
0 2785 0 1 1143 0 2785 0
0 2785 0 1 1143 0 2785 0
0 2785 0 1 1143 0 2785 0
0 2729 952 2 1143 0 177 948 447 0 2552 4
0 2785 0 1 447 0 2785 0
0 2785 0 1 447 0 2785 0
0 2785 0 1 128 0 2785 0
0 2785 0 1 128 0 2785 0
0 2785 0 1 128 0 2785 0
0 2785 0 1 128 0 2785 0
2 2705 1348 2 128 0 956 1344 554 2 1749 4
0 2785 0 1 554 0 2785 0
0 2785 0 1 347 0 2785 0
1 2701 1422 2 347 0 1294 1421 346 1 1407 1
0 2785 0 1 346 0 2785 0
0 2785 0 1 346 0 2785 0
0 2785 0 1 127 0 2785 0
0 2785 0 1 127 0 2785 0
0 2785 0 1 521 0 2785 0
0 2785 0 1 521 0 2785 0
0 2785 0 1 521 0 2785 0
1 2717 1150 2 521 0 1977 1148 515 1 740 2
0 2785 0 1 515 0 2785 0
0 2785 0 1 515 0 2785 0
0 2785 0 1 1068 0 2785 0
0 2785 0 1 632 0 2785 0
2 2731 906 2 112 0 2469 902 641 2 262 4
0 2785 0 1 903 0 2785 0
0 2785 0 1 730 0 2785 0
0 2785 0 1 194 0 2785 0
-1
30 172
1 1394 4 1 752 1 1394 4
1 1394 4 1 752 1 1394 4
1 1394 4 1 752 1 1394 4
1 1394 4 1 752 1 1394 4
1 1394 4 1 752 1 1394 4
0 1347 810 2 752 0 441 804 161 0 906 6
1 1394 4 1 161 1 1394 4
1 1394 4 1 161 1 1394 4
1 1394 4 1 161 1 1394 4
1 1394 4 1 161 1 1394 4
1 1394 4 1 161 1 1394 4
1 1344 854 2 161 0 3 850 158 1 1341 4
1 1394 4 1 158 1 1394 4
1 1394 4 1 158 1 1394 4
1 1394 4 1 158 1 1394 4
1 1394 4 1 158 1 1394 4
1 1394 4 1 158 1 1394 4
1 1394 4 1 158 1 1394 4
1 1394 4 1 158 1 1394 4
0 1315 1354 2 158 0 1313 1348 631 0 2 6
1 1394 4 1 631 1 1394 4
1 1394 4 1 631 1 1394 4
1 1394 4 1 631 1 1394 4
1 1394 4 1 631 1 1394 4
1 1394 4 1 631 1 1394 4
1 1394 4 1 631 1 1394 4
1 1394 4 1 631 1 1394 4
0 1327 1150 2 631 0 862 1147 491 0 465 3
1 1394 4 1 491 1 1394 4
1 1394 4 1 491 1 1394 4
1 1394 4 1 491 1 1394 4
1 1394 4 1 491 1 1394 4
1 1394 4 1 491 1 1394 4
2 1345 831 2 491 0 246 831 915 2 1099 0
1 1394 4 1 915 1 1394 4
1 1394 4 1 915 1 1394 4
1 1394 4 1 915 1 1394 4
1 1394 4 1 915 1 1394 4
1 1394 4 1 915 1 1394 4
0 1338 963 2 915 0 771 963 771 0 567 0
1 1394 4 1 771 1 1394 4
1 1394 4 1 771 1 1394 4
1 1394 4 1 771 1 1394 4
1 1394 4 1 771 1 1394 4
1 1394 4 1 771 1 1394 4
1 1394 4 1 771 1 1394 4
1 1394 4 1 771 1 1394 4
1 1394 4 1 771 1 1394 4
0 1323 1218 1 771 0 1323 1218
2 1382 202 2 771 0 0 200 856 2 1382 2
1 1394 4 1 856 1 1394 4
1 1394 4 1 856 1 1394 4
1 1394 4 1 856 1 1394 4
1 1394 4 1 856 1 1394 4
1 1394 4 1 856 1 1394 4
1 1394 4 1 856 1 1394 4
1 1394 4 1 856 1 1394 4
1 1320 1262 2 856 0 452 1259 792 1 868 3
1 1394 4 1 792 1 1394 4
1 1394 4 1 792 1 1394 4
1 1394 4 1 792 1 1394 4
0 1390 79 1 792 0 1390 79
0 1358 623 2 792 0 0 622 276 0 1358 1
1 1394 4 1 276 1 1394 4
1 1394 4 1 276 1 1394 4
1 1394 4 1 276 1 1394 4
1 1394 4 1 276 1 1394 4
1 1345 837 2 276 0 748 837 622 1 597 0
1 1394 4 1 622 1 1394 4
1 1394 4 1 622 1 1394 4
1 1394 4 1 622 1 1394 4
1 1394 4 1 622 1 1394 4
1 1394 4 1 622 1 1394 4
1 1394 4 1 622 1 1394 4
0 1333 1048 2 622 0 680 1048 1094 0 653 0
1 1394 4 1 1094 1 1394 4
1 1394 4 1 1094 1 1394 4
1 1394 4 1 1094 1 1394 4
1 1394 4 1 1094 1 1394 4
1 1394 4 1 1094 1 1394 4
1 1394 4 1 1094 1 1394 4
1 1394 4 1 1094 1 1394 4
1 1394 4 1 1094 1 1394 4
0 1311 1422 2 1094 0 1255 1420 607 0 56 2
1 1394 4 1 607 1 1394 4
1 1394 4 1 607 1 1394 4
1 1394 4 1 607 1 1394 4
1 1394 4 1 607 1 1394 4
1 1394 4 1 607 1 1394 4
2 1342 882 2 607 0 1087 880 1104 2 255 2
1 1394 4 1 1104 1 1394 4
1 1394 4 1 1104 1 1394 4
1 1394 4 1 1104 1 1394 4
1 1394 4 1 1104 1 1394 4
1 1394 4 1 1104 1 1394 4
1 1394 4 1 1104 1 1394 4
1 1394 4 1 1104 1 1394 4
0 1328 1133 2 1104 0 436 1132 405 0 892 1
1 1394 4 1 405 1 1394 4
1 1394 4 1 405 1 1394 4
1 1394 4 1 405 1 1394 4
1 1394 4 1 405 1 1394 4
1 1394 4 1 405 1 1394 4
0 1338 963 2 405 0 971 961 45 0 367 2
1 1394 4 1 45 1 1394 4
1 1394 4 1 45 1 1394 4
1 1394 4 1 45 1 1394 4
1 1394 4 1 45 1 1394 4
1 1394 4 1 45 1 1394 4
1 1394 4 1 45 1 1394 4
1 1394 4 1 45 1 1394 4
0 1322 1235 2 45 0 1253 1235 494 0 69 0
1 1394 4 1 494 1 1394 4
1 1394 4 1 494 1 1394 4
1 1394 4 1 494 1 1394 4
1 1394 4 1 494 1 1394 4
1 1394 4 1 494 1 1394 4
1 1394 4 1 494 1 1394 4
2 1336 984 2 494 0 624 983 333 2 712 1
1 1394 4 1 333 1 1394 4
1 1394 4 1 333 1 1394 4
1 1394 4 1 333 1 1394 4
1 1394 4 1 333 1 1394 4
1 1394 4 1 333 1 1394 4
1 1394 4 1 333 1 1394 4
0 1374 351 1 333 0 1374 351
1 1348 786 2 333 0 0 786 1155 1 1348 0
1 1394 4 1 1155 1 1394 4
1 1394 4 1 1155 1 1394 4
1 1394 4 1 1155 1 1394 4
1 1394 4 1 1155 1 1394 4
1 1394 4 1 1155 1 1394 4
1 1394 4 1 1155 1 1394 4
1 1324 1194 2 1155 0 1216 1191 1127 1 108 3
1 1394 4 1 1127 1 1394 4
1 1394 4 1 1127 1 1394 4
1 1394 4 1 1127 1 1394 4
1 1394 4 1 1127 1 1394 4
1 1394 4 1 1127 1 1394 4
1 1394 4 1 1127 1 1394 4
1 1394 4 1 1127 1 1394 4
1 1394 4 1 1127 1 1394 4
1 1394 4 1 1127 1 1394 4
0 1309 1456 2 1127 0 791 1456 1082 0 518 0
1 1394 4 1 1082 1 1394 4
1 1394 4 1 1082 1 1394 4
1 1394 4 1 1082 1 1394 4
1 1394 4 1 1082 1 1394 4
1 1394 4 1 1082 1 1394 4
1 1394 4 1 1082 1 1394 4
1 1394 4 1 1082 1 1394 4
0 1323 1218 2 1082 0 922 1217 610 0 401 1
1 1394 4 1 610 1 1394 4
1 1394 4 1 610 1 1394 4
1 1394 4 1 610 1 1394 4
1 1394 4 1 610 1 1394 4
1 1394 4 1 610 1 1394 4
2 1280 1936 3 610 0 229 824 1164 0 295 1109 278 2 756 3
1 1394 4 1 278 1 1394 4
1 1394 4 1 278 1 1394 4
2 1364 508 2 278 0 1105 506 513 2 259 2
1 1394 4 1 513 1 1394 4
1 1394 4 1 513 1 1394 4
1 1394 4 1 513 1 1394 4
1 1394 4 1 513 1 1394 4
1 1394 4 1 513 1 1394 4
1 1394 4 1 513 1 1394 4
1 1394 4 1 513 1 1394 4
2 1322 1222 2 513 0 1242 1222 401 2 80 0
1 1394 4 1 401 1 1394 4
1 1394 4 1 401 1 1394 4
1 1394 4 1 401 1 1394 4
-1
31 116
2 1467 3 1 594 2 1467 3
2 1467 3 1 594 2 1467 3
2 1467 3 1 594 2 1467 3
2 1467 3 1 594 2 1467 3
0 1386 1392 2 594 0 1154 1388 913 0 232 4
2 1467 3 1 913 2 1467 3
2 1467 3 1 913 2 1467 3
1 1466 26 2 913 0 0 23 860 1 1466 3
2 1467 3 1 860 2 1467 3
2 1467 3 1 858 2 1467 3
2 1467 3 1 858 2 1467 3
2 1467 3 1 858 2 1467 3
2 1467 3 1 858 2 1467 3
2 1467 3 1 782 2 1467 3
2 1467 3 1 782 2 1467 3
2 1467 3 1 782 2 1467 3
1 1413 927 2 782 0 197 924 893 1 1216 3
2 1467 3 1 893 2 1467 3
0 1431 627 2 893 0 738 622 807 0 693 5
2 1467 3 1 807 2 1467 3
2 1467 3 1 807 2 1467 3
2 1467 3 1 807 2 1467 3
2 1467 3 1 501 2 1467 3
2 1467 3 1 501 2 1467 3
2 1467 3 1 501 2 1467 3
2 1467 3 1 644 2 1467 3
2 1467 3 1 644 2 1467 3
0 1429 661 2 644 0 10 660 656 0 1419 1
2 1467 3 1 656 2 1467 3
2 1467 3 1 656 2 1467 3
2 1467 3 1 656 2 1467 3
2 1467 3 1 656 2 1467 3
2 1467 3 1 1 2 1467 3
2 1467 3 1 1 2 1467 3
2 1467 3 1 1083 2 1467 3
2 1467 3 1 1083 2 1467 3
1 1424 740 2 1083 0 1398 740 1152 1 26 0
2 1467 3 1 1152 2 1467 3
2 1467 3 1 1152 2 1467 3
2 1467 3 1 1152 2 1467 3
2 1467 3 1 838 2 1467 3
2 1467 3 1 838 2 1467 3
2 1467 3 1 838 2 1467 3
2 1467 3 1 890 2 1467 3
2 1467 3 1 890 2 1467 3
0 1426 712 2 890 0 1198 712 728 0 228 0
2 1467 3 1 728 2 1467 3
0 1437 525 2 728 0 827 525 626 0 610 0
2 1467 3 1 626 2 1467 3
2 1467 3 1 626 2 1467 3
2 1467 3 1 580 2 1467 3
2 1467 3 1 580 2 1467 3
2 1467 3 1 580 2 1467 3
2 1467 3 1 580 2 1467 3
2 1467 3 1 214 2 1467 3
2 1467 3 1 214 2 1467 3
2 1467 3 1 214 2 1467 3
1 1410 978 2 214 0 1132 974 550 1 278 4
2 1467 3 1 550 2 1467 3
2 1467 3 1 550 2 1467 3
0 1417 865 2 550 0 1316 865 1180 0 101 0
2 1467 3 1 1180 2 1467 3
2 1467 3 1 1180 2 1467 3
2 1467 3 1 1180 2 1467 3
2 1467 3 1 1180 2 1467 3
2 1467 3 1 476 2 1467 3
2 1467 3 1 476 2 1467 3
2 1467 3 1 476 2 1467 3
2 1467 3 1 476 2 1467 3
2 1425 717 2 476 0 0 713 179 2 1425 4
2 1467 3 1 179 2 1467 3
0 1431 627 2 179 0 582 627 1166 0 849 0
2 1467 3 1 1166 2 1467 3
2 1467 3 1 1166 2 1467 3
0 1417 865 2 1166 0 674 861 8 0 743 4
2 1467 3 1 8 2 1467 3
2 1467 3 1 8 2 1467 3
2 1467 3 1 8 2 1467 3
2 1467 3 1 8 2 1467 3
2 1467 3 1 217 2 1467 3
2 1467 3 1 217 2 1467 3
2 1467 3 1 217 2 1467 3
2 1467 3 1 217 2 1467 3
0 1395 1239 2 217 0 350 1236 210 0 1045 3
2 1467 3 1 210 2 1467 3
2 1467 3 1 210 2 1467 3
2 1467 3 1 210 2 1467 3
2 1467 3 1 210 2 1467 3
2 1448 326 2 210 0 0 323 1147 2 1448 3
2 1467 3 1 1147 2 1467 3
2 1467 3 1 1147 2 1467 3
2 1415 887 2 1147 0 307 884 105 2 1108 3
2 1467 3 1 105 2 1467 3
2 1467 3 1 105 2 1467 3
2 1467 3 1 105 2 1467 3
2 1397 1193 2 105 0 854 1191 113 2 543 2
2 1467 3 1 113 2 1467 3
2 1467 3 1 113 2 1467 3
2 1467 3 1 113 2 1467 3
2 1467 3 1 113 2 1467 3
0 1385 1409 2 113 0 816 1409 1057 0 569 0
2 1467 3 1 1057 2 1467 3
2 1467 3 1 1057 2 1467 3
2 1467 3 1 1057 2 1467 3
2 1467 3 1 1057 2 1467 3
1 1389 1335 2 1057 0 108 1335 119 1 1281 0
2 1467 3 1 119 2 1467 3
0 1429 661 2 119 0 988 660 1088 0 441 1
2 1467 3 1 1088 2 1467 3
2 1467 3 1 1088 2 1467 3
2 1422 768 2 1088 0 227 765 1063 2 1195 3
2 1467 3 1 1063 2 1467 3
2 1467 3 1 1063 2 1467 3
2 1467 3 1 1063 2 1467 3
2 1467 3 1 1063 2 1467 3
0 1385 1409 2 1063 0 146 1406 543 0 1239 3
-1
32 100
1 2239 3 1 26 1 2239 3
1 2186 904 2 26 0 1434 901 157 1 752 3
1 2239 3 1 157 1 2239 3
1 2239 3 1 157 1 2239 3
0 2156 1420 2 157 0 935 1420 309 0 1221 0
2 2202 626 2 309 0 2173 625 250 2 29 1
1 2239 3 1 250 1 2239 3
1 2239 3 1 250 1 2239 3
1 2239 3 1 377 1 2239 3
1 2239 3 1 377 1 2239 3
1 2186 904 2 377 0 0 904 1141 1 2186 0
1 2239 3 1 1141 1 2239 3
1 2239 3 1 1141 1 2239 3
0 2152 1488 2 1141 0 86 1488 919 0 2066 0
1 2239 3 1 919 1 2239 3
1 2193 785 2 919 0 0 783 446 1 2193 2
1 2239 3 1 446 1 2239 3
1 2174 1108 2 446 0 1094 1105 394 1 1080 3
1 2239 3 1 394 1 2239 3
1 2239 3 1 706 1 2239 3
1 2239 3 1 706 1 2239 3
1 2175 1091 2 706 0 703 1086 642 1 1472 5
1 2239 3 1 642 1 2239 3
1 2239 3 1 642 1 2239 3
1 2156 1414 2 642 0 170 1413 633 1 1986 1
1 2239 3 1 633 1 2239 3
1 2239 3 1 633 1 2239 3
1 2239 3 1 53 1 2239 3
1 2239 3 1 53 1 2239 3
2 2170 1170 2 53 0 249 1170 167 2 1921 0
1 2239 3 1 167 1 2239 3
1 2239 3 1 167 1 2239 3
1 2239 3 1 1121 1 2239 3
1 2239 3 1 1121 1 2239 3
1 2239 3 1 941 1 2239 3
1 2239 3 1 941 1 2239 3
1 2239 3 1 941 1 2239 3
1 2239 3 1 844 1 2239 3
1 2239 3 1 844 1 2239 3
1 2158 1380 2 844 0 2141 1379 364 1 17 1
1 2239 3 1 364 1 2239 3
1 2239 3 1 303 1 2239 3
1 2239 3 1 303 1 2239 3
2 2166 1238 2 303 0 1549 1235 630 2 617 3
1 2239 3 1 630 1 2239 3
1 2239 3 1 630 1 2239 3
1 2239 3 1 284 1 2239 3
1 2239 3 1 624 1 2239 3
1 2239 3 1 624 1 2239 3
1 2239 3 1 624 1 2239 3
1 2239 3 1 586 1 2239 3
2 2193 779 2 586 0 2166 779 1177 2 27 0
1 2239 3 1 1177 1 2239 3
1 2239 3 1 1177 1 2239 3
1 2163 1295 2 1177 0 507 1295 1110 1 1656 0
2 2200 660 2 1110 0 2016 656 232 2 184 4
1 2239 3 1 232 1 2239 3
1 2239 3 1 232 1 2239 3
1 2239 3 1 1195 1 2239 3
2 2188 864 2 1195 0 1465 861 522 2 723 3
1 2239 3 1 522 1 2239 3
2 2190 830 2 522 0 79 828 985 2 2111 2
1 2206 564 2 985 0 732 562 117 1 1474 2
0 2204 604 2 117 0 1739 603 833 0 465 1
0 2208 536 2 833 0 2128 535 259 0 80 1
1 2239 3 1 259 1 2239 3
1 2239 3 1 1070 1 2239 3
1 2239 3 1 1070 1 2239 3
1 2239 3 1 1070 1 2239 3
1 2239 3 1 780 1 2239 3
1 2239 3 1 780 1 2239 3
2 2158 1374 2 780 0 1580 1370 707 2 578 4
1 2239 3 1 707 1 2239 3
1 2239 3 1 698 1 2239 3
1 2239 3 1 698 1 2239 3
1 2165 1261 2 698 0 1628 1258 547 1 537 3
1 2239 3 1 547 1 2239 3
1 2239 3 1 547 1 2239 3
1 2239 3 1 1184 1 2239 3
1 2239 3 1 1184 1 2239 3
1 2239 3 1 1184 1 2239 3
1 2239 3 1 1132 1 2239 3
2 2195 745 2 1132 0 823 743 1001 2 1372 2
1 2239 3 1 1001 1 2239 3
1 2179 1023 2 1001 0 1167 1022 927 1 1012 1
0 2205 587 2 927 0 2021 584 627 0 184 3
1 2239 3 1 627 1 2239 3
1 2239 3 1 627 1 2239 3
1 2239 3 1 575 1 2239 3
1 2239 3 1 575 1 2239 3
1 2239 3 1 47 1 2239 3
1 2239 3 1 47 1 2239 3
1 2239 3 1 47 1 2239 3
1 2239 3 1 279 1 2239 3
1 2239 3 1 279 1 2239 3
1 2239 3 1 940 1 2239 3
1 2239 3 1 940 1 2239 3
1 2239 3 1 749 1 2239 3
1 2239 3 1 1164 1 2239 3
1 2239 3 1 1164 1 2239 3
-1
33 91
0 2256 2 1 487 0 2256 2
0 2256 2 1 487 0 2256 2
0 2256 2 1 487 0 2256 2
0 2205 869 2 487 0 1107 869 618 0 1098 0
0 2256 2 1 618 0 2256 2
0 2256 2 1 618 0 2256 2
0 2256 2 1 618 0 2256 2
0 2256 2 1 618 0 2256 2
0 2188 1158 2 618 0 336 1154 1010 0 1852 4
0 2256 2 1 1010 0 2256 2
0 2256 2 1 1010 0 2256 2
2 2200 942 2 1010 0 2159 939 180 2 41 3
0 2256 2 1 180 0 2256 2
0 2256 2 1 180 0 2256 2
0 2256 2 1 180 0 2256 2
0 2256 2 1 180 0 2256 2
1 2183 1237 2 180 0 2156 1236 481 1 27 1
0 2256 2 1 481 0 2256 2
0 2256 2 1 481 0 2256 2
0 2214 716 2 481 0 1913 712 877 0 301 4
0 2256 2 1 877 0 2256 2
0 2256 2 1 877 0 2256 2
0 2256 2 1 877 0 2256 2
0 2205 869 2 877 0 833 868 548 0 1372 1
0 2256 2 1 548 0 2256 2
2 2220 602 2 548 0 1799 600 1103 2 421 2
0 2256 2 1 1103 0 2256 2
0 2256 2 1 1103 0 2256 2
1 2215 693 2 1103 0 1347 692 216 1 868 1
0 2256 2 1 216 0 2256 2
0 2256 2 1 216 0 2256 2
0 2256 2 1 216 0 2256 2
0 2256 2 1 216 0 2256 2
1 2179 1305 2 216 0 1924 1304 981 1 255 1
0 2256 2 1 981 0 2256 2
0 2256 2 1 981 0 2256 2
0 2256 2 1 981 0 2256 2
0 2256 2 1 981 0 2256 2
0 2191 1107 2 981 0 746 1105 905 0 1445 2
0 2256 2 1 905 0 2256 2
0 2256 2 1 905 0 2256 2
0 2256 2 1 905 0 2256 2
0 2256 2 1 905 0 2256 2
0 2256 2 1 905 0 2256 2
2 2168 1486 2 905 0 730 1483 342 2 1438 3
0 2256 2 1 342 0 2256 2
0 2256 2 1 342 0 2256 2
0 2256 2 1 342 0 2256 2
0 2256 2 1 342 0 2256 2
0 2256 2 1 342 0 2256 2
1 2170 1458 2 342 0 492 1455 995 1 1678 3
0 2256 2 1 995 0 2256 2
0 2256 2 1 995 0 2256 2
0 2256 2 1 623 0 2256 2
0 2256 2 1 623 0 2256 2
0 2256 2 1 623 0 2256 2
0 2256 2 1 623 0 2256 2
2 2193 1061 2 623 0 597 1061 848 2 1596 0
0 2256 2 1 848 0 2256 2
0 2220 614 2 848 0 1645 609 48 0 575 5
0 2256 2 1 48 0 2256 2
0 2256 2 1 991 0 2256 2
0 2256 2 1 991 0 2256 2
0 2256 2 1 991 0 2256 2
0 2256 2 1 991 0 2256 2
0 2256 2 1 991 0 2256 2
1 2180 1288 2 991 0 375 1285 164 1 1805 3
0 2256 2 1 164 0 2256 2
0 2256 2 1 164 0 2256 2
0 2256 2 1 164 0 2256 2
0 2256 2 1 164 0 2256 2
2 2185 1197 2 164 0 15 1194 829 2 2170 3
0 2256 2 1 611 0 2256 2
1 2212 744 2 611 0 913 743 307 1 1299 1
0 2256 2 1 307 0 2256 2
0 2256 2 1 307 0 2256 2
0 2256 2 1 307 0 2256 2
2 2197 993 2 307 0 932 993 645 2 1265 0
0 2256 2 1 645 0 2256 2
0 2256 2 1 645 0 2256 2
0 2135 2059 3 645 0 656 711 54 0 1456 1345 155 0 23 3
0 2256 2 1 155 0 2256 2
0 2256 2 1 155 0 2256 2
1 2213 727 2 155 0 2044 724 788 1 169 3
0 2256 2 1 685 0 2256 2
0 2256 2 1 1055 0 2256 2
1 2178 1322 2 1055 0 47 1319 870 1 2131 3
0 2256 2 1 870 0 2256 2
2 2219 619 2 870 0 1192 615 839 2 1027 4
0 2256 2 1 839 0 2256 2
0 2256 2 1 839 0 2256 2
-1
34 63
0 2431 0 1 176 0 2431 0
0 2431 0 1 984 0 2431 0
1 2362 1167 2 984 0 2088 1167 635 1 274 0
0 2431 0 1 635 0 2431 0
0 2431 0 1 652 0 2431 0
0 2431 0 1 465 0 2431 0
0 2431 0 1 813 0 2431 0
2 2395 599 2 251 0 2028 598 457 2 367 1
0 2431 0 1 457 0 2431 0
0 2431 0 1 535 0 2431 0
0 2431 0 1 1119 0 2431 0
0 2431 0 1 510 0 2431 0
0 2431 0 1 316 0 2431 0
0 2431 0 1 883 0 2431 0
0 2431 0 1 883 0 2431 0
1 2399 538 2 131 0 517 538 371 1 1882 0
0 2381 850 2 371 0 471 850 783 0 1910 0
0 2431 0 1 783 0 2431 0
0 2431 0 1 582 0 2431 0
0 2364 1139 2 582 0 817 1137 526 0 1547 2
0 2431 0 1 15 0 2431 0
0 2431 0 1 15 0 2431 0
0 2431 0 1 715 0 2431 0
0 2431 0 1 1163 0 2431 0
0 2355 1292 2 1163 0 1816 1290 1042 0 539 2
1 2383 810 2 1042 0 1455 808 6 1 928 2
0 2431 0 1 6 0 2431 0
0 2431 0 1 234 0 2431 0
0 2431 0 1 568 0 2431 0
1 2361 1184 2 568 0 363 1180 1168 1 1998 4
0 2431 0 1 968 0 2431 0
0 2431 0 1 904 0 2431 0
0 2431 0 1 572 0 2431 0
2 2386 752 2 936 0 1454 750 283 2 932 2
0 2431 0 1 577 0 2431 0
0 2431 0 1 497 0 2431 0
0 2431 0 1 485 0 2431 0
0 2431 0 1 882 0 2431 0
0 2431 0 1 741 0 2431 0
0 2431 0 1 563 0 2431 0
0 2431 0 1 563 0 2431 0
0 2431 0 1 1067 0 2431 0
0 2431 0 1 134 0 2431 0
0 2431 0 1 1007 0 2431 0
2 2368 1058 2 325 0 1796 1058 1066 2 572 0
0 2431 0 1 1066 0 2431 0
2 2391 667 2 596 0 0 665 811 2 2391 2
0 2431 0 1 169 0 2431 0
0 2431 0 1 150 0 2431 0
0 2431 0 1 937 0 2431 0
0 2431 0 1 819 0 2431 0
2 2384 786 2 188 0 1751 783 168 2 633 3
0 2431 0 1 168 0 2431 0
0 2431 0 1 552 0 2431 0
0 2431 0 1 957 0 2431 0
1 2386 759 2 615 0 2187 754 880 1 199 5
0 2431 0 1 25 0 2431 0
0 2349 1394 2 25 0 2051 1392 1040 0 298 2
0 2431 0 1 1106 0 2431 0
0 2431 0 1 360 0 2431 0
0 2431 0 1 1111 0 2431 0
0 2431 0 1 500 0 2431 0
0 2363 1156 2 500 0 912 1152 313 0 1451 4
-1
35 112
1 1592 2 1 132 1 1592 2
1 1592 2 1 132 1 1592 2
1 1592 2 1 132 1 1592 2
1 1592 2 1 132 1 1592 2
1 1592 2 1 132 1 1592 2
2 1538 914 2 132 0 324 911 449 2 1214 3
1 1592 2 1 449 1 1592 2
1 1592 2 1 449 1 1592 2
1 1592 2 1 449 1 1592 2
1 1592 2 1 449 1 1592 2
1 1592 2 1 449 1 1592 2
2 1524 1152 2 449 0 1304 1152 845 2 220 0
1 1592 2 1 845 1 1592 2
1 1592 2 1 845 1 1592 2
1 1592 2 1 845 1 1592 2
2 1557 591 2 845 0 354 589 372 2 1203 2
1 1592 2 1 372 1 1592 2
1 1592 2 1 372 1 1592 2
1 1592 2 1 372 1 1592 2
1 1592 2 1 372 1 1592 2
1 1592 2 1 372 1 1592 2
1 1592 2 1 372 1 1592 2
2 1515 1305 2 372 0 1072 1301 427 2 443 4
1 1592 2 1 427 1 1592 2
1 1592 2 1 427 1 1592 2
1 1592 2 1 427 1 1592 2
1 1555 631 2 427 0 509 627 1173 1 1046 4
1 1592 2 1 1173 1 1592 2
1 1592 2 1 1173 1 1592 2
1 1592 2 1 1173 1 1592 2
1 1592 2 1 1173 1 1592 2
1 1592 2 1 1173 1 1592 2
1 1592 2 1 1173 1 1592 2
1 1516 1294 2 1173 0 1158 1291 97 1 358 3
1 1592 2 1 97 1 1592 2
1 1592 2 1 97 1 1592 2
1 1592 2 1 97 1 1592 2
2 1557 591 2 97 0 253 590 391 2 1304 1
1 1592 2 1 391 1 1592 2
1 1592 2 1 391 1 1592 2
1 1592 2 1 391 1 1592 2
1 1592 2 1 391 1 1592 2
2 1538 914 2 391 0 593 910 677 2 945 4
1 1592 2 1 677 1 1592 2
1 1592 2 1 677 1 1592 2
1 1592 2 1 677 1 1592 2
1 1592 2 1 677 1 1592 2
1 1592 2 1 677 1 1592 2
1 1592 2 1 677 1 1592 2
1 1592 2 1 677 1 1592 2
2 1510 1390 2 677 0 556 1388 262 2 954 2
1 1592 2 1 262 1 1592 2
1 1592 2 1 262 1 1592 2
1 1559 563 2 262 0 952 560 306 1 607 3
1 1592 2 1 306 1 1592 2
1 1592 2 1 306 1 1592 2
1 1592 2 1 306 1 1592 2
1 1592 2 1 306 1 1592 2
1 1592 2 1 306 1 1592 2
1 1592 2 1 306 1 1592 2
1 1592 2 1 306 1 1592 2
2 1515 1305 2 306 0 139 1305 585 2 1376 0
1 1592 2 1 585 1 1592 2
1 1592 2 1 585 1 1592 2
1 1592 2 1 585 1 1592 2
1 1592 2 1 585 1 1592 2
1 1592 2 1 585 1 1592 2
1 1592 2 1 585 1 1592 2
0 1518 1266 2 585 0 521 1261 425 0 997 5
1 1592 2 1 425 1 1592 2
1 1592 2 1 425 1 1592 2
1 1592 2 1 425 1 1592 2
0 1540 892 2 425 0 1059 887 395 0 481 5
1 1592 2 1 395 1 1592 2
1 1592 2 1 395 1 1592 2
1 1592 2 1 395 1 1592 2
1 1592 2 1 395 1 1592 2
1 1592 2 1 806 1 1592 2
1 1592 2 1 806 1 1592 2
1 1592 2 1 806 1 1592 2
1 1592 2 1 806 1 1592 2
1 1592 2 1 806 1 1592 2
1 1592 2 1 806 1 1592 2
2 1529 1067 2 806 0 117 1063 571 2 1412 4
1 1592 2 1 571 1 1592 2
1 1592 2 1 571 1 1592 2
1 1592 2 1 524 1 1592 2
1 1592 2 1 11 1 1592 2
1 1592 2 1 422 1 1592 2
1 1592 2 1 422 1 1592 2
1 1592 2 1 808 1 1592 2
1 1592 2 1 675 1 1592 2
1 1592 2 1 657 1 1592 2
1 1592 2 1 657 1 1592 2
1 1592 2 1 1159 1 1592 2
0 1560 552 2 1159 0 252 550 512 0 1308 2
1 1592 2 1 512 1 1592 2
1 1592 2 1 512 1 1592 2
1 1592 2 1 277 1 1592 2
1 1592 2 1 277 1 1592 2
1 1592 2 1 277 1 1592 2
1 1592 2 1 717 1 1592 2
1 1592 2 1 717 1 1592 2
1 1592 2 1 717 1 1592 2
1 1592 2 1 717 1 1592 2
0 1546 790 2 717 0 765 785 676 0 781 5
1 1592 2 1 676 1 1592 2
1 1592 2 1 676 1 1592 2
1 1592 2 1 676 1 1592 2
1 1592 2 1 676 1 1592 2
0 1539 909 2 676 0 1136 908 1044 0 403 1
1 1592 2 1 1044 1 1592 2
-1
36 88
1 2378 4 1 440 1 2378 4
1 2378 4 1 440 1 2378 4
1 2320 990 2 440 0 171 985 59 1 2149 5
1 2378 4 1 59 1 2378 4
1 2378 4 1 59 1 2378 4
1 2295 1415 2 59 0 1900 1411 901 1 395 4
1 2378 4 1 901 1 2378 4
1 2378 4 1 204 1 2378 4
0 2307 1217 3 204 0 101 521 9 0 1729 695 795 0 477 1
1 2378 4 1 795 1 2378 4
1 2338 684 2 795 0 664 683 637 1 1674 1
1 2378 4 1 637 1 2378 4
1 2378 4 1 637 1 2378 4
2 2308 1187 2 637 0 323 1187 1050 2 1985 0
0 2344 588 2 1050 0 1951 586 805 0 393 2
1 2378 4 1 805 1 2378 4
1 2378 4 1 805 1 2378 4
1 2378 4 1 805 1 2378 4
1 2292 1466 2 805 0 419 1463 141 1 1873 3
1 2378 4 1 141 1 2378 4
1 2378 4 1 141 1 2378 4
1 2303 1279 2 141 0 916 1273 539 1 1387 6
1 2378 4 1 539 1 2378 4
2 2313 1103 2 539 0 1234 1103 1080 2 1079 0
1 2378 4 1 1080 1 2378 4
1 2378 4 1 1080 1 2378 4
0 2312 1132 2 1080 0 368 1127 445 0 1944 5
1 2378 4 1 445 1 2378 4
2 2328 848 2 445 0 700 846 240 2 1628 2
1 2378 4 1 240 1 2378 4
1 2378 4 1 240 1 2378 4
1 2310 1160 2 240 0 125 1159 335 1 2185 1
1 2378 4 1 335 1 2378 4
1 2378 4 1 335 1 2378 4
0 2294 1438 2 335 0 2026 1433 739 0 268 5
1 2378 4 1 739 1 2378 4
1 2378 4 1 739 1 2378 4
1 2378 4 1 1178 1 2378 4
1 2335 735 2 1178 0 1809 734 495 1 526 1
1 2378 4 1 495 1 2378 4
1 2378 4 1 495 1 2378 4
1 2378 4 1 857 1 2378 4
1 2341 633 2 857 0 1067 633 400 1 1274 0
1 2378 4 1 400 1 2378 4
1 2378 4 1 758 1 2378 4
1 2378 4 1 758 1 2378 4
1 2378 4 1 758 1 2378 4
1 2378 4 1 293 1 2378 4
1 2378 4 1 722 1 2378 4
1 2378 4 1 532 1 2378 4
1 2335 735 2 532 0 1893 729 525 1 442 6
1 2378 4 1 525 1 2378 4
1 2339 667 2 525 0 599 667 474 1 1740 0
1 2378 4 1 474 1 2378 4
1 2378 4 1 474 1 2378 4
2 2297 1374 2 474 0 1931 1374 663 2 366 0
1 2378 4 1 663 1 2378 4
1 2378 4 1 317 1 2378 4
1 2378 4 1 317 1 2378 4
1 2314 1092 2 317 0 1997 1090 178 1 317 2
1 2378 4 1 178 1 2378 4
1 2378 4 1 178 1 2378 4
1 2378 4 1 178 1 2378 4
1 2378 4 1 1016 1 2378 4
1 2378 4 1 1016 1 2378 4
0 2313 1115 2 1016 0 1853 1114 126 0 460 1
1 2378 4 1 126 1 2378 4
1 2378 4 1 126 1 2378 4
0 2328 860 2 851 0 1263 860 186 0 1065 0
1 2378 4 1 186 1 2378 4
1 2378 4 1 733 1 2378 4
1 2378 4 1 733 1 2378 4
0 2312 1132 2 733 0 1458 1128 288 0 854 4
1 2378 4 1 288 1 2378 4
1 2378 4 1 288 1 2378 4
1 2378 4 1 671 1 2378 4
1 2378 4 1 671 1 2378 4
1 2378 4 1 1174 1 2378 4
1 2378 4 1 1174 1 2378 4
1 2264 1942 3 1174 0 1193 1056 588 0 301 882 922 1 770 4
1 2378 4 1 922 1 2378 4
1 2334 752 2 922 0 1009 751 95 1 1325 1
1 2378 4 1 95 1 2378 4
1 2328 854 2 95 0 1354 854 560 1 974 0
1 2378 4 1 560 1 2378 4
1 2378 4 1 1034 1 2378 4
1 2378 4 1 1034 1 2378 4
1 2378 4 1 970 1 2378 4
-1
37 83
2 1352 3 1 171 2 1352 3
2 1301 870 2 171 0 122 867 334 2 1179 3
2 1352 3 1 334 2 1352 3
2 1352 3 1 334 2 1352 3
2 1352 3 1 661 2 1352 3
2 1352 3 1 661 2 1352 3
2 1352 3 1 747 2 1352 3
2 1352 3 1 945 2 1352 3
2 1352 3 1 945 2 1352 3
2 1352 3 1 452 2 1352 3
2 1352 3 1 329 2 1352 3
2 1352 3 1 329 2 1352 3
2 1352 3 1 14 2 1352 3
2 1352 3 1 14 2 1352 3
2 1352 3 1 200 2 1352 3
2 1352 3 1 200 2 1352 3
2 1352 3 1 469 2 1352 3
2 1352 3 1 469 2 1352 3
2 1352 3 1 736 2 1352 3
2 1352 3 1 736 2 1352 3
2 1352 3 1 336 2 1352 3
2 1352 3 1 336 2 1352 3
2 1352 3 1 22 2 1352 3
2 1352 3 1 135 2 1352 3
2 1352 3 1 1085 2 1352 3
2 1352 3 1 1085 2 1352 3
2 1352 3 1 390 2 1352 3
2 1352 3 1 390 2 1352 3
2 1352 3 1 379 2 1352 3
2 1352 3 1 379 2 1352 3
2 1352 3 1 975 2 1352 3
2 1352 3 1 460 2 1352 3
2 1352 3 1 460 2 1352 3
2 1352 3 1 198 2 1352 3
2 1352 3 1 827 2 1352 3
0 1303 849 2 827 0 1079 849 86 0 224 0
2 1352 3 1 86 2 1352 3
2 1352 3 1 86 2 1352 3
2 1352 3 1 156 2 1352 3
2 1352 3 1 156 2 1352 3
1 1266 1471 2 156 0 476 1467 489 1 790 4
2 1352 3 1 489 2 1352 3
2 1352 3 1 489 2 1352 3
2 1352 3 1 404 2 1352 3
2 1352 3 1 404 2 1352 3
2 1352 3 1 992 2 1352 3
0 1310 730 2 992 0 1255 727 222 0 55 3
2 1352 3 1 222 2 1352 3
1 1275 1318 2 139 0 39 1314 529 1 1236 4
2 1352 3 1 529 2 1352 3
0 1278 1273 2 529 0 1087 1269 219 0 191 4
2 1352 3 1 219 2 1352 3
2 1352 3 1 443 2 1352 3
2 1352 3 1 443 2 1352 3
0 1282 1205 2 443 0 147 1201 767 0 1135 4
2 1352 3 1 322 2 1352 3
0 1296 967 2 322 0 676 964 983 0 620 3
2 1352 3 1 983 2 1352 3
2 1352 3 1 285 2 1352 3
2 1352 3 1 285 2 1352 3
0 1283 1189 2 285 0 1283 1188 659 0 0 1
2 1352 3 1 659 2 1352 3
2 1352 3 1 886 2 1352 3
0 1329 407 2 886 0 1329 406 546 0 0 1
2 1352 3 1 546 2 1352 3
2 1352 3 1 546 2 1352 3
2 1352 3 1 554 2 1352 3
2 1352 3 1 347 2 1352 3
2 1352 3 1 185 2 1352 3
2 1352 3 1 505 2 1352 3
0 1282 1205 2 505 0 571 1204 346 0 711 1
2 1352 3 1 620 2 1352 3
2 1352 3 1 127 2 1352 3
2 1352 3 1 678 2 1352 3
2 1352 3 1 678 2 1352 3
2 1352 3 1 42 2 1352 3
2 1352 3 1 315 2 1352 3
2 1352 3 1 310 2 1352 3
1 1273 1352 2 310 0 753 1350 515 1 520 2
2 1352 3 1 1068 2 1352 3
1 1305 808 2 632 0 850 806 1188 1 455 2
2 1352 3 1 641 2 1352 3
2 1352 3 1 903 2 1352 3
-1
38 65
2 2105 2 1 662 2 2105 2
2 2105 2 1 271 2 2105 2
2 2105 2 1 744 2 2105 2
2 2105 2 1 873 2 2105 2
2 2105 2 1 721 2 2105 2
2 2105 2 1 603 2 2105 2
2 2105 2 1 1028 2 2105 2
2 2053 886 2 1097 0 224 885 962 2 1829 1
2 2105 2 1 466 2 2105 2
2 2105 2 1 1033 2 2105 2
2 2105 2 1 227 2 2105 2
2 2105 2 1 109 2 2105 2
2 2105 2 1 720 2 2105 2
2 2105 2 1 1137 2 2105 2
2 2105 2 1 49 2 2105 2
2 2105 2 1 61 2 2105 2
1 2064 705 2 756 0 1231 702 743 1 833 3
2 2105 2 1 287 2 2105 2
2 2105 2 1 591 2 2105 2
0 2069 626 2 1138 0 393 625 384 0 1676 1
2 2105 2 1 759 2 2105 2
2 2105 2 1 614 2 2105 2
2 2105 2 1 114 2 2105 2
2 2105 2 1 418 2 2105 2
2 2105 2 1 415 2 2105 2
1 2053 892 2 1009 0 77 891 938 1 1976 1
2 2105 2 1 612 2 2105 2
2 2105 2 1 1113 2 2105 2
1 2049 960 2 573 0 1558 959 555 1 491 1
1 2035 1198 2 555 0 917 1193 220 1 1118 5
1 2027 1334 2 220 0 1559 1330 270 1 468 4
1 2039 1130 2 270 0 391 1129 1037 1 1648 1
2 2105 2 1 579 2 2105 2
1 2064 705 2 43 0 710 703 283 1 1354 2
2 2068 631 2 1019 0 1463 629 499 2 605 2
2 2105 2 1 800 2 2105 2
2 2105 2 1 1122 2 2105 2
2 2060 767 2 1071 0 52 766 934 2 2008 1
2 2105 2 1 734 2 2105 2
2 2105 2 1 332 2 2105 2
2 2105 2 1 41 2 2105 2
2 2105 2 1 898 2 2105 2
2 2105 2 1 929 2 2105 2
2 2105 2 1 361 2 2105 2
2 2105 2 1 36 2 2105 2
2 2105 2 1 692 2 2105 2
2 2105 2 1 286 2 2105 2
2 2105 2 1 195 2 2105 2
2 2105 2 1 773 2 2105 2
2 2105 2 1 1181 2 2105 2
2 2105 2 1 311 2 2105 2
2 2105 2 1 1048 2 2105 2
2 2105 2 1 545 2 2105 2
2 2105 2 1 28 2 2105 2
2 2105 2 1 799 2 2105 2
2 2054 869 2 621 0 2027 865 872 2 27 4
2 2105 2 1 353 2 2105 2
2 2105 2 1 1136 2 2105 2
1 2056 841 2 1126 0 1974 840 714 1 82 1
2 2105 2 1 226 2 2105 2
2 2105 2 1 823 2 2105 2
2 2105 2 1 64 2 2105 2
2 2105 2 1 175 2 2105 2
2 2105 2 1 1013 2 2105 2
1 2037 1164 2 1013 0 39 1161 52 1 1998 3
-1
39 83
2 2449 0 1 171 2 2449 0
2 2449 0 1 171 2 2449 0
2 2449 0 1 334 2 2449 0
2 2449 0 1 334 2 2449 0
2 2362 1479 2 334 0 209 1475 661 2 2153 4
2 2449 0 1 661 2 2449 0
2 2449 0 1 747 2 2449 0
2 2449 0 1 945 2 2449 0
2 2449 0 1 945 2 2449 0
2 2366 1411 2 945 0 1873 1407 452 2 493 4
1 2420 499 2 452 0 1253 499 329 1 1167 0
2 2449 0 1 329 2 2449 0
2 2376 1241 2 329 0 883 1239 14 2 1493 2
2 2449 0 1 14 2 2449 0
2 2386 1071 2 14 0 117 1067 200 2 2269 4
2 2449 0 1 200 2 2449 0
2 2449 0 1 469 2 2449 0
2 2449 0 1 469 2 2449 0
2 2373 1292 2 469 0 318 1292 736 2 2055 0
2 2449 0 1 736 2 2449 0
2 2449 0 1 336 2 2449 0
2 2449 0 1 336 2 2449 0
2 2449 0 1 22 2 2449 0
1 2405 754 2 22 0 588 754 135 1 1817 0
1 2414 601 2 135 0 776 597 1085 1 1638 4
2 2449 0 1 1085 2 2449 0
2 2449 0 1 390 2 2449 0
2 2449 0 1 390 2 2449 0
0 2372 1321 2 390 0 830 1320 379 0 1542 1
2 2449 0 1 379 2 2449 0
2 2397 884 2 379 0 0 883 975 2 2397 1
2 2414 595 2 975 0 168 593 460 2 2246 2
2 2449 0 1 460 2 2449 0
1 2372 1315 2 460 0 1551 1310 198 1 821 5
1 2419 516 2 198 0 1070 514 827 1 1349 2
2 2449 0 1 827 2 2449 0
2 2449 0 1 86 2 2449 0
2 2449 0 1 86 2 2449 0
2 2369 1360 2 86 0 77 1357 156 2 2292 3
2 2449 0 1 156 2 2449 0
2 2449 0 1 156 2 2449 0
2 2449 0 1 489 2 2449 0
2 2449 0 1 489 2 2449 0
2 2449 0 1 404 2 2449 0
2 2449 0 1 404 2 2449 0
0 2364 1457 2 404 0 2306 1457 992 0 58 0
2 2449 0 1 992 2 2449 0
2 2449 0 1 222 2 2449 0
2 2449 0 1 139 2 2449 0
2 2449 0 1 529 2 2449 0
2 2449 0 1 529 2 2449 0
2 2449 0 1 219 2 2449 0
2 2390 1003 2 219 0 2190 1003 443 2 200 0
2 2449 0 1 443 2 2449 0
2 2449 0 1 443 2 2449 0
2 2449 0 1 322 2 2449 0
2 2449 0 1 322 2 2449 0
2 2449 0 1 983 2 2449 0
1 2392 975 2 983 0 1491 974 285 1 901 1
2 2449 0 1 285 2 2449 0
2 2449 0 1 285 2 2449 0
2 2449 0 1 659 2 2449 0
1 2404 771 2 659 0 315 770 886 1 2089 1
2 2449 0 1 886 2 2449 0
2 2449 0 1 546 2 2449 0
2 2449 0 1 546 2 2449 0
2 2449 0 1 554 2 2449 0
2 2449 0 1 347 2 2449 0
2 2449 0 1 347 2 2449 0
2 2449 0 1 505 2 2449 0
2 2449 0 1 505 2 2449 0
1 2387 1060 2 346 0 399 1058 620 1 1988 2
2 2370 1343 2 620 0 1535 1341 127 2 835 2
2 2381 1156 2 127 0 1218 1154 678 2 1163 2
2 2449 0 1 678 2 2449 0
2 2364 1445 2 678 0 2011 1444 42 2 353 1
0 2416 573 2 42 0 1996 569 315 0 420 4
2 2449 0 1 310 2 2449 0
2 2449 0 1 310 2 2449 0
2 2449 0 1 1068 2 2449 0
2 2449 0 1 632 2 2449 0
2 2449 0 1 112 2 2449 0
1 2412 635 2 641 0 952 632 903 1 1460 3
-1
40 93
2 1881 1 1 456 2 1881 1
2 1881 1 1 456 2 1881 1
2 1881 1 1 456 2 1881 1
1 1837 755 2 456 0 1128 750 907 1 709 5
2 1881 1 1 907 2 1881 1
2 1881 1 1 907 2 1881 1
1 1842 670 2 907 0 1590 667 982 1 252 3
2 1881 1 1 982 2 1881 1
2 1881 1 1 982 2 1881 1
2 1881 1 1 982 2 1881 1
2 1881 1 1 982 2 1881 1
1 1822 1010 2 982 0 1323 1005 567 1 499 5
2 1881 1 1 567 2 1881 1
2 1881 1 1 567 2 1881 1
2 1881 1 1 567 2 1881 1
2 1835 783 2 567 0 934 779 101 2 901 4
2 1881 1 1 101 2 1881 1
2 1881 1 1 101 2 1881 1
1 1847 585 2 101 0 605 580 654 1 1242 5
2 1881 1 1 654 2 1881 1
2 1881 1 1 654 2 1881 1
2 1881 1 1 654 2 1881 1
2 1881 1 1 654 2 1881 1
2 1881 1 1 654 2 1881 1
2 1806 1276 2 654 0 907 1275 754 2 899 1
2 1881 1 1 754 2 1881 1
2 1881 1 1 754 2 1881 1
2 1881 1 1 754 2 1881 1
1 1833 823 2 754 0 857 819 378 1 976 4
2 1881 1 1 378 2 1881 1
2 1881 1 1 378 2 1881 1
2 1881 1 1 378 2 1881 1
2 1881 1 1 378 2 1881 1
2 1881 1 1 378 2 1881 1
2 1881 1 1 378 2 1881 1
0 1799 1407 2 378 0 469 1406 899 0 1330 1
2 1881 1 1 899 2 1881 1
2 1881 1 1 899 2 1881 1
2 1881 1 1 899 2 1881 1
2 1881 1 1 899 2 1881 1
1 1823 993 2 899 0 75 988 1038 1 1748 5
2 1881 1 1 1038 2 1881 1
2 1881 1 1 1038 2 1881 1
2 1881 1 1 1038 2 1881 1
2 1881 1 1 1038 2 1881 1
2 1815 1123 2 1038 0 871 1119 93 2 944 4
2 1881 1 1 93 2 1881 1
2 1881 1 1 93 2 1881 1
2 1881 1 1 93 2 1881 1
2 1881 1 1 93 2 1881 1
2 1815 1123 2 93 0 1674 1120 253 2 141 3
2 1881 1 1 253 2 1881 1
2 1881 1 1 253 2 1881 1
2 1881 1 1 253 2 1881 1
1 1843 653 2 253 0 130 652 781 1 1713 1
2 1881 1 1 781 2 1881 1
2 1881 1 1 781 2 1881 1
2 1881 1 1 781 2 1881 1
2 1881 1 1 781 2 1881 1
2 1881 1 1 781 2 1881 1
2 1881 1 1 781 2 1881 1
1 1795 1469 2 781 0 263 1468 242 1 1532 1
2 1881 1 1 242 2 1881 1
2 1881 1 1 242 2 1881 1
2 1881 1 1 242 2 1881 1
2 1881 1 1 242 2 1881 1
2 1881 1 1 242 2 1881 1
0 1807 1271 2 242 0 500 1266 185 0 1307 5
1 1844 636 2 185 0 1674 635 620 1 170 1
2 1881 1 1 620 2 1881 1
2 1881 1 1 620 2 1881 1
2 1881 1 1 620 2 1881 1
2 1881 1 1 241 2 1881 1
2 1881 1 1 241 2 1881 1
0 1829 897 2 241 0 0 897 678 0 1829 0
2 1881 1 1 315 2 1881 1
2 1867 239 2 315 0 0 236 310 2 1867 3
2 1881 1 1 310 2 1881 1
2 1881 1 1 1068 2 1881 1
1 1809 1231 2 1068 0 597 1226 632 1 1212 5
2 1881 1 1 339 2 1881 1
2 1881 1 1 339 2 1881 1
2 1881 1 1 788 2 1881 1
2 1881 1 1 788 2 1881 1
2 1881 1 1 685 2 1881 1
2 1881 1 1 194 2 1881 1
0 1881 13 2 194 0 0 11 524 0 1881 2
2 1881 1 1 11 2 1881 1
1 1760 2064 3 11 0 348 987 964 0 1012 1073 422 1 400 4
2 1881 1 1 422 2 1881 1
0 1800 1390 2 422 0 1079 1390 808 0 721 0
2 1881 1 1 808 2 1881 1
2 1881 1 1 675 2 1881 1
-1
