1 45
2 1718 728 2 166 0 519 728 1 2 1199 0
2 1623 1070 2 1 0 658 1070 13 2 965 0
1 1606 1133 2 13 0 1459 1133 162 1 147 0
2 1920 0 1 91 2 1920 0
2 1920 0 1 20 2 1920 0
2 1920 0 1 199 2 1920 0
2 1920 0 1 143 2 1920 0
1 1583 1216 2 143 0 1151 1216 116 1 432 0
0 1640 1012 2 116 0 895 1011 51 0 745 1
0 1897 85 1 51 0 1897 85
2 1920 0 1 191 2 1920 0
0 1787 482 1 191 0 1787 482
2 1920 0 1 153 2 1920 0
2 1562 1290 2 153 0 1071 1290 45 2 491 0
2 1920 0 1 45 2 1920 0
0 1874 168 1 197 0 1874 168
0 1889 114 1 193 0 1889 114
2 1920 0 1 138 2 1920 0
2 1920 0 1 60 2 1920 0
2 1920 0 1 59 2 1920 0
2 1920 0 1 184 2 1920 0
2 1920 0 1 62 2 1920 0
0 1751 612 2 104 0 1151 612 111 0 600 0
2 1920 0 1 111 2 1920 0
2 1920 0 1 63 2 1920 0
2 1920 0 1 129 2 1920 0
2 1920 0 1 98 2 1920 0
0 1774 529 2 36 0 704 529 56 0 1070 0
0 1878 154 1 56 0 1878 154
2 1920 0 1 81 2 1920 0
0 1601 1152 2 81 0 10 1152 110 0 1591 0
1 1598 1162 2 110 0 1096 1162 146 1 502 0
2 1624 1067 2 146 0 1329 1067 156 2 295 0
0 1832 320 1 156 0 1832 320
2 1920 0 1 31 2 1920 0
2 1920 0 1 173 2 1920 0
2 1920 0 1 61 2 1920 0
2 1920 0 1 160 2 1920 0
2 1920 0 1 6 2 1920 0
2 1920 0 1 64 2 1920 0
2 1920 0 1 82 2 1920 0
2 1920 0 1 28 2 1920 0
2 1920 0 1 19 2 1920 0
2 1920 0 1 27 2 1920 0
0 1897 85 2 78 0 0 85 101 0 1897 0
-1
2 36
0 3230 0 1 136 0 3230 0
2 3052 639 2 125 0 3049 639 52 2 3 0
0 3049 652 2 52 0 0 652 84 0 3049 0
2 3071 570 2 25 0 2414 570 115 2 657 0
0 3230 0 1 90 0 3230 0
0 3230 0 1 145 0 3230 0
0 3230 0 1 128 0 3230 0
0 3230 0 1 196 0 3230 0
0 2999 832 2 73 0 609 832 141 0 2390 0
1 2828 1447 2 141 0 2228 1447 69 1 600 0
0 2979 904 2 23 0 2315 904 32 0 664 0
0 3230 0 1 94 0 3230 0
0 3230 0 1 15 0 3230 0
0 3086 519 2 183 0 360 518 2 0 2726 1
1 2839 1408 2 178 0 1975 1407 186 1 864 1
0 3230 0 1 174 0 3230 0
0 3159 256 1 170 0 3159 256
0 3230 0 1 96 0 3230 0
2 2988 869 2 21 0 942 869 169 2 2046 0
0 3230 0 1 59 0 3230 0
1 2829 1444 2 83 0 449 1443 127 1 2380 1
0 3207 83 1 187 0 3207 83
1 2958 979 2 85 0 622 979 22 1 2336 0
0 2838 1413 2 22 0 1975 1413 88 0 863 0
0 3230 0 1 147 0 3230 0
2 2934 1064 2 41 0 1794 1064 168 2 1140 0
0 3230 0 1 161 0 3230 0
0 3230 0 1 16 0 3230 0
0 2918 1124 2 71 0 0 725 93 0 2918 399
0 2989 868 2 155 0 1547 868 123 0 1442 0
0 2905 1171 2 123 0 692 1171 43 0 2213 0
1 3064 597 2 46 0 1907 596 182 1 1157 1
2 2866 1309 2 42 0 1631 1309 156 2 1235 0
1 2954 993 2 172 0 623 993 152 1 2331 0
2 3044 668 2 11 0 1433 667 194 2 1611 1
0 3230 0 1 176 0 3230 0
-1
3 45
1 3458 0 1 166 1 3458 0
1 3458 0 1 1 1 3458 0
1 3458 0 1 13 1 3458 0
1 3458 0 1 162 1 3458 0
1 3228 829 2 91 0 2191 828 20 1 1037 1
1 3458 0 1 20 1 3458 0
1 3458 0 1 199 1 3458 0
1 3458 0 1 143 1 3458 0
1 3458 0 1 116 1 3458 0
1 3458 0 1 51 1 3458 0
1 3458 0 1 171 1 3458 0
1 3458 0 1 191 1 3458 0
1 3458 0 1 24 1 3458 0
1 3458 0 1 153 1 3458 0
1 3458 0 1 45 1 3458 0
0 3059 1439 2 45 0 1027 1439 197 0 2032 0
2 3318 503 2 103 0 2950 503 193 2 368 0
1 3458 0 1 138 1 3458 0
0 3052 1464 2 138 0 1861 1464 60 0 1191 0
1 3458 0 1 60 1 3458 0
1 3059 1438 2 59 0 652 1438 184 1 2407 0
1 3180 1002 2 184 0 367 1001 62 1 2813 1
2 3137 1155 2 62 0 1356 1155 104 2 1781 0
1 3458 0 1 111 1 3458 0
1 3458 0 1 63 1 3458 0
0 3259 718 1 63 0 3259 718
1 3458 0 1 126 1 3458 0
0 3222 851 2 98 0 1739 851 36 0 1483 0
1 3458 0 1 56 1 3458 0
1 3458 0 1 118 1 3458 0
1 3458 0 1 81 1 3458 0
1 3458 0 1 110 1 3458 0
1 3458 0 1 146 1 3458 0
1 3458 0 1 156 1 3458 0
1 3458 0 1 152 1 3458 0
1 3458 0 1 173 1 3458 0
1 3458 0 1 61 1 3458 0
1 3101 1286 2 61 0 1881 1286 160 1 1220 0
0 3281 639 2 148 0 2652 639 6 0 629 0
2 3163 1062 2 6 0 2695 1062 64 2 468 0
0 3182 996 2 64 0 2251 995 82 0 931 1
1 3458 0 1 28 1 3458 0
1 3458 0 1 19 1 3458 0
1 3458 0 1 198 1 3458 0
1 3458 0 1 78 1 3458 0
-1
4 59
2 1624 0 1 190 2 1624 0
2 1624 0 1 190 2 1624 0
2 1624 0 1 135 2 1624 0
2 1401 804 2 135 0 632 804 119 2 769 0
2 1624 0 1 119 2 1624 0
2 1624 0 1 119 2 1624 0
2 1624 0 1 49 2 1624 0
0 1475 540 2 49 0 0 540 109 0 1475 0
2 1624 0 1 109 2 1624 0
0 1357 965 2 109 0 110 965 122 0 1247 0
2 1624 0 1 122 2 1624 0
1 1454 614 2 122 0 0 614 18 1 1454 0
2 1458 598 2 18 0 1190 598 189 2 268 0
2 1624 0 1 189 2 1624 0
2 1624 0 1 89 2 1624 0
2 1624 0 1 33 2 1624 0
2 1624 0 1 33 2 1624 0
2 1624 0 1 33 2 1624 0
2 1624 0 1 7 2 1624 0
2 1624 0 1 7 2 1624 0
2 1624 0 1 7 2 1624 0
0 1209 1498 2 7 0 0 1498 154 0 1209 0
2 1624 0 1 154 2 1624 0
2 1397 818 2 154 0 0 818 195 2 1397 0
2 1624 0 1 195 2 1624 0
2 1624 0 1 38 2 1624 0
2 1624 0 1 38 2 1624 0
2 1624 0 1 167 2 1624 0
2 1624 0 1 167 2 1624 0
2 1299 1171 2 167 0 1139 1171 139 2 160 0
2 1624 0 1 113 2 1624 0
2 1624 0 1 159 2 1624 0
2 1624 0 1 66 2 1624 0
2 1624 0 1 66 2 1624 0
2 1624 0 1 74 2 1624 0
2 1624 0 1 121 2 1624 0
2 1624 0 1 121 2 1624 0
2 1227 1431 2 121 0 511 1431 97 2 716 0
2 1624 0 1 97 2 1624 0
2 1624 0 1 97 2 1624 0
1 1218 1465 2 97 0 995 1464 179 1 223 1
1 1399 812 2 179 0 190 812 4 1 1209 0
2 1624 0 1 4 2 1624 0
0 1350 990 2 4 0 600 990 117 0 750 0
2 1624 0 1 117 2 1624 0
2 1624 0 1 117 2 1624 0
2 1624 0 1 133 2 1624 0
2 1624 0 1 107 2 1624 0
2 1624 0 1 107 2 1624 0
2 1624 0 1 68 2 1624 0
2 1624 0 1 68 2 1624 0
1 1323 1086 2 68 0 968 1086 114 1 355 0
2 1624 0 1 58 2 1624 0
2 1624 0 1 58 2 1624 0
2 1624 0 1 149 2 1624 0
2 1624 0 1 149 2 1624 0
2 1624 0 1 149 2 1624 0
2 1624 0 1 164 2 1624 0
2 1624 0 1 8 2 1624 0
-1
5 52
0 2083 0 1 120 0 2083 0
0 2083 0 1 120 0 2083 0
1 1904 644 2 120 0 1630 644 37 1 274 0
0 2083 0 1 37 0 2083 0
0 2083 0 1 37 0 2083 0
0 2083 0 1 37 0 2083 0
1 1862 796 2 37 0 631 795 70 1 1231 1
0 2083 0 1 70 0 2083 0
0 2083 0 1 70 0 2083 0
0 2083 0 1 70 0 2083 0
1 1819 951 2 70 0 1087 951 39 1 732 0
0 2083 0 1 39 0 2083 0
0 2080 11 1 39 0 2080 11
0 1935 534 2 39 0 0 533 47 0 1935 1
0 2083 0 1 3 0 2083 0
0 2083 0 1 3 0 2083 0
1 1769 1131 2 3 0 497 1130 34 1 1272 1
0 2083 0 1 34 0 2083 0
0 2083 0 1 34 0 2083 0
0 2083 0 1 83 0 2083 0
0 2083 0 1 132 0 2083 0
0 2083 0 1 132 0 2083 0
2 1941 510 2 158 0 1915 510 79 2 26 0
0 2083 0 1 79 0 2083 0
0 2083 0 1 131 0 2083 0
0 2083 0 1 131 0 2083 0
0 2083 0 1 30 0 2083 0
0 2083 0 1 30 0 2083 0
0 2083 0 1 139 0 2083 0
0 2083 0 1 100 0 2083 0
0 2083 0 1 43 0 2083 0
0 2083 0 1 42 0 2083 0
0 2083 0 1 157 0 2083 0
0 2083 0 1 157 0 2083 0
0 2083 0 1 12 0 2083 0
0 2083 0 1 12 0 2083 0
2 1822 938 2 188 0 301 938 144 2 1521 0
0 1979 375 1 144 0 1979 375
0 2083 0 1 181 0 2083 0
0 2083 0 1 179 0 2083 0
0 2083 0 1 179 0 2083 0
0 2083 0 1 48 0 2083 0
0 2083 0 1 48 0 2083 0
0 2083 0 1 48 0 2083 0
0 2083 0 1 87 0 2083 0
0 2083 0 1 29 0 2083 0
0 2083 0 1 29 0 2083 0
2 2038 160 2 29 0 0 160 72 2 2038 0
0 2041 152 1 72 0 2041 152
0 2083 0 1 177 0 2083 0
0 2083 0 1 177 0 2083 0
0 2083 0 1 177 0 2083 0
-1
6 38
2 3420 0 1 40 2 3420 0
2 3420 0 1 136 2 3420 0
2 3420 0 1 52 2 3420 0
2 3420 0 1 84 2 3420 0
2 3420 0 1 115 2 3420 0
2 3155 955 2 90 0 1853 955 145 2 1302 0
2 3420 0 1 128 2 3420 0
2 3420 0 1 17 2 3420 0
2 3420 0 1 73 2 3420 0
2 3420 0 1 141 2 3420 0
2 3256 591 2 69 0 3192 591 23 2 64 0
2 3420 0 1 32 2 3420 0
2 3420 0 1 94 2 3420 0
2 3249 616 2 10 0 2406 616 183 2 843 0
2 3420 0 1 2 2 3420 0
2 3420 0 1 186 2 3420 0
2 3420 0 1 170 2 3420 0
2 3420 0 1 14 2 3420 0
2 3420 0 1 21 2 3420 0
0 3269 547 2 169 0 1340 546 59 0 1929 1
2 3420 0 1 83 2 3420 0
2 3233 674 2 127 0 2168 674 187 2 1065 0
2 3420 0 1 85 2 3420 0
2 3420 0 1 22 2 3420 0
2 3420 0 1 88 2 3420 0
2 3420 0 1 41 2 3420 0
2 3420 0 1 168 2 3420 0
0 3241 648 2 161 0 324 648 16 0 2917 0
0 3033 1397 2 16 0 1443 1397 71 0 1590 0
0 3179 871 2 137 0 2185 871 155 0 994 0
2 3420 0 1 123 2 3420 0
2 3420 0 1 159 2 3420 0
1 3151 971 2 182 0 840 971 42 1 2311 0
0 3119 1087 2 156 0 0 1087 172 0 3119 0
2 3420 0 1 163 2 3420 0
2 3420 0 1 194 2 3420 0
2 3420 0 1 176 2 3420 0
0 3066 1278 2 160 0 984 1278 86 0 2082 0
-1
7 38
0 3301 563 2 40 0 110 562 136 0 3191 1
2 3094 1306 2 136 0 394 1306 125 2 2700 0
0 3381 274 1 52 0 3381 274
2 3195 942 2 84 0 481 942 25 2 2714 0
1 3245 763 2 115 0 1260 763 90 1 1985 0
0 3457 0 1 145 0 3457 0
0 3457 0 1 128 0 3457 0
2 3221 848 2 17 0 3144 848 196 2 77 0
0 3457 0 1 73 0 3457 0
0 3457 0 1 141 0 3457 0
0 3457 0 1 23 0 3457 0
0 3056 1446 2 32 0 1915 1446 94 0 1141 0
2 3101 1281 2 94 0 2210 1281 15 2 891 0
0 3457 0 1 183 0 3457 0
1 3211 886 2 2 0 300 885 178 1 2911 1
1 3218 860 2 186 0 1936 860 174 1 1282 0
0 3457 0 1 170 0 3457 0
0 3457 0 1 96 0 3457 0
0 3457 0 1 21 0 3457 0
0 3457 0 1 59 0 3457 0
0 3457 0 1 83 0 3457 0
0 3457 0 1 187 0 3457 0
0 3457 0 1 85 0 3457 0
0 3457 0 1 22 0 3457 0
2 3080 1356 2 88 0 1870 1356 147 2 1210 0
0 3457 0 1 41 0 3457 0
0 3194 948 2 168 0 2442 948 161 0 752 0
0 3457 0 1 16 0 3457 0
0 3357 361 1 71 0 3357 361
0 3457 0 1 155 0 3457 0
0 3457 0 1 123 0 3457 0
0 3457 0 1 46 0 3457 0
0 3457 0 1 42 0 3457 0
0 3457 0 1 172 0 3457 0
0 3457 0 1 11 0 3457 0
2 3176 1011 2 105 0 1580 1010 176 2 1596 1
1 3274 659 2 176 0 0 659 160 1 3274 0
1 3229 821 2 86 0 122 820 148 1 3107 1
-1
8 44
0 1738 0 1 1 0 1738 0
0 1738 0 1 13 0 1738 0
0 1738 0 1 162 0 1738 0
0 1738 0 1 91 0 1738 0
0 1738 0 1 20 0 1738 0
0 1738 0 1 199 0 1738 0
0 1738 0 1 143 0 1738 0
0 1738 0 1 116 0 1738 0
0 1738 0 1 51 0 1738 0
2 1440 1072 2 51 0 0 1071 171 2 1440 1
0 1738 0 1 191 0 1738 0
0 1465 984 2 191 0 0 984 24 0 1465 0
0 1738 0 1 153 0 1738 0
0 1738 0 1 45 0 1738 0
0 1738 0 1 45 0 1738 0
2 1584 553 2 197 0 0 552 103 2 1584 1
2 1620 423 2 193 0 0 423 138 2 1620 0
0 1738 0 1 138 0 1738 0
0 1738 0 1 60 0 1738 0
0 1738 0 1 59 0 1738 0
0 1738 0 1 184 0 1738 0
0 1738 0 1 62 0 1738 0
0 1738 0 1 111 0 1738 0
1 1387 1264 2 111 0 1083 1264 63 1 304 0
0 1738 0 1 63 0 1738 0
2 1593 520 2 129 0 404 520 126 2 1189 0
0 1738 0 1 98 0 1738 0
0 1738 0 1 56 0 1738 0
1 1450 1037 2 56 0 0 1037 118 1 1450 0
0 1738 0 1 81 0 1738 0
0 1738 0 1 110 0 1738 0
0 1738 0 1 146 0 1738 0
0 1738 0 1 156 0 1738 0
0 1738 0 1 172 0 1738 0
0 1570 606 2 31 0 1250 605 65 0 320 1
2 1480 927 2 173 0 388 927 105 2 1092 0
0 1738 0 1 61 0 1738 0
0 1738 0 1 86 0 1738 0
0 1738 0 1 6 0 1738 0
0 1738 0 1 64 0 1738 0
0 1738 0 1 82 0 1738 0
0 1738 0 1 28 0 1738 0
2 1491 888 2 19 0 37 888 198 2 1454 0
0 1585 551 2 27 0 1476 551 78 0 109 0
-1
9 59
1 3437 0 1 151 1 3437 0
1 3437 0 1 151 1 3437 0
2 3129 1109 2 151 0 3105 1109 92 2 24 0
1 3437 0 1 92 1 3437 0
0 3263 629 2 92 0 2197 629 180 0 1066 0
1 3437 0 1 180 1 3437 0
1 3437 0 1 180 1 3437 0
1 3437 0 1 180 1 3437 0
0 3053 1386 2 180 0 1085 1385 9 0 1968 1
1 3437 0 1 9 1 3437 0
1 3175 945 2 9 0 3108 945 124 1 67 0
1 3437 0 1 124 1 3437 0
1 3437 0 1 124 1 3437 0
2 3156 1012 2 124 0 2164 1012 142 2 992 0
1 3437 0 1 142 1 3437 0
1 3437 0 1 142 1 3437 0
0 3165 982 2 142 0 968 982 67 0 2197 0
1 3437 0 1 67 1 3437 0
0 3203 845 2 67 0 1970 845 140 0 1233 0
1 3437 0 1 140 1 3437 0
1 3437 0 1 140 1 3437 0
1 3437 0 1 140 1 3437 0
2 3069 1325 2 140 0 378 1325 106 2 2691 0
1 3437 0 1 106 1 3437 0
1 3201 851 2 106 0 1528 851 112 1 1673 0
1 3437 0 1 112 1 3437 0
1 3261 635 2 112 0 603 635 76 1 2658 0
2 3276 579 2 76 0 2552 579 137 2 724 0
1 3437 0 1 137 1 3437 0
1 3437 0 1 5 1 3437 0
0 3263 629 2 5 0 2214 628 65 0 1049 1
1 3437 0 1 65 1 3437 0
1 3437 0 1 65 1 3437 0
1 3437 0 1 65 1 3437 0
2 3074 1307 2 65 0 98 1307 105 2 2976 0
1 3437 0 1 105 1 3437 0
0 3220 784 1 176 0 3220 784
1 3437 0 1 86 1 3437 0
1 3437 0 1 175 1 3437 0
1 3262 631 2 175 0 2241 631 82 1 1021 0
0 3181 924 2 82 0 138 924 28 0 3043 0
2 3025 1484 2 28 0 620 1484 198 2 2405 0
1 3437 0 1 198 1 3437 0
1 3437 0 1 78 1 3437 0
1 3289 534 2 101 0 2909 534 133 1 380 0
1 3437 0 1 133 1 3437 0
1 3186 905 2 133 0 2270 905 165 1 916 0
1 3437 0 1 165 1 3437 0
1 3437 0 1 165 1 3437 0
0 3182 921 2 165 0 496 921 114 0 2686 0
1 3437 0 1 114 1 3437 0
1 3437 0 1 114 1 3437 0
1 3437 0 1 54 1 3437 0
1 3276 581 2 54 0 1791 581 134 1 1485 0
1 3437 0 1 134 1 3437 0
1 3207 829 2 134 0 2537 829 164 1 670 0
1 3437 0 1 164 1 3437 0
1 3437 0 1 164 1 3437 0
1 3437 0 1 8 1 3437 0
-1
10 46
0 3189 0 1 55 0 3189 0
0 3189 0 1 55 0 3189 0
0 2775 1492 2 55 0 2445 1491 108 0 330 1
0 3189 0 1 108 0 3189 0
1 2905 1022 2 108 0 1092 1022 80 1 1813 0
0 3189 0 1 80 0 3189 0
2 3083 379 2 80 0 0 379 185 2 3083 0
0 3189 0 1 185 0 3189 0
1 2638 1984 3 185 0 1226 1344 196 0 925 640 130 1 487 0
0 3189 0 1 130 0 3189 0
1 2933 921 2 130 0 16 921 99 1 2917 0
0 3189 0 1 32 0 3189 0
0 3189 0 1 35 0 3189 0
1 3120 247 2 35 0 0 247 10 1 3120 0
0 3189 0 1 178 0 3189 0
0 3189 0 1 77 0 3189 0
0 3189 0 1 77 0 3189 0
0 3189 0 1 14 0 3189 0
0 3189 0 1 34 0 3189 0
2 2789 1439 2 34 0 1809 1439 75 2 980 0
0 2988 724 2 75 0 1710 724 83 0 1278 0
1 2973 777 2 26 0 2370 777 132 1 603 0
0 3189 0 1 132 0 3189 0
0 3189 0 1 79 0 3189 0
1 2824 1314 2 79 0 2414 1314 88 1 410 0
0 3189 0 1 131 0 3189 0
1 2779 1476 2 131 0 1817 1476 192 1 962 0
0 3189 0 1 192 0 3189 0
2 2975 768 2 30 0 448 768 71 2 2527 0
0 3189 0 1 139 0 3189 0
0 3035 555 2 100 0 2889 554 43 0 146 1
1 2970 788 2 43 0 0 787 102 1 2970 1
0 3189 0 1 182 0 3189 0
0 3189 0 1 157 0 3189 0
1 2882 1105 2 157 0 283 1104 163 1 2599 1
0 3189 0 1 194 0 3189 0
2 3016 621 2 12 0 794 620 188 2 2222 1
0 3189 0 1 121 0 3189 0
0 3058 472 2 144 0 0 471 181 0 3058 1
2 2841 1251 2 181 0 2015 1251 50 2 826 0
0 3189 0 1 50 0 3189 0
0 3119 252 2 50 0 0 252 44 0 3119 0
0 3189 0 1 53 0 3189 0
0 3189 0 1 95 0 3189 0
1 2866 1162 2 48 0 1117 1162 87 1 1749 0
0 3189 0 1 87 0 3189 0
-1
11 46
0 2298 0 1 55 0 2298 0
0 2298 0 1 55 0 2298 0
0 2298 0 1 108 0 2298 0
0 2298 0 1 108 0 2298 0
0 2298 0 1 80 0 2298 0
0 2113 667 1 80 0 2113 667
0 2298 0 1 185 0 2298 0
0 2298 0 1 185 0 2298 0
0 2298 0 1 130 0 2298 0
0 2298 0 1 130 0 2298 0
0 2298 0 1 23 0 2298 0
0 2298 0 1 32 0 2298 0
0 2075 804 1 35 0 2075 804
0 2298 0 1 178 0 2298 0
0 2298 0 1 178 0 2298 0
0 2298 0 1 77 0 2298 0
0 2024 988 2 77 0 216 988 3 0 1808 0
1 2000 1073 2 14 0 1776 1073 34 1 224 0
0 2298 0 1 34 0 2298 0
0 2298 0 1 75 0 2298 0
0 2298 0 1 83 0 2298 0
0 2298 0 1 132 0 2298 0
0 2298 0 1 158 0 2298 0
0 2298 0 1 79 0 2298 0
0 2298 0 1 88 0 2298 0
0 2298 0 1 131 0 2298 0
0 2298 0 1 192 0 2298 0
0 2298 0 1 30 0 2298 0
0 2298 0 1 71 0 2298 0
1 2067 832 2 139 0 2045 831 100 1 22 1
0 2298 0 1 43 0 2298 0
1 2071 817 2 159 0 1851 817 182 1 220 0
0 2298 0 1 42 0 2298 0
0 2298 0 1 157 0 2298 0
1 1974 1167 2 163 0 862 1167 11 1 1112 0
2 1956 1231 2 194 0 1329 1230 12 2 627 1
0 2298 0 1 188 0 2298 0
0 2298 0 1 144 0 2298 0
0 2298 0 1 181 0 2298 0
0 2298 0 1 50 0 2298 0
0 2000 1075 1 50 0 2000 1075
1 2093 738 2 44 0 1709 738 53 1 384 0
0 2248 181 2 53 0 0 180 95 0 2248 1
0 2298 0 1 48 0 2298 0
0 2298 0 1 87 0 2298 0
0 2298 0 1 29 0 2298 0
-1
12 45
2 2572 0 1 166 2 2572 0
2 2572 0 1 1 2 2572 0
2 2572 0 1 13 2 2572 0
2 2383 681 2 162 0 784 681 91 2 1599 0
2 2572 0 1 20 2 2572 0
0 2238 1206 2 20 0 132 1206 199 0 2106 0
2 2222 1261 2 199 0 2124 1261 143 2 98 0
2 2572 0 1 143 2 2572 0
2 2572 0 1 116 2 2572 0
2 2572 0 1 51 2 2572 0
2 2400 620 2 171 0 688 620 191 2 1712 0
2 2572 0 1 191 2 2572 0
2 2373 717 2 24 0 1529 717 153 2 844 0
2 2572 0 1 153 2 2572 0
2 2572 0 1 45 2 2572 0
2 2572 0 1 197 2 2572 0
2 2572 0 1 193 2 2572 0
2 2572 0 1 138 2 2572 0
2 2572 0 1 60 2 2572 0
0 2171 1448 2 60 0 2148 1448 59 0 23 0
2 2572 0 1 184 2 2572 0
2 2572 0 1 62 2 2572 0
2 2572 0 1 104 2 2572 0
2 2572 0 1 111 2 2572 0
2 2572 0 1 63 2 2572 0
0 2363 756 2 63 0 0 755 129 0 2363 1
1 2424 535 2 126 0 156 534 98 1 2268 1
2 2572 0 1 36 2 2572 0
2 2572 0 1 56 2 2572 0
2 2368 735 2 118 0 1705 735 81 2 663 0
2 2572 0 1 81 2 2572 0
2 2572 0 1 110 2 2572 0
2 2572 0 1 146 2 2572 0
2 2572 0 1 156 2 2572 0
0 2345 821 2 152 0 63 820 31 0 2282 1
2 2572 0 1 173 2 2572 0
2 2572 0 1 61 2 2572 0
2 2572 0 1 160 2 2572 0
2 2572 0 1 6 2 2572 0
2 2572 0 1 64 2 2572 0
2 2572 0 1 82 2 2572 0
2 2572 0 1 28 2 2572 0
2 2572 0 1 19 2 2572 0
2 2220 1269 2 198 0 661 1269 27 2 1559 0
0 2309 950 1 78 0 2309 950
-1
13 50
2 1812 0 1 57 2 1812 0
2 1812 0 1 57 2 1812 0
2 1812 0 1 57 2 1812 0
0 1603 755 2 57 0 1353 755 150 0 250 0
2 1812 0 1 150 2 1812 0
2 1812 0 1 150 2 1812 0
2 1812 0 1 150 2 1812 0
2 1812 0 1 150 2 1812 0
2 1536 994 2 150 0 1440 994 99 2 96 0
2 1812 0 1 99 2 1812 0
2 1630 655 2 99 0 1065 655 35 2 565 0
2 1812 0 1 35 2 1812 0
2 1812 0 1 35 2 1812 0
2 1812 0 1 47 2 1812 0
2 1648 591 2 47 0 1579 591 3 2 69 0
2 1812 0 1 3 2 1812 0
2 1812 0 1 3 2 1812 0
2 1812 0 1 96 2 1812 0
1 1488 1169 2 96 0 485 1168 26 1 1003 1
2 1812 0 1 26 2 1812 0
2 1812 0 1 26 2 1812 0
2 1812 0 1 132 2 1812 0
2 1408 1456 2 132 0 1033 1456 158 2 375 0
2 1812 0 1 79 2 1812 0
2 1812 0 1 88 2 1812 0
2 1812 0 1 131 2 1812 0
2 1812 0 1 192 2 1812 0
1 1511 1086 2 192 0 1510 1086 93 1 1 0
2 1812 0 1 93 2 1812 0
2 1812 0 1 155 2 1812 0
2 1812 0 1 43 2 1812 0
0 1642 615 2 102 0 1179 614 159 0 463 1
2 1812 0 1 182 2 1812 0
2 1812 0 1 163 2 1812 0
2 1812 0 1 163 2 1812 0
2 1812 0 1 188 2 1812 0
2 1812 0 1 188 2 1812 0
2 1812 0 1 144 2 1812 0
2 1812 0 1 181 2 1812 0
2 1812 0 1 50 2 1812 0
2 1812 0 1 50 2 1812 0
2 1812 0 1 44 2 1812 0
0 1700 406 1 53 0 1700 406
2 1619 695 2 95 0 827 695 48 2 792 0
2 1812 0 1 87 2 1812 0
1 1446 1320 2 87 0 746 1320 29 1 700 0
2 1812 0 1 29 2 1812 0
0 1533 1008 1 29 0 1533 1008
2 1812 0 1 72 2 1812 0
0 1673 503 2 72 0 0 503 177 0 1673 0
-1
14 60
1 2736 0 1 190 1 2736 0
1 2736 0 1 190 1 2736 0
1 2460 994 2 190 0 220 994 135 1 2240 0
1 2736 0 1 135 1 2736 0
1 2736 0 1 119 1 2736 0
1 2736 0 1 119 1 2736 0
1 2427 1113 2 119 0 520 1113 49 1 1907 0
0 2694 152 1 49 0 2694 152
1 2736 0 1 109 1 2736 0
1 2736 0 1 109 1 2736 0
1 2736 0 1 122 1 2736 0
0 2652 304 1 122 0 2652 304
1 2736 0 1 18 1 2736 0
1 2736 0 1 189 1 2736 0
0 2581 560 2 189 0 398 559 89 0 2183 1
0 2547 682 2 89 0 2338 682 33 0 209 0
1 2736 0 1 33 1 2736 0
1 2736 0 1 33 1 2736 0
1 2350 1391 2 33 0 1958 1391 7 1 392 0
1 2736 0 1 7 1 2736 0
1 2736 0 1 7 1 2736 0
1 2736 0 1 7 1 2736 0
1 2736 0 1 154 1 2736 0
0 2708 102 1 154 0 2708 102
1 2736 0 1 195 1 2736 0
1 2526 757 2 195 0 1051 757 38 1 1475 0
1 2736 0 1 38 1 2736 0
1 2451 1027 2 38 0 1778 1027 167 1 673 0
1 2736 0 1 167 1 2736 0
1 2736 0 1 167 1 2736 0
1 2736 0 1 113 1 2736 0
1 2565 616 2 113 0 1181 616 102 1 1384 0
1 2736 0 1 66 1 2736 0
1 2736 0 1 66 1 2736 0
0 2418 1147 2 66 0 1597 1147 74 0 821 0
2 2594 510 2 74 0 2143 510 121 2 451 0
1 2736 0 1 121 1 2736 0
1 2736 0 1 121 1 2736 0
1 2736 0 1 97 1 2736 0
1 2736 0 1 97 1 2736 0
1 2736 0 1 97 1 2736 0
1 2736 0 1 179 1 2736 0
1 2736 0 1 4 1 2736 0
1 2736 0 1 4 1 2736 0
1 2736 0 1 117 1 2736 0
1 2736 0 1 117 1 2736 0
0 2384 1270 2 117 0 1945 1269 133 0 439 1
1 2736 0 1 107 1 2736 0
1 2736 0 1 107 1 2736 0
2 2395 1227 2 107 0 2317 1227 68 2 78 0
1 2736 0 1 68 1 2736 0
1 2736 0 1 68 1 2736 0
0 2406 1190 2 114 0 792 1190 58 0 1614 0
1 2736 0 1 58 1 2736 0
0 2221 1857 3 58 0 263 874 177 0 925 983 149 0 1033 0
1 2736 0 1 149 1 2736 0
1 2736 0 1 149 1 2736 0
0 2369 1324 2 149 0 531 1324 164 0 1838 0
2 2340 1426 2 164 0 1823 1426 8 2 517 0
0 1311 766 1 8 0 1311 766
-1
15 38
1 1525 0 1 40 1 1525 0
1 1525 0 1 136 1 1525 0
1 1525 0 1 52 1 1525 0
1 1525 0 1 84 1 1525 0
1 1525 0 1 115 1 1525 0
1 1525 0 1 90 1 1525 0
1 1241 1023 2 145 0 1216 1023 128 1 25 0
1 1208 1142 2 128 0 143 1142 17 1 1065 0
1 1525 0 1 196 1 1525 0
1 1525 0 1 141 1 1525 0
1 1525 0 1 69 1 1525 0
1 1525 0 1 32 1 1525 0
1 1525 0 1 94 1 1525 0
0 1357 607 2 15 0 1340 607 10 0 17 0
1 1525 0 1 2 1 1525 0
1 1525 0 1 186 1 1525 0
0 1361 592 2 174 0 815 592 170 0 546 0
0 1270 920 2 170 0 0 920 14 0 1270 0
1 1525 0 1 96 1 1525 0
1 1525 0 1 169 1 1525 0
1 1525 0 1 75 1 1525 0
1 1525 0 1 127 1 1525 0
0 1310 776 2 187 0 0 776 85 0 1310 0
1 1525 0 1 22 1 1525 0
1 1525 0 1 88 1 1525 0
2 1373 546 2 147 0 472 546 41 2 901 0
1 1525 0 1 168 1 1525 0
1 1525 0 1 161 1 1525 0
1 1525 0 1 16 1 1525 0
0 1490 127 2 93 0 0 127 137 0 1490 0
1 1525 0 1 123 1 1525 0
0 1436 322 1 43 0 1436 322
1 1525 0 1 182 1 1525 0
1 1525 0 1 156 1 1525 0
1 1525 0 1 152 1 1525 0
1 1525 0 1 194 1 1525 0
1 1525 0 1 176 1 1525 0
1 1525 0 1 160 1 1525 0
-1
