1 69
0 308 0 1 54 0 308 0
0 308 0 1 54 0 308 0
0 308 0 1 54 0 308 0
0 308 0 1 54 0 308 0
0 308 0 1 54 0 308 0
0 308 0 1 54 0 308 0
0 308 0 1 54 0 308 0
0 308 0 1 54 0 308 0
0 308 0 1 54 0 308 0
0 308 0 1 54 0 308 0
0 308 0 1 54 0 308 0
0 308 0 1 54 0 308 0
0 308 0 1 54 0 308 0
0 308 0 1 54 0 308 0
0 308 0 1 54 0 308 0
0 308 0 1 54 0 308 0
0 308 0 1 54 0 308 0
0 308 0 1 54 0 308 0
0 308 0 1 54 0 308 0
0 308 0 1 54 0 308 0
0 308 0 1 54 0 308 0
0 308 0 1 54 0 308 0
0 308 0 1 54 0 308 0
0 308 0 1 54 0 308 0
0 195 258 1 54 0 195 258
0 0 704 1 54 0 0 704
0 308 0 1 137 0 308 0
0 308 0 1 137 0 308 0
0 308 0 1 137 0 308 0
0 308 0 1 137 0 308 0
0 308 0 1 137 0 308 0
0 308 0 1 137 0 308 0
0 308 0 1 137 0 308 0
0 308 0 1 137 0 308 0
0 308 0 1 137 0 308 0
0 308 0 1 137 0 308 0
0 308 0 1 137 0 308 0
0 308 0 1 137 0 308 0
1 251 129 2 137 0 0 129 164 1 251 0
0 308 0 1 164 0 308 0
0 308 0 1 164 0 308 0
0 308 0 1 164 0 308 0
0 308 0 1 164 0 308 0
0 308 0 1 164 0 308 0
0 308 0 1 164 0 308 0
0 308 0 1 164 0 308 0
0 308 0 1 164 0 308 0
0 308 0 1 164 0 308 0
0 308 0 1 164 0 308 0
0 308 0 1 164 0 308 0
0 308 0 1 164 0 308 0
0 308 0 1 164 0 308 0
0 308 0 1 164 0 308 0
0 308 0 1 164 0 308 0
0 308 0 1 164 0 308 0
0 0 704 1 164 0 0 704
0 308 0 1 78 0 308 0
0 308 0 1 78 0 308 0
0 308 0 1 78 0 308 0
0 308 0 1 78 0 308 0
0 308 0 1 78 0 308 0
0 308 0 1 78 0 308 0
0 308 0 1 78 0 308 0
0 308 0 1 78 0 308 0
0 308 0 1 78 0 308 0
0 308 0 1 78 0 308 0
0 308 0 1 78 0 308 0
0 308 0 1 78 0 308 0
0 308 0 1 78 0 308 0
-1
2 61
0 222 0 1 167 0 222 0
0 222 0 1 167 0 222 0
0 222 0 1 167 0 222 0
0 222 0 1 167 0 222 0
0 222 0 1 167 0 222 0
0 222 0 1 167 0 222 0
0 222 0 1 167 0 222 0
0 222 0 1 167 0 222 0
0 222 0 1 167 0 222 0
0 222 0 1 167 0 222 0
0 222 0 1 167 0 222 0
0 222 0 1 167 0 222 0
0 222 0 1 167 0 222 0
0 222 0 1 167 0 222 0
0 222 0 1 167 0 222 0
0 222 0 1 167 0 222 0
0 222 0 1 167 0 222 0
0 222 0 1 167 0 222 0
0 222 0 1 167 0 222 0
0 222 0 1 167 0 222 0
0 222 0 1 167 0 222 0
0 222 0 1 167 0 222 0
0 64 361 1 167 0 64 361
0 113 249 2 167 0 0 249 2 0 113 0
0 222 0 1 2 0 222 0
0 222 0 1 2 0 222 0
0 222 0 1 2 0 222 0
0 222 0 1 2 0 222 0
0 222 0 1 2 0 222 0
0 222 0 1 2 0 222 0
0 222 0 1 2 0 222 0
0 222 0 1 2 0 222 0
0 222 0 1 2 0 222 0
0 222 0 1 2 0 222 0
0 222 0 1 2 0 222 0
0 222 0 1 2 0 222 0
0 222 0 1 2 0 222 0
0 222 0 1 2 0 222 0
0 222 0 1 2 0 222 0
0 0 508 1 2 0 0 508
0 222 0 1 164 0 222 0
0 222 0 1 164 0 222 0
0 222 0 1 164 0 222 0
0 222 0 1 164 0 222 0
0 222 0 1 164 0 222 0
0 222 0 1 164 0 222 0
0 222 0 1 164 0 222 0
0 222 0 1 164 0 222 0
0 222 0 1 164 0 222 0
0 222 0 1 164 0 222 0
0 222 0 1 164 0 222 0
0 222 0 1 164 0 222 0
0 222 0 1 164 0 222 0
0 222 0 1 164 0 222 0
0 0 508 1 164 0 0 508
0 222 0 1 50 0 222 0
0 222 0 1 50 0 222 0
0 222 0 1 50 0 222 0
0 222 0 1 50 0 222 0
0 222 0 1 50 0 222 0
0 222 0 1 50 0 222 0
-1
3 59
0 290 0 1 65 0 290 0
0 290 0 1 65 0 290 0
0 290 0 1 65 0 290 0
0 290 0 1 65 0 290 0
0 290 0 1 65 0 290 0
0 290 0 1 65 0 290 0
0 290 0 1 65 0 290 0
0 290 0 1 65 0 290 0
0 290 0 1 65 0 290 0
0 290 0 1 65 0 290 0
0 290 0 1 65 0 290 0
0 290 0 1 65 0 290 0
0 290 0 1 65 0 290 0
0 290 0 1 65 0 290 0
0 290 0 1 65 0 290 0
0 290 0 1 65 0 290 0
0 290 0 1 65 0 290 0
0 290 0 1 65 0 290 0
0 290 0 1 65 0 290 0
0 290 0 1 65 0 290 0
0 290 0 1 65 0 290 0
0 290 0 1 65 0 290 0
0 290 0 1 65 0 290 0
0 290 0 1 65 0 290 0
0 290 0 1 65 0 290 0
0 290 0 1 65 0 290 0
0 290 0 1 65 0 290 0
0 290 0 1 65 0 290 0
0 290 0 1 65 0 290 0
0 290 0 1 65 0 290 0
0 290 0 1 65 0 290 0
0 290 0 1 65 0 290 0
0 290 0 1 65 0 290 0
0 290 0 1 65 0 290 0
0 290 0 1 65 0 290 0
0 290 0 1 65 0 290 0
0 290 0 1 65 0 290 0
0 290 0 1 65 0 290 0
0 290 0 1 65 0 290 0
0 290 0 1 65 0 290 0
0 290 0 1 65 0 290 0
0 290 0 1 65 0 290 0
0 290 0 1 65 0 290 0
0 290 0 1 65 0 290 0
0 290 0 1 65 0 290 0
0 290 0 1 65 0 290 0
0 290 0 1 65 0 290 0
0 290 0 1 65 0 290 0
0 290 0 1 65 0 290 0
0 290 0 1 65 0 290 0
0 290 0 1 65 0 290 0
0 290 0 1 65 0 290 0
0 290 0 1 65 0 290 0
0 290 0 1 65 0 290 0
0 290 0 1 65 0 290 0
0 290 0 1 65 0 290 0
0 290 0 1 65 0 290 0
0 290 0 1 65 0 290 0
0 290 0 1 65 0 290 0
-1
4 70
1 137 0 1 2 1 137 0
1 137 0 1 2 1 137 0
1 137 0 1 2 1 137 0
1 137 0 1 2 1 137 0
1 137 0 1 2 1 137 0
1 137 0 1 2 1 137 0
1 137 0 1 2 1 137 0
1 137 0 1 2 1 137 0
1 137 0 1 2 1 137 0
1 137 0 1 2 1 137 0
1 137 0 1 2 1 137 0
1 137 0 1 2 1 137 0
1 137 0 1 2 1 137 0
1 137 0 1 2 1 137 0
1 137 0 1 2 1 137 0
1 137 0 1 2 1 137 0
1 137 0 1 2 1 137 0
1 137 0 1 2 1 137 0
1 137 0 1 2 1 137 0
1 137 0 1 2 1 137 0
1 137 0 1 2 1 137 0
1 137 0 1 2 1 137 0
1 137 0 1 2 1 137 0
1 137 0 1 2 1 137 0
1 137 0 1 2 1 137 0
1 137 0 1 2 1 137 0
1 137 0 1 2 1 137 0
1 137 0 1 2 1 137 0
1 137 0 1 2 1 137 0
1 137 0 1 2 1 137 0
1 137 0 1 2 1 137 0
1 137 0 1 2 1 137 0
1 137 0 1 2 1 137 0
1 137 0 1 2 1 137 0
1 137 0 1 2 1 137 0
1 137 0 1 2 1 137 0
1 137 0 1 2 1 137 0
1 137 0 1 2 1 137 0
1 137 0 1 2 1 137 0
0 0 314 1 2 0 0 314
1 66 162 2 2 0 0 162 123 1 66 0
1 137 0 1 123 1 137 0
1 137 0 1 123 1 137 0
1 137 0 1 123 1 137 0
1 137 0 1 123 1 137 0
1 137 0 1 123 1 137 0
1 137 0 1 123 1 137 0
1 137 0 1 123 1 137 0
1 137 0 1 123 1 137 0
1 137 0 1 123 1 137 0
1 137 0 1 123 1 137 0
1 137 0 1 123 1 137 0
1 137 0 1 123 1 137 0
1 137 0 1 123 1 137 0
1 137 0 1 123 1 137 0
1 137 0 1 123 1 137 0
1 137 0 1 123 1 137 0
1 137 0 1 123 1 137 0
1 137 0 1 123 1 137 0
1 137 0 1 123 1 137 0
1 137 0 1 123 1 137 0
1 137 0 1 123 1 137 0
1 137 0 1 123 1 137 0
1 137 0 1 123 1 137 0
1 137 0 1 123 1 137 0
1 137 0 1 123 1 137 0
1 137 0 1 123 1 137 0
1 137 0 1 123 1 137 0
1 137 0 1 123 1 137 0
1 137 0 1 123 1 137 0
-1
5 50
0 330 0 1 95 0 330 0
0 330 0 1 95 0 330 0
0 330 0 1 95 0 330 0
0 330 0 1 95 0 330 0
0 330 0 1 95 0 330 0
0 330 0 1 95 0 330 0
0 330 0 1 95 0 330 0
0 330 0 1 95 0 330 0
0 330 0 1 95 0 330 0
0 330 0 1 95 0 330 0
0 330 0 1 95 0 330 0
0 330 0 1 95 0 330 0
0 330 0 1 95 0 330 0
0 330 0 1 95 0 330 0
0 330 0 1 95 0 330 0
0 330 0 1 95 0 330 0
0 330 0 1 95 0 330 0
0 330 0 1 95 0 330 0
0 330 0 1 95 0 330 0
0 330 0 1 95 0 330 0
0 330 0 1 95 0 330 0
0 330 0 1 95 0 330 0
0 330 0 1 95 0 330 0
0 330 0 1 95 0 330 0
0 330 0 1 95 0 330 0
0 330 0 1 95 0 330 0
0 330 0 1 95 0 330 0
0 330 0 1 95 0 330 0
0 0 755 1 95 0 0 755
0 209 277 2 95 0 0 277 62 0 209 0
0 330 0 1 62 0 330 0
0 330 0 1 62 0 330 0
0 330 0 1 62 0 330 0
0 330 0 1 62 0 330 0
0 330 0 1 62 0 330 0
0 330 0 1 62 0 330 0
0 330 0 1 62 0 330 0
0 330 0 1 62 0 330 0
0 330 0 1 62 0 330 0
0 0 755 1 62 0 0 755
0 330 0 1 169 0 330 0
0 330 0 1 169 0 330 0
0 330 0 1 169 0 330 0
0 330 0 1 169 0 330 0
0 330 0 1 169 0 330 0
0 330 0 1 169 0 330 0
0 330 0 1 169 0 330 0
0 330 0 1 169 0 330 0
0 330 0 1 169 0 330 0
0 330 0 1 169 0 330 0
-1
6 71
0 164 0 1 2 0 164 0
0 164 0 1 2 0 164 0
0 164 0 1 2 0 164 0
0 164 0 1 2 0 164 0
0 164 0 1 2 0 164 0
0 164 0 1 2 0 164 0
0 164 0 1 2 0 164 0
0 164 0 1 2 0 164 0
0 164 0 1 2 0 164 0
0 164 0 1 2 0 164 0
0 164 0 1 2 0 164 0
0 164 0 1 2 0 164 0
0 164 0 1 2 0 164 0
0 164 0 1 2 0 164 0
0 164 0 1 2 0 164 0
0 164 0 1 2 0 164 0
0 164 0 1 2 0 164 0
0 164 0 1 2 0 164 0
0 164 0 1 2 0 164 0
0 164 0 1 2 0 164 0
0 164 0 1 2 0 164 0
0 164 0 1 2 0 164 0
0 164 0 1 2 0 164 0
0 164 0 1 2 0 164 0
0 164 0 1 2 0 164 0
0 164 0 1 2 0 164 0
0 164 0 1 2 0 164 0
0 164 0 1 2 0 164 0
0 164 0 1 2 0 164 0
0 164 0 1 2 0 164 0
0 164 0 1 2 0 164 0
0 164 0 1 2 0 164 0
0 164 0 1 2 0 164 0
0 164 0 1 2 0 164 0
0 164 0 1 2 0 164 0
0 164 0 1 2 0 164 0
0 164 0 1 2 0 164 0
0 164 0 1 2 0 164 0
0 164 0 1 2 0 164 0
0 0 375 1 2 0 0 375
0 164 0 1 123 0 164 0
0 164 0 1 123 0 164 0
0 164 0 1 123 0 164 0
0 164 0 1 123 0 164 0
0 164 0 1 123 0 164 0
0 164 0 1 123 0 164 0
0 164 0 1 123 0 164 0
0 164 0 1 123 0 164 0
0 164 0 1 123 0 164 0
0 164 0 1 123 0 164 0
0 164 0 1 123 0 164 0
0 164 0 1 123 0 164 0
0 164 0 1 123 0 164 0
0 164 0 1 123 0 164 0
0 164 0 1 123 0 164 0
0 164 0 1 123 0 164 0
0 164 0 1 123 0 164 0
0 164 0 1 123 0 164 0
0 164 0 1 123 0 164 0
0 164 0 1 123 0 164 0
0 164 0 1 123 0 164 0
0 164 0 1 123 0 164 0
0 164 0 1 123 0 164 0
0 164 0 1 123 0 164 0
0 164 0 1 123 0 164 0
0 164 0 1 123 0 164 0
0 164 0 1 123 0 164 0
0 164 0 1 123 0 164 0
0 164 0 1 123 0 164 0
0 164 0 1 123 0 164 0
0 164 0 1 123 0 164 0
-1
7 69
1 242 0 1 54 1 242 0
1 242 0 1 54 1 242 0
1 242 0 1 54 1 242 0
1 242 0 1 54 1 242 0
1 242 0 1 54 1 242 0
1 242 0 1 54 1 242 0
1 242 0 1 54 1 242 0
1 242 0 1 54 1 242 0
1 242 0 1 54 1 242 0
1 242 0 1 54 1 242 0
1 242 0 1 54 1 242 0
1 242 0 1 54 1 242 0
1 242 0 1 54 1 242 0
1 242 0 1 54 1 242 0
1 242 0 1 54 1 242 0
1 242 0 1 54 1 242 0
1 242 0 1 54 1 242 0
1 242 0 1 54 1 242 0
1 242 0 1 54 1 242 0
1 242 0 1 54 1 242 0
1 242 0 1 54 1 242 0
1 242 0 1 54 1 242 0
1 242 0 1 54 1 242 0
1 242 0 1 54 1 242 0
0 0 555 1 54 0 0 555
1 242 0 1 137 1 242 0
1 242 0 1 137 1 242 0
1 242 0 1 137 1 242 0
1 242 0 1 137 1 242 0
1 242 0 1 137 1 242 0
1 242 0 1 137 1 242 0
1 242 0 1 137 1 242 0
1 242 0 1 137 1 242 0
1 242 0 1 137 1 242 0
1 242 0 1 137 1 242 0
1 242 0 1 137 1 242 0
1 242 0 1 137 1 242 0
0 73 388 1 137 0 73 388
1 242 0 1 164 1 242 0
1 242 0 1 164 1 242 0
1 242 0 1 164 1 242 0
1 242 0 1 164 1 242 0
1 242 0 1 164 1 242 0
1 242 0 1 164 1 242 0
1 242 0 1 164 1 242 0
1 242 0 1 164 1 242 0
1 242 0 1 164 1 242 0
1 242 0 1 164 1 242 0
1 242 0 1 164 1 242 0
1 242 0 1 164 1 242 0
1 242 0 1 164 1 242 0
1 242 0 1 164 1 242 0
1 242 0 1 164 1 242 0
1 242 0 1 164 1 242 0
1 242 0 1 164 1 242 0
1 242 0 1 78 1 242 0
1 242 0 1 78 1 242 0
1 242 0 1 78 1 242 0
1 242 0 1 78 1 242 0
1 242 0 1 78 1 242 0
1 242 0 1 78 1 242 0
1 242 0 1 78 1 242 0
1 242 0 1 78 1 242 0
1 242 0 1 78 1 242 0
1 242 0 1 78 1 242 0
1 242 0 1 78 1 242 0
1 242 0 1 78 1 242 0
1 242 0 1 78 1 242 0
1 242 0 1 78 1 242 0
-1
8 41
1 345 0 1 62 1 345 0
1 345 0 1 62 1 345 0
1 345 0 1 62 1 345 0
1 345 0 1 62 1 345 0
1 345 0 1 62 1 345 0
1 345 0 1 62 1 345 0
1 345 0 1 62 1 345 0
1 345 0 1 62 1 345 0
1 345 0 1 62 1 345 0
1 345 0 1 62 1 345 0
1 345 0 1 62 1 345 0
1 345 0 1 62 1 345 0
1 345 0 1 62 1 345 0
1 345 0 1 62 1 345 0
1 345 0 1 62 1 345 0
1 345 0 1 62 1 345 0
1 345 0 1 62 1 345 0
1 345 0 1 62 1 345 0
1 345 0 1 62 1 345 0
1 345 0 1 62 1 345 0
1 345 0 1 62 1 345 0
1 345 0 1 62 1 345 0
1 345 0 1 62 1 345 0
1 345 0 1 62 1 345 0
1 345 0 1 62 1 345 0
1 345 0 1 62 1 345 0
1 345 0 1 62 1 345 0
1 345 0 1 62 1 345 0
1 345 0 1 62 1 345 0
1 345 0 1 62 1 345 0
1 345 0 1 62 1 345 0
1 345 0 1 62 1 345 0
1 345 0 1 62 1 345 0
1 345 0 1 62 1 345 0
1 345 0 1 62 1 345 0
1 345 0 1 62 1 345 0
1 345 0 1 62 1 345 0
1 345 0 1 62 1 345 0
1 345 0 1 62 1 345 0
0 321 56 1 62 0 321 56
0 0 313 1 62 0 0 313
-1
9 50
1 312 0 1 95 1 312 0
1 312 0 1 95 1 312 0
1 312 0 1 95 1 312 0
1 312 0 1 95 1 312 0
1 312 0 1 95 1 312 0
1 312 0 1 95 1 312 0
1 312 0 1 95 1 312 0
1 312 0 1 95 1 312 0
1 312 0 1 95 1 312 0
1 312 0 1 95 1 312 0
1 312 0 1 95 1 312 0
1 312 0 1 95 1 312 0
1 312 0 1 95 1 312 0
1 312 0 1 95 1 312 0
1 312 0 1 95 1 312 0
1 312 0 1 95 1 312 0
1 312 0 1 95 1 312 0
1 312 0 1 95 1 312 0
1 312 0 1 95 1 312 0
1 312 0 1 95 1 312 0
1 312 0 1 95 1 312 0
1 312 0 1 95 1 312 0
1 312 0 1 95 1 312 0
1 312 0 1 95 1 312 0
1 312 0 1 95 1 312 0
1 312 0 1 95 1 312 0
1 312 0 1 95 1 312 0
1 312 0 1 95 1 312 0
0 0 714 1 95 0 0 714
1 312 0 1 62 1 312 0
1 312 0 1 62 1 312 0
1 312 0 1 62 1 312 0
1 312 0 1 62 1 312 0
1 312 0 1 62 1 312 0
1 312 0 1 62 1 312 0
1 312 0 1 62 1 312 0
1 312 0 1 62 1 312 0
1 312 0 1 62 1 312 0
1 312 0 1 62 1 312 0
0 0 714 1 62 0 0 714
1 312 0 1 169 1 312 0
1 312 0 1 169 1 312 0
1 312 0 1 169 1 312 0
1 312 0 1 169 1 312 0
1 312 0 1 169 1 312 0
1 312 0 1 169 1 312 0
1 312 0 1 169 1 312 0
1 312 0 1 169 1 312 0
1 312 0 1 169 1 312 0
1 312 0 1 169 1 312 0
-1
10 74
1 359 0 1 35 1 359 0
1 359 0 1 35 1 359 0
1 359 0 1 35 1 359 0
1 359 0 1 35 1 359 0
1 359 0 1 35 1 359 0
1 359 0 1 35 1 359 0
1 359 0 1 35 1 359 0
1 359 0 1 35 1 359 0
1 359 0 1 35 1 359 0
1 359 0 1 35 1 359 0
1 359 0 1 35 1 359 0
1 359 0 1 35 1 359 0
1 359 0 1 35 1 359 0
1 359 0 1 35 1 359 0
1 359 0 1 35 1 359 0
1 359 0 1 35 1 359 0
1 359 0 1 35 1 359 0
1 359 0 1 35 1 359 0
1 359 0 1 35 1 359 0
1 359 0 1 35 1 359 0
1 359 0 1 35 1 359 0
1 359 0 1 35 1 359 0
1 359 0 1 35 1 359 0
1 359 0 1 35 1 359 0
1 359 0 1 35 1 359 0
1 359 0 1 35 1 359 0
1 359 0 1 35 1 359 0
1 359 0 1 35 1 359 0
1 359 0 1 35 1 359 0
1 359 0 1 35 1 359 0
1 359 0 1 35 1 359 0
1 359 0 1 35 1 359 0
1 359 0 1 35 1 359 0
1 359 0 1 35 1 359 0
1 359 0 1 35 1 359 0
1 359 0 1 35 1 359 0
1 359 0 1 35 1 359 0
1 359 0 1 35 1 359 0
1 359 0 1 35 1 359 0
1 359 0 1 35 1 359 0
1 359 0 1 35 1 359 0
1 359 0 1 35 1 359 0
1 359 0 1 35 1 359 0
1 359 0 1 35 1 359 0
1 359 0 1 35 1 359 0
1 359 0 1 35 1 359 0
1 359 0 1 35 1 359 0
1 359 0 1 35 1 359 0
1 359 0 1 35 1 359 0
1 359 0 1 35 1 359 0
0 108 575 1 35 0 108 575
0 0 822 1 35 0 0 822
1 90 615 2 35 0 0 615 78 1 90 0
1 359 0 1 78 1 359 0
1 359 0 1 78 1 359 0
1 359 0 1 78 1 359 0
1 359 0 1 78 1 359 0
1 359 0 1 78 1 359 0
1 359 0 1 78 1 359 0
1 359 0 1 78 1 359 0
1 359 0 1 78 1 359 0
1 359 0 1 78 1 359 0
1 359 0 1 78 1 359 0
1 359 0 1 78 1 359 0
1 359 0 1 78 1 359 0
1 359 0 1 78 1 359 0
1 359 0 1 78 1 359 0
1 359 0 1 78 1 359 0
1 359 0 1 78 1 359 0
1 359 0 1 78 1 359 0
1 359 0 1 78 1 359 0
1 359 0 1 78 1 359 0
1 359 0 1 78 1 359 0
1 359 0 1 78 1 359 0
-1
11 69
0 423 0 1 54 0 423 0
0 423 0 1 54 0 423 0
0 423 0 1 54 0 423 0
0 423 0 1 54 0 423 0
0 423 0 1 54 0 423 0
0 423 0 1 54 0 423 0
0 423 0 1 54 0 423 0
0 423 0 1 54 0 423 0
0 423 0 1 54 0 423 0
0 423 0 1 54 0 423 0
0 423 0 1 54 0 423 0
0 423 0 1 54 0 423 0
0 423 0 1 54 0 423 0
0 423 0 1 54 0 423 0
0 423 0 1 54 0 423 0
0 423 0 1 54 0 423 0
0 423 0 1 54 0 423 0
0 423 0 1 54 0 423 0
0 423 0 1 54 0 423 0
0 423 0 1 54 0 423 0
0 423 0 1 54 0 423 0
0 423 0 1 54 0 423 0
0 423 0 1 54 0 423 0
0 423 0 1 54 0 423 0
0 0 967 1 54 0 0 967
0 423 0 1 137 0 423 0
0 423 0 1 137 0 423 0
0 423 0 1 137 0 423 0
0 423 0 1 137 0 423 0
0 423 0 1 137 0 423 0
0 423 0 1 137 0 423 0
0 423 0 1 137 0 423 0
0 423 0 1 137 0 423 0
0 423 0 1 137 0 423 0
0 423 0 1 137 0 423 0
0 423 0 1 137 0 423 0
0 423 0 1 137 0 423 0
0 0 967 1 137 0 0 967
0 423 0 1 164 0 423 0
0 423 0 1 164 0 423 0
0 423 0 1 164 0 423 0
0 423 0 1 164 0 423 0
0 423 0 1 164 0 423 0
0 423 0 1 164 0 423 0
0 423 0 1 164 0 423 0
0 423 0 1 164 0 423 0
0 423 0 1 164 0 423 0
0 423 0 1 164 0 423 0
0 423 0 1 164 0 423 0
0 423 0 1 164 0 423 0
0 423 0 1 164 0 423 0
0 423 0 1 164 0 423 0
0 423 0 1 164 0 423 0
0 423 0 1 164 0 423 0
0 2 962 1 164 0 2 962
0 423 0 1 78 0 423 0
0 423 0 1 78 0 423 0
0 423 0 1 78 0 423 0
0 423 0 1 78 0 423 0
0 423 0 1 78 0 423 0
0 423 0 1 78 0 423 0
0 423 0 1 78 0 423 0
0 423 0 1 78 0 423 0
0 423 0 1 78 0 423 0
0 423 0 1 78 0 423 0
0 423 0 1 78 0 423 0
0 423 0 1 78 0 423 0
0 423 0 1 78 0 423 0
0 423 0 1 78 0 423 0
-1
12 68
1 128 0 1 54 1 128 0
1 128 0 1 54 1 128 0
1 128 0 1 54 1 128 0
1 128 0 1 54 1 128 0
1 128 0 1 54 1 128 0
1 128 0 1 54 1 128 0
1 128 0 1 54 1 128 0
1 128 0 1 54 1 128 0
1 128 0 1 54 1 128 0
1 128 0 1 54 1 128 0
1 128 0 1 54 1 128 0
1 128 0 1 54 1 128 0
1 128 0 1 54 1 128 0
1 128 0 1 54 1 128 0
1 128 0 1 54 1 128 0
1 128 0 1 54 1 128 0
1 128 0 1 54 1 128 0
1 128 0 1 54 1 128 0
1 128 0 1 54 1 128 0
1 128 0 1 54 1 128 0
1 128 0 1 54 1 128 0
1 128 0 1 54 1 128 0
1 128 0 1 54 1 128 0
1 128 0 1 54 1 128 0
0 0 293 1 54 0 0 293
0 47 186 2 54 0 0 186 137 0 47 0
1 128 0 1 137 1 128 0
1 128 0 1 137 1 128 0
1 128 0 1 137 1 128 0
1 128 0 1 137 1 128 0
1 128 0 1 137 1 128 0
1 128 0 1 137 1 128 0
1 128 0 1 137 1 128 0
1 128 0 1 137 1 128 0
1 128 0 1 137 1 128 0
1 128 0 1 137 1 128 0
1 128 0 1 137 1 128 0
1 128 0 1 137 1 128 0
1 128 0 1 164 1 128 0
1 128 0 1 164 1 128 0
1 128 0 1 164 1 128 0
1 128 0 1 164 1 128 0
1 128 0 1 164 1 128 0
1 128 0 1 164 1 128 0
1 128 0 1 164 1 128 0
1 128 0 1 164 1 128 0
1 128 0 1 164 1 128 0
1 128 0 1 164 1 128 0
1 128 0 1 164 1 128 0
1 128 0 1 164 1 128 0
1 128 0 1 164 1 128 0
1 128 0 1 164 1 128 0
1 128 0 1 164 1 128 0
1 128 0 1 164 1 128 0
1 128 0 1 164 1 128 0
0 110 42 2 164 0 0 42 78 0 110 0
1 128 0 1 78 1 128 0
1 128 0 1 78 1 128 0
1 128 0 1 78 1 128 0
1 128 0 1 78 1 128 0
1 128 0 1 78 1 128 0
1 128 0 1 78 1 128 0
1 128 0 1 78 1 128 0
1 128 0 1 78 1 128 0
1 128 0 1 78 1 128 0
1 128 0 1 78 1 128 0
1 128 0 1 78 1 128 0
1 128 0 1 78 1 128 0
-1
13 62
1 219 0 1 167 1 219 0
1 219 0 1 167 1 219 0
1 219 0 1 167 1 219 0
1 219 0 1 167 1 219 0
1 219 0 1 167 1 219 0
1 219 0 1 167 1 219 0
1 219 0 1 167 1 219 0
1 219 0 1 167 1 219 0
1 219 0 1 167 1 219 0
1 219 0 1 167 1 219 0
1 219 0 1 167 1 219 0
1 219 0 1 167 1 219 0
1 219 0 1 167 1 219 0
1 219 0 1 167 1 219 0
1 219 0 1 167 1 219 0
1 219 0 1 167 1 219 0
1 219 0 1 167 1 219 0
1 219 0 1 167 1 219 0
1 219 0 1 167 1 219 0
1 219 0 1 167 1 219 0
1 219 0 1 167 1 219 0
1 219 0 1 167 1 219 0
1 219 0 1 167 1 219 0
0 0 502 1 167 0 0 502
1 219 0 1 2 1 219 0
1 219 0 1 2 1 219 0
1 219 0 1 2 1 219 0
1 219 0 1 2 1 219 0
1 219 0 1 2 1 219 0
1 219 0 1 2 1 219 0
1 219 0 1 2 1 219 0
1 219 0 1 2 1 219 0
1 219 0 1 2 1 219 0
1 219 0 1 2 1 219 0
1 219 0 1 2 1 219 0
1 219 0 1 2 1 219 0
1 219 0 1 2 1 219 0
1 219 0 1 2 1 219 0
1 219 0 1 2 1 219 0
0 127 211 1 2 0 127 211
0 0 502 1 2 0 0 502
1 219 0 1 164 1 219 0
1 219 0 1 164 1 219 0
1 219 0 1 164 1 219 0
1 219 0 1 164 1 219 0
1 219 0 1 164 1 219 0
1 219 0 1 164 1 219 0
1 219 0 1 164 1 219 0
1 219 0 1 164 1 219 0
1 219 0 1 164 1 219 0
1 219 0 1 164 1 219 0
1 219 0 1 164 1 219 0
1 219 0 1 164 1 219 0
1 219 0 1 164 1 219 0
1 219 0 1 164 1 219 0
0 0 502 1 164 0 0 502
1 219 0 1 50 1 219 0
1 219 0 1 50 1 219 0
1 219 0 1 50 1 219 0
1 219 0 1 50 1 219 0
1 219 0 1 50 1 219 0
1 219 0 1 50 1 219 0
-1
14 51
1 309 0 1 95 1 309 0
1 309 0 1 95 1 309 0
1 309 0 1 95 1 309 0
1 309 0 1 95 1 309 0
1 309 0 1 95 1 309 0
1 309 0 1 95 1 309 0
1 309 0 1 95 1 309 0
1 309 0 1 95 1 309 0
1 309 0 1 95 1 309 0
1 309 0 1 95 1 309 0
1 309 0 1 95 1 309 0
1 309 0 1 95 1 309 0
1 309 0 1 95 1 309 0
1 309 0 1 95 1 309 0
1 309 0 1 95 1 309 0
1 309 0 1 95 1 309 0
1 309 0 1 95 1 309 0
1 309 0 1 95 1 309 0
1 309 0 1 95 1 309 0
1 309 0 1 95 1 309 0
1 309 0 1 95 1 309 0
1 309 0 1 95 1 309 0
1 309 0 1 95 1 309 0
1 309 0 1 95 1 309 0
1 309 0 1 95 1 309 0
1 309 0 1 95 1 309 0
1 309 0 1 95 1 309 0
1 309 0 1 95 1 309 0
0 82 520 1 95 0 82 520
0 0 708 1 95 0 0 708
1 309 0 1 62 1 309 0
1 309 0 1 62 1 309 0
1 309 0 1 62 1 309 0
1 309 0 1 62 1 309 0
1 309 0 1 62 1 309 0
1 309 0 1 62 1 309 0
1 309 0 1 62 1 309 0
1 309 0 1 62 1 309 0
1 309 0 1 62 1 309 0
0 0 708 1 62 0 0 708
1 309 0 1 169 1 309 0
1 309 0 1 169 1 309 0
1 309 0 1 169 1 309 0
1 309 0 1 169 1 309 0
1 309 0 1 169 1 309 0
1 309 0 1 169 1 309 0
1 309 0 1 169 1 309 0
1 309 0 1 169 1 309 0
1 309 0 1 169 1 309 0
1 309 0 1 169 1 309 0
1 309 0 1 169 1 309 0
-1
15 29
1 142 0 1 102 1 142 0
1 142 0 1 102 1 142 0
1 142 0 1 102 1 142 0
1 142 0 1 102 1 142 0
1 142 0 1 102 1 142 0
1 142 0 1 102 1 142 0
1 142 0 1 102 1 142 0
1 142 0 1 102 1 142 0
1 142 0 1 102 1 142 0
1 142 0 1 102 1 142 0
1 142 0 1 102 1 142 0
1 142 0 1 102 1 142 0
1 142 0 1 102 1 142 0
1 142 0 1 102 1 142 0
1 142 0 1 102 1 142 0
1 142 0 1 102 1 142 0
1 142 0 1 102 1 142 0
1 142 0 1 102 1 142 0
1 142 0 1 102 1 142 0
1 142 0 1 102 1 142 0
1 142 0 1 102 1 142 0
1 142 0 1 102 1 142 0
1 142 0 1 102 1 142 0
1 142 0 1 102 1 142 0
1 142 0 1 102 1 142 0
1 142 0 1 102 1 142 0
1 142 0 1 102 1 142 0
1 142 0 1 102 1 142 0
1 142 0 1 102 1 142 0
-1
