1 33
1 463 0 1 497 1 463 0
1 463 0 1 497 1 463 0
1 463 0 1 497 1 463 0
1 463 0 1 497 1 463 0
1 463 0 1 497 1 463 0
0 222 334 2 497 0 0 334 426 0 222 0
0 293 236 1 426 0 293 236
1 463 0 1 530 1 463 0
1 463 0 1 741 1 463 0
1 463 0 1 741 1 463 0
1 463 0 1 741 1 463 0
1 463 0 1 741 1 463 0
1 463 0 1 1015 1 463 0
1 463 0 1 1015 1 463 0
1 463 0 1 847 1 463 0
1 463 0 1 847 1 463 0
1 463 0 1 847 1 463 0
1 463 0 1 847 1 463 0
1 463 0 1 847 1 463 0
1 35 592 2 847 0 35 592 699 1 0 0
1 463 0 1 699 1 463 0
1 463 0 1 699 1 463 0
1 463 0 1 699 1 463 0
0 0 641 1 699 0 0 641
1 463 0 1 203 1 463 0
1 463 0 1 716 1 463 0
1 463 0 1 716 1 463 0
1 463 0 1 716 1 463 0
1 463 0 1 643 1 463 0
1 463 0 1 643 1 463 0
1 463 0 1 643 1 463 0
0 384 110 1 643 0 384 110
1 463 0 1 156 1 463 0
-1
2 30
0 1053 0 1 74 0 1053 0
0 1053 0 1 74 0 1053 0
0 1053 0 1 74 0 1053 0
0 1053 0 1 74 0 1053 0
0 1053 0 1 74 0 1053 0
0 1053 0 1 74 0 1053 0
0 1053 0 1 74 0 1053 0
0 1053 0 1 454 0 1053 0
0 1053 0 1 454 0 1053 0
0 1053 0 1 454 0 1053 0
0 1053 0 1 454 0 1053 0
0 1053 0 1 454 0 1053 0
0 1053 0 1 454 0 1053 0
0 1053 0 1 454 0 1053 0
0 1053 0 1 454 0 1053 0
1 636 576 2 454 0 636 576 132 1 0 0
2 922 180 2 454 0 0 180 132 2 922 0
0 1053 0 1 132 0 1053 0
0 1053 0 1 132 0 1053 0
0 1053 0 1 132 0 1053 0
0 724 455 1 132 0 724 455
0 1053 0 1 162 0 1053 0
0 1053 0 1 162 0 1053 0
0 1053 0 1 162 0 1053 0
0 1053 0 1 162 0 1053 0
0 1053 0 1 162 0 1053 0
0 1053 0 1 162 0 1053 0
0 1053 0 1 162 0 1053 0
0 1053 0 1 162 0 1053 0
0 1053 0 1 162 0 1053 0
-1
3 76
0 768 0 1 207 0 768 0
0 768 0 1 207 0 768 0
0 768 0 1 207 0 768 0
0 768 0 1 207 0 768 0
0 768 0 1 207 0 768 0
0 768 0 1 207 0 768 0
0 768 0 1 207 0 768 0
0 768 0 1 207 0 768 0
0 768 0 1 207 0 768 0
0 768 0 1 207 0 768 0
0 768 0 1 207 0 768 0
0 768 0 1 207 0 768 0
0 768 0 1 207 0 768 0
0 768 0 1 207 0 768 0
0 768 0 1 207 0 768 0
0 768 0 1 207 0 768 0
0 768 0 1 207 0 768 0
0 768 0 1 207 0 768 0
0 768 0 1 207 0 768 0
0 768 0 1 207 0 768 0
1 455 432 2 207 0 455 432 1052 1 0 0
1 544 309 2 207 0 0 309 1052 1 544 0
0 768 0 1 1052 0 768 0
0 768 0 1 1052 0 768 0
0 768 0 1 1052 0 768 0
0 768 0 1 1052 0 768 0
0 768 0 1 1052 0 768 0
0 768 0 1 1052 0 768 0
0 768 0 1 1052 0 768 0
0 768 0 1 1052 0 768 0
0 768 0 1 1052 0 768 0
0 768 0 1 1052 0 768 0
0 768 0 1 1052 0 768 0
0 768 0 1 1052 0 768 0
0 768 0 1 1052 0 768 0
0 768 0 1 1052 0 768 0
0 768 0 1 1052 0 768 0
0 768 0 1 1052 0 768 0
1 0 1061 2 1052 0 0 1061 585 1 0 0
0 768 0 1 585 0 768 0
0 768 0 1 585 0 768 0
0 768 0 1 585 0 768 0
0 768 0 1 585 0 768 0
0 768 0 1 585 0 768 0
0 768 0 1 585 0 768 0
0 768 0 1 585 0 768 0
0 768 0 1 585 0 768 0
0 768 0 1 585 0 768 0
0 768 0 1 585 0 768 0
0 768 0 1 585 0 768 0
0 768 0 1 585 0 768 0
0 768 0 1 585 0 768 0
0 768 0 1 585 0 768 0
0 768 0 1 585 0 768 0
0 768 0 1 585 0 768 0
0 768 0 1 585 0 768 0
0 768 0 1 585 0 768 0
0 768 0 1 585 0 768 0
0 768 0 1 585 0 768 0
0 768 0 1 585 0 768 0
0 768 0 1 585 0 768 0
0 768 0 1 585 0 768 0
0 768 0 1 585 0 768 0
1 78 953 2 585 0 78 953 1199 1 0 0
1 0 1061 2 585 0 0 1061 1199 1 0 0
0 752 22 2 585 0 0 22 1199 0 752 0
0 768 0 1 1199 0 768 0
1 531 327 2 1199 0 531 327 1088 1 0 0
1 0 1061 2 1199 0 0 1061 1088 1 0 0
0 153 850 2 1199 0 0 850 1088 0 153 0
0 768 0 1 1088 0 768 0
0 768 0 1 1088 0 768 0
0 768 0 1 1088 0 768 0
0 768 0 1 1088 0 768 0
0 768 0 1 1088 0 768 0
0 768 0 1 1088 0 768 0
-1
4 57
0 506 0 1 281 0 506 0
0 506 0 1 281 0 506 0
0 506 0 1 281 0 506 0
0 506 0 1 281 0 506 0
0 506 0 1 281 0 506 0
0 506 0 1 281 0 506 0
0 506 0 1 281 0 506 0
0 506 0 1 281 0 506 0
0 506 0 1 281 0 506 0
0 506 0 1 281 0 506 0
0 506 0 1 281 0 506 0
0 506 0 1 281 0 506 0
0 506 0 1 281 0 506 0
0 506 0 1 281 0 506 0
0 506 0 1 281 0 506 0
0 506 0 1 281 0 506 0
0 506 0 1 281 0 506 0
0 506 0 1 281 0 506 0
0 506 0 1 281 0 506 0
0 506 0 1 281 0 506 0
0 506 0 1 281 0 506 0
0 506 0 1 281 0 506 0
0 506 0 1 281 0 506 0
0 506 0 1 281 0 506 0
0 506 0 1 281 0 506 0
0 506 0 1 281 0 506 0
0 506 0 1 281 0 506 0
1 317 261 2 281 0 0 261 583 1 317 0
0 506 0 1 583 0 506 0
0 506 0 1 583 0 506 0
0 506 0 1 583 0 506 0
1 469 51 2 583 0 0 51 1195 1 469 0
0 506 0 1 1195 0 506 0
0 506 0 1 1195 0 506 0
0 506 0 1 1195 0 506 0
0 506 0 1 1188 0 506 0
0 506 0 1 1188 0 506 0
0 506 0 1 1188 0 506 0
0 506 0 1 1188 0 506 0
0 506 0 1 1188 0 506 0
0 506 0 1 1188 0 506 0
0 506 0 1 1188 0 506 0
0 506 0 1 1188 0 506 0
0 506 0 1 1188 0 506 0
0 506 0 1 1188 0 506 0
0 506 0 1 1188 0 506 0
0 506 0 1 1188 0 506 0
0 506 0 1 1188 0 506 0
0 506 0 1 1188 0 506 0
0 506 0 1 1188 0 506 0
0 506 0 1 1188 0 506 0
0 506 0 1 1188 0 506 0
0 506 0 1 1188 0 506 0
0 506 0 1 1188 0 506 0
0 506 0 1 1188 0 506 0
0 506 0 1 1188 0 506 0
0 506 0 1 1188 0 506 0
-1
5 97
0 689 0 1 181 0 689 0
0 689 0 1 181 0 689 0
0 689 0 1 181 0 689 0
0 689 0 1 181 0 689 0
0 689 0 1 181 0 689 0
0 689 0 1 181 0 689 0
0 689 0 1 181 0 689 0
0 689 0 1 181 0 689 0
0 689 0 1 181 0 689 0
0 689 0 1 181 0 689 0
0 689 0 1 181 0 689 0
0 689 0 1 181 0 689 0
0 689 0 1 181 0 689 0
0 689 0 1 181 0 689 0
0 689 0 1 181 0 689 0
0 689 0 1 181 0 689 0
0 689 0 1 181 0 689 0
0 689 0 1 181 0 689 0
0 689 0 1 181 0 689 0
0 689 0 1 181 0 689 0
0 689 0 1 181 0 689 0
0 689 0 1 181 0 689 0
0 689 0 1 181 0 689 0
0 689 0 1 181 0 689 0
0 689 0 1 181 0 689 0
0 689 0 1 181 0 689 0
0 689 0 1 181 0 689 0
0 689 0 1 181 0 689 0
0 689 0 1 181 0 689 0
0 689 0 1 181 0 689 0
0 689 0 1 181 0 689 0
0 689 0 1 181 0 689 0
0 362 452 1 181 0 362 452
1 0 952 2 181 0 0 952 364 1 0 0
1 0 952 2 181 0 0 952 364 1 0 0
0 592 134 2 181 0 0 134 364 0 592 0
0 689 0 1 364 0 689 0
0 689 0 1 364 0 689 0
0 689 0 1 364 0 689 0
0 689 0 1 364 0 689 0
0 689 0 1 364 0 689 0
0 689 0 1 364 0 689 0
0 689 0 1 364 0 689 0
0 689 0 1 364 0 689 0
0 689 0 1 364 0 689 0
0 689 0 1 364 0 689 0
0 689 0 1 364 0 689 0
0 689 0 1 364 0 689 0
0 689 0 1 364 0 689 0
0 106 806 1 364 0 106 806
0 496 267 2 364 0 0 267 424 0 496 0
0 689 0 1 424 0 689 0
0 689 0 1 424 0 689 0
0 689 0 1 424 0 689 0
0 689 0 1 424 0 689 0
0 689 0 1 424 0 689 0
0 689 0 1 424 0 689 0
0 689 0 1 424 0 689 0
0 689 0 1 424 0 689 0
0 689 0 1 424 0 689 0
0 689 0 1 424 0 689 0
0 689 0 1 424 0 689 0
0 689 0 1 424 0 689 0
0 689 0 1 424 0 689 0
0 689 0 1 424 0 689 0
0 689 0 1 424 0 689 0
0 689 0 1 424 0 689 0
0 689 0 1 424 0 689 0
0 689 0 1 424 0 689 0
0 689 0 1 424 0 689 0
0 689 0 1 424 0 689 0
0 689 0 1 424 0 689 0
0 689 0 1 424 0 689 0
0 689 0 1 424 0 689 0
0 689 0 1 424 0 689 0
0 689 0 1 424 0 689 0
0 689 0 1 424 0 689 0
0 689 0 1 424 0 689 0
0 689 0 1 424 0 689 0
0 689 0 1 424 0 689 0
0 689 0 1 424 0 689 0
0 689 0 1 424 0 689 0
0 689 0 1 424 0 689 0
0 689 0 1 424 0 689 0
0 689 0 1 424 0 689 0
0 689 0 1 424 0 689 0
0 689 0 1 424 0 689 0
0 689 0 1 424 0 689 0
1 453 326 2 424 0 453 326 972 1 0 0
1 0 952 2 424 0 0 952 972 1 0 0
1 0 952 2 424 0 0 952 972 1 0 0
0 177 708 2 424 0 0 708 972 0 177 0
0 689 0 1 972 0 689 0
0 689 0 1 972 0 689 0
0 689 0 1 972 0 689 0
0 689 0 1 972 0 689 0
0 689 0 1 972 0 689 0
-1
6 33
2 382 0 1 74 2 382 0
2 382 0 1 74 2 382 0
2 382 0 1 74 2 382 0
2 382 0 1 74 2 382 0
2 382 0 1 74 2 382 0
2 382 0 1 74 2 382 0
2 382 0 1 74 2 382 0
2 382 0 1 318 2 382 0
2 382 0 1 318 2 382 0
2 382 0 1 318 2 382 0
2 382 0 1 318 2 382 0
2 382 0 1 318 2 382 0
2 382 0 1 318 2 382 0
2 382 0 1 318 2 382 0
2 382 0 1 318 2 382 0
0 37 478 1 318 0 37 478
2 382 0 1 605 2 382 0
2 382 0 1 605 2 382 0
2 382 0 1 605 2 382 0
2 382 0 1 605 2 382 0
2 382 0 1 605 2 382 0
2 382 0 1 605 2 382 0
2 382 0 1 605 2 382 0
2 382 0 1 605 2 382 0
2 382 0 1 605 2 382 0
2 382 0 1 605 2 382 0
1 368 20 2 605 0 368 20 225 1 0 0
1 318 89 2 605 0 0 89 225 1 318 0
2 382 0 1 225 2 382 0
2 382 0 1 225 2 382 0
2 382 0 1 225 2 382 0
2 382 0 1 225 2 382 0
2 382 0 1 225 2 382 0
-1
7 35
1 212 0 1 426 1 212 0
1 212 0 1 426 1 212 0
1 212 0 1 426 1 212 0
1 212 0 1 426 1 212 0
1 212 0 1 426 1 212 0
1 212 0 1 426 1 212 0
1 212 0 1 426 1 212 0
1 212 0 1 530 1 212 0
1 212 0 1 741 1 212 0
1 212 0 1 741 1 212 0
1 212 0 1 741 1 212 0
1 212 0 1 741 1 212 0
1 212 0 1 1015 1 212 0
1 212 0 1 1015 1 212 0
1 212 0 1 132 1 212 0
1 212 0 1 132 1 212 0
1 212 0 1 132 1 212 0
1 212 0 1 132 1 212 0
1 212 0 1 132 1 212 0
1 212 0 1 132 1 212 0
1 212 0 1 203 1 212 0
1 212 0 1 203 1 212 0
1 212 0 1 203 1 212 0
1 212 0 1 203 1 212 0
1 212 0 1 203 1 212 0
1 212 0 1 716 1 212 0
1 212 0 1 716 1 212 0
1 212 0 1 716 1 212 0
1 212 0 1 1152 1 212 0
1 212 0 1 1152 1 212 0
1 212 0 1 1152 1 212 0
1 212 0 1 1152 1 212 0
1 212 0 1 1152 1 212 0
1 212 0 1 1152 1 212 0
1 212 0 1 1152 1 212 0
-1
8 35
1 646 0 1 497 1 646 0
1 646 0 1 497 1 646 0
1 646 0 1 497 1 646 0
1 646 0 1 497 1 646 0
1 646 0 1 497 1 646 0
0 0 894 1 497 0 0 894
1 646 0 1 426 1 646 0
1 646 0 1 530 1 646 0
1 646 0 1 741 1 646 0
1 646 0 1 741 1 646 0
1 646 0 1 741 1 646 0
1 646 0 1 741 1 646 0
1 646 0 1 1015 1 646 0
1 646 0 1 1015 1 646 0
1 646 0 1 847 1 646 0
1 646 0 1 847 1 646 0
1 646 0 1 847 1 646 0
1 646 0 1 847 1 646 0
1 646 0 1 847 1 646 0
1 646 0 1 847 1 646 0
1 646 0 1 699 1 646 0
1 646 0 1 699 1 646 0
1 646 0 1 699 1 646 0
0 285 500 1 699 0 285 500
1 646 0 1 203 1 646 0
1 646 0 1 716 1 646 0
1 646 0 1 716 1 646 0
1 646 0 1 716 1 646 0
1 646 0 1 643 1 646 0
1 646 0 1 643 1 646 0
1 646 0 1 643 1 646 0
1 646 0 1 643 1 646 0
1 646 0 1 156 1 646 0
1 646 0 1 156 1 646 0
1 646 0 1 156 1 646 0
-1
9 33
0 402 0 1 419 0 402 0
0 402 0 1 419 0 402 0
0 402 0 1 419 0 402 0
0 402 0 1 419 0 402 0
1 16 533 2 419 0 16 533 426 1 0 0
0 402 0 1 426 0 402 0
0 402 0 1 426 0 402 0
0 325 106 2 426 0 0 106 530 0 325 0
0 402 0 1 530 0 402 0
0 402 0 1 741 0 402 0
0 402 0 1 741 0 402 0
0 402 0 1 741 0 402 0
0 265 189 1 741 0 265 189
0 402 0 1 1015 0 402 0
0 402 0 1 1015 0 402 0
0 402 0 1 613 0 402 0
0 402 0 1 613 0 402 0
0 402 0 1 613 0 402 0
0 402 0 1 613 0 402 0
0 402 0 1 613 0 402 0
0 402 0 1 613 0 402 0
0 402 0 1 613 0 402 0
0 402 0 1 613 0 402 0
0 402 0 1 613 0 402 0
0 402 0 1 613 0 402 0
1 0 555 2 613 0 0 555 203 1 0 0
0 402 0 1 873 0 402 0
0 402 0 1 873 0 402 0
0 402 0 1 873 0 402 0
0 402 0 1 873 0 402 0
0 402 0 1 873 0 402 0
0 402 0 1 1171 0 402 0
0 402 0 1 1171 0 402 0
-1
10 33
1 793 0 1 497 1 793 0
1 793 0 1 497 1 793 0
1 793 0 1 497 1 793 0
1 793 0 1 497 1 793 0
1 793 0 1 497 1 793 0
1 793 0 1 497 1 793 0
1 793 0 1 426 1 793 0
1 793 0 1 530 1 793 0
1 793 0 1 530 1 793 0
1 793 0 1 741 1 793 0
1 793 0 1 741 1 793 0
1 793 0 1 741 1 793 0
0 0 1097 1 741 0 0 1097
1 793 0 1 1015 1 793 0
1 793 0 1 1015 1 793 0
1 793 0 1 847 1 793 0
1 793 0 1 847 1 793 0
1 793 0 1 847 1 793 0
1 793 0 1 847 1 793 0
1 793 0 1 847 1 793 0
0 0 1097 1 847 0 0 1097
1 793 0 1 699 1 793 0
1 793 0 1 699 1 793 0
1 793 0 1 699 1 793 0
0 575 302 2 699 0 0 302 203 0 575 0
1 793 0 1 203 1 793 0
1 793 0 1 716 1 793 0
1 793 0 1 716 1 793 0
1 793 0 1 716 1 793 0
1 793 0 1 643 1 793 0
1 793 0 1 643 1 793 0
1 793 0 1 643 1 793 0
0 475 440 2 643 0 0 440 156 0 475 0
-1
11 46
1 895 0 1 296 1 895 0
1 895 0 1 296 1 895 0
1 895 0 1 296 1 895 0
1 895 0 1 296 1 895 0
1 895 0 1 296 1 895 0
1 895 0 1 296 1 895 0
1 895 0 1 296 1 895 0
1 895 0 1 296 1 895 0
1 895 0 1 296 1 895 0
1 895 0 1 296 1 895 0
1 895 0 1 296 1 895 0
1 895 0 1 296 1 895 0
1 895 0 1 296 1 895 0
1 895 0 1 296 1 895 0
1 895 0 1 296 1 895 0
1 895 0 1 296 1 895 0
1 895 0 1 296 1 895 0
1 895 0 1 296 1 895 0
1 895 0 1 296 1 895 0
1 895 0 1 296 1 895 0
1 895 0 1 296 1 895 0
1 895 0 1 296 1 895 0
1 895 0 1 296 1 895 0
1 895 0 1 296 1 895 0
1 357 744 2 296 0 357 744 668 1 0 0
0 0 1238 1 296 0 0 1238
1 895 0 1 668 1 895 0
1 895 0 1 668 1 895 0
1 895 0 1 668 1 895 0
1 895 0 1 668 1 895 0
1 895 0 1 668 1 895 0
1 895 0 1 668 1 895 0
1 895 0 1 668 1 895 0
1 895 0 1 668 1 895 0
1 895 0 1 668 1 895 0
1 895 0 1 668 1 895 0
1 895 0 1 668 1 895 0
1 895 0 1 668 1 895 0
1 895 0 1 668 1 895 0
1 895 0 1 668 1 895 0
0 21 1209 1 668 0 21 1209
1 895 0 1 501 1 895 0
1 895 0 1 501 1 895 0
1 895 0 1 501 1 895 0
1 895 0 1 501 1 895 0
1 895 0 1 501 1 895 0
-1
12 32
0 1038 0 1 190 0 1038 0
0 1038 0 1 190 0 1038 0
0 1038 0 1 190 0 1038 0
0 1038 0 1 190 0 1038 0
1 281 1046 2 190 0 0 1046 798 1 281 0
0 1038 0 1 798 0 1038 0
0 1038 0 1 798 0 1038 0
0 1038 0 1 798 0 1038 0
0 1038 0 1 1029 0 1038 0
0 1038 0 1 1029 0 1038 0
0 1038 0 1 1029 0 1038 0
0 1038 0 1 1029 0 1038 0
0 1038 0 1 1029 0 1038 0
0 1038 0 1 1029 0 1038 0
1 911 175 2 1029 0 0 175 1109 1 911 0
0 1038 0 1 1109 0 1038 0
0 1038 0 1 1109 0 1038 0
0 1038 0 1 1109 0 1038 0
0 1038 0 1 1109 0 1038 0
0 542 686 2 1109 0 0 686 806 0 542 0
0 1038 0 1 806 0 1038 0
0 1038 0 1 806 0 1038 0
0 1038 0 1 806 0 1038 0
0 1038 0 1 806 0 1038 0
0 1038 0 1 806 0 1038 0
0 1038 0 1 281 0 1038 0
0 1038 0 1 281 0 1038 0
0 1038 0 1 583 0 1038 0
0 1038 0 1 583 0 1038 0
0 1038 0 1 583 0 1038 0
0 1038 0 1 583 0 1038 0
0 1038 0 1 1195 0 1038 0
-1
13 35
0 868 0 1 426 0 868 0
0 868 0 1 426 0 868 0
0 868 0 1 426 0 868 0
0 868 0 1 426 0 868 0
0 868 0 1 426 0 868 0
0 868 0 1 426 0 868 0
0 868 0 1 426 0 868 0
0 868 0 1 530 0 868 0
0 868 0 1 530 0 868 0
0 868 0 1 741 0 868 0
0 868 0 1 741 0 868 0
0 868 0 1 741 0 868 0
1 489 523 2 741 0 0 523 1015 1 489 0
0 868 0 1 1015 0 868 0
0 0 1200 1 1015 0 0 1200
0 868 0 1 132 0 868 0
0 868 0 1 132 0 868 0
0 868 0 1 132 0 868 0
0 868 0 1 132 0 868 0
0 868 0 1 132 0 868 0
0 0 1200 1 132 0 0 1200
0 868 0 1 203 0 868 0
0 868 0 1 203 0 868 0
0 868 0 1 203 0 868 0
0 868 0 1 203 0 868 0
0 457 568 2 203 0 0 568 716 0 457 0
0 868 0 1 716 0 868 0
0 868 0 1 716 0 868 0
0 439 593 1 716 0 439 593
0 868 0 1 1152 0 868 0
0 868 0 1 1152 0 868 0
0 868 0 1 1152 0 868 0
0 868 0 1 1152 0 868 0
0 868 0 1 1152 0 868 0
0 868 0 1 1152 0 868 0
-1
14 35
1 863 0 1 46 1 863 0
1 863 0 1 46 1 863 0
1 863 0 1 46 1 863 0
1 863 0 1 46 1 863 0
1 863 0 1 46 1 863 0
1 863 0 1 46 1 863 0
1 863 0 1 46 1 863 0
1 863 0 1 46 1 863 0
1 863 0 1 46 1 863 0
1 863 0 1 46 1 863 0
1 863 0 1 46 1 863 0
0 212 901 2 46 0 0 901 634 0 212 0
1 863 0 1 634 1 863 0
1 863 0 1 634 1 863 0
1 863 0 1 634 1 863 0
1 863 0 1 634 1 863 0
1 863 0 1 634 1 863 0
1 863 0 1 26 1 863 0
1 863 0 1 26 1 863 0
1 863 0 1 26 1 863 0
1 863 0 1 26 1 863 0
1 863 0 1 26 1 863 0
0 578 395 1 26 0 578 395
1 863 0 1 626 1 863 0
1 863 0 1 626 1 863 0
1 863 0 1 626 1 863 0
1 863 0 1 626 1 863 0
1 863 0 1 626 1 863 0
0 376 674 1 626 0 376 674
0 0 1194 1 343 0 0 1194
1 863 0 1 643 1 863 0
1 863 0 1 643 1 863 0
1 863 0 1 1188 1 863 0
1 863 0 1 1188 1 863 0
1 863 0 1 1188 1 863 0
-1
15 40
1 727 0 1 195 1 727 0
1 727 0 1 195 1 727 0
1 727 0 1 195 1 727 0
1 727 0 1 195 1 727 0
1 727 0 1 195 1 727 0
1 727 0 1 195 1 727 0
1 727 0 1 195 1 727 0
1 727 0 1 195 1 727 0
1 727 0 1 195 1 727 0
1 727 0 1 195 1 727 0
1 727 0 1 195 1 727 0
1 727 0 1 195 1 727 0
1 727 0 1 195 1 727 0
1 727 0 1 195 1 727 0
1 727 0 1 195 1 727 0
1 727 0 1 195 1 727 0
1 727 0 1 195 1 727 0
1 727 0 1 195 1 727 0
1 0 1005 2 195 0 0 1005 960 1 0 0
1 363 503 2 195 0 0 503 960 1 363 0
1 727 0 1 960 1 727 0
1 727 0 1 960 1 727 0
1 727 0 1 960 1 727 0
1 727 0 1 960 1 727 0
1 727 0 1 960 1 727 0
1 727 0 1 960 1 727 0
1 727 0 1 960 1 727 0
1 727 0 1 960 1 727 0
1 727 0 1 960 1 727 0
1 727 0 1 960 1 727 0
1 727 0 1 960 1 727 0
1 727 0 1 960 1 727 0
1 727 0 1 960 1 727 0
1 727 0 1 960 1 727 0
1 91 879 2 960 0 0 879 1018 1 91 0
1 727 0 1 1018 1 727 0
1 727 0 1 1018 1 727 0
1 727 0 1 1018 1 727 0
1 727 0 1 1018 1 727 0
1 727 0 1 1018 1 727 0
-1
16 35
1 448 0 1 426 1 448 0
1 448 0 1 426 1 448 0
1 448 0 1 426 1 448 0
1 448 0 1 426 1 448 0
1 448 0 1 426 1 448 0
1 448 0 1 426 1 448 0
1 448 0 1 426 1 448 0
1 448 0 1 530 1 448 0
1 448 0 1 741 1 448 0
1 448 0 1 741 1 448 0
1 448 0 1 741 1 448 0
1 448 0 1 741 1 448 0
1 448 0 1 1015 1 448 0
1 448 0 1 1015 1 448 0
1 448 0 1 132 1 448 0
1 448 0 1 132 1 448 0
1 448 0 1 132 1 448 0
1 448 0 1 132 1 448 0
1 448 0 1 132 1 448 0
1 448 0 1 132 1 448 0
1 448 0 1 203 1 448 0
1 448 0 1 203 1 448 0
1 448 0 1 203 1 448 0
1 448 0 1 203 1 448 0
1 448 0 1 203 1 448 0
1 448 0 1 716 1 448 0
1 448 0 1 716 1 448 0
1 448 0 1 716 1 448 0
1 448 0 1 1152 1 448 0
1 448 0 1 1152 1 448 0
1 448 0 1 1152 1 448 0
1 448 0 1 1152 1 448 0
1 448 0 1 1152 1 448 0
1 448 0 1 1152 1 448 0
1 448 0 1 1152 1 448 0
-1
17 33
1 429 0 1 497 1 429 0
1 429 0 1 497 1 429 0
1 429 0 1 497 1 429 0
1 429 0 1 497 1 429 0
1 429 0 1 497 1 429 0
1 429 0 1 497 1 429 0
1 429 0 1 426 1 429 0
1 429 0 1 530 1 429 0
1 429 0 1 530 1 429 0
1 429 0 1 741 1 429 0
1 429 0 1 741 1 429 0
1 429 0 1 741 1 429 0
0 0 594 1 741 0 0 594
1 429 0 1 1015 1 429 0
1 429 0 1 1015 1 429 0
1 429 0 1 847 1 429 0
1 429 0 1 847 1 429 0
1 429 0 1 847 1 429 0
1 429 0 1 847 1 429 0
1 429 0 1 847 1 429 0
0 4 588 2 847 0 0 588 699 0 4 0
1 429 0 1 699 1 429 0
1 429 0 1 699 1 429 0
1 429 0 1 699 1 429 0
1 429 0 1 203 1 429 0
1 322 148 2 203 0 322 148 716 1 0 0
1 429 0 1 716 1 429 0
1 429 0 1 716 1 429 0
1 429 0 1 716 1 429 0
1 429 0 1 643 1 429 0
1 429 0 1 643 1 429 0
1 429 0 1 643 1 429 0
1 429 0 1 156 1 429 0
-1
18 29
1 510 0 1 74 1 510 0
1 510 0 1 74 1 510 0
1 510 0 1 74 1 510 0
1 510 0 1 74 1 510 0
1 510 0 1 74 1 510 0
1 510 0 1 74 1 510 0
1 0 705 2 74 0 0 705 454 1 0 0
1 510 0 1 454 1 510 0
1 510 0 1 454 1 510 0
1 510 0 1 454 1 510 0
1 510 0 1 454 1 510 0
1 510 0 1 454 1 510 0
1 510 0 1 454 1 510 0
1 510 0 1 454 1 510 0
1 510 0 1 454 1 510 0
1 0 705 2 454 0 0 705 132 1 0 0
1 510 0 1 132 1 510 0
1 510 0 1 132 1 510 0
1 510 0 1 132 1 510 0
1 510 0 1 132 1 510 0
2 488 30 2 132 0 0 30 162 2 488 0
1 510 0 1 162 1 510 0
1 510 0 1 162 1 510 0
1 510 0 1 162 1 510 0
1 510 0 1 162 1 510 0
1 510 0 1 162 1 510 0
1 510 0 1 162 1 510 0
1 510 0 1 162 1 510 0
1 510 0 1 162 1 510 0
-1
19 40
0 255 0 1 195 0 255 0
0 255 0 1 195 0 255 0
0 255 0 1 195 0 255 0
0 255 0 1 195 0 255 0
0 255 0 1 195 0 255 0
0 255 0 1 195 0 255 0
0 255 0 1 195 0 255 0
0 255 0 1 195 0 255 0
0 255 0 1 195 0 255 0
0 255 0 1 195 0 255 0
0 255 0 1 195 0 255 0
0 255 0 1 195 0 255 0
0 255 0 1 195 0 255 0
0 255 0 1 195 0 255 0
0 255 0 1 195 0 255 0
0 255 0 1 195 0 255 0
0 255 0 1 195 0 255 0
0 255 0 1 195 0 255 0
1 63 265 2 195 0 63 265 960 1 0 0
1 0 352 2 195 0 0 352 960 1 0 0
0 255 0 1 960 0 255 0
0 255 0 1 960 0 255 0
0 255 0 1 960 0 255 0
0 255 0 1 960 0 255 0
0 255 0 1 960 0 255 0
0 255 0 1 960 0 255 0
0 255 0 1 960 0 255 0
0 255 0 1 960 0 255 0
0 255 0 1 960 0 255 0
0 255 0 1 960 0 255 0
0 255 0 1 960 0 255 0
0 255 0 1 960 0 255 0
0 255 0 1 960 0 255 0
0 255 0 1 960 0 255 0
1 0 352 2 960 0 0 352 1018 1 0 0
0 255 0 1 1018 0 255 0
0 255 0 1 1018 0 255 0
0 255 0 1 1018 0 255 0
0 255 0 1 1018 0 255 0
0 255 0 1 1018 0 255 0
-1
20 33
0 1021 0 1 497 0 1021 0
0 1021 0 1 497 0 1021 0
0 1021 0 1 497 0 1021 0
0 1021 0 1 497 0 1021 0
0 1021 0 1 497 0 1021 0
1 248 1068 2 497 0 248 1068 426 1 0 0
0 1021 0 1 426 0 1021 0
0 1021 0 1 530 0 1021 0
1 501 718 2 530 0 0 718 741 1 501 0
0 1021 0 1 741 0 1021 0
0 1021 0 1 741 0 1021 0
0 1021 0 1 741 0 1021 0
0 1021 0 1 1015 0 1021 0
0 1021 0 1 1015 0 1021 0
0 1021 0 1 847 0 1021 0
0 1021 0 1 847 0 1021 0
0 1021 0 1 847 0 1021 0
0 1021 0 1 847 0 1021 0
0 1021 0 1 847 0 1021 0
0 1021 0 1 847 0 1021 0
0 1021 0 1 699 0 1021 0
0 1021 0 1 699 0 1021 0
0 1021 0 1 699 0 1021 0
0 1021 0 1 699 0 1021 0
0 1021 0 1 203 0 1021 0
0 1021 0 1 716 0 1021 0
0 1021 0 1 716 0 1021 0
0 1021 0 1 716 0 1021 0
1 172 1173 2 716 0 0 1173 643 1 172 0
0 1021 0 1 643 0 1021 0
0 1021 0 1 643 0 1021 0
0 1021 0 1 643 0 1021 0
0 1021 0 1 156 0 1021 0
-1
21 34
1 459 0 1 419 1 459 0
1 459 0 1 419 1 459 0
1 459 0 1 419 1 459 0
1 459 0 1 419 1 459 0
1 459 0 1 419 1 459 0
1 459 0 1 426 1 459 0
1 459 0 1 426 1 459 0
0 0 635 1 426 0 0 635
1 459 0 1 530 1 459 0
1 459 0 1 741 1 459 0
1 459 0 1 741 1 459 0
1 459 0 1 741 1 459 0
1 459 0 1 741 1 459 0
1 459 0 1 1015 1 459 0
1 459 0 1 1015 1 459 0
1 459 0 1 613 1 459 0
1 459 0 1 613 1 459 0
1 459 0 1 613 1 459 0
1 459 0 1 613 1 459 0
1 459 0 1 613 1 459 0
1 459 0 1 613 1 459 0
1 459 0 1 613 1 459 0
1 459 0 1 613 1 459 0
1 459 0 1 613 1 459 0
1 459 0 1 613 1 459 0
0 0 635 1 613 0 0 635
1 459 0 1 873 1 459 0
1 459 0 1 873 1 459 0
1 459 0 1 873 1 459 0
1 459 0 1 873 1 459 0
1 459 0 1 873 1 459 0
1 459 0 1 1171 1 459 0
1 459 0 1 1171 1 459 0
1 459 0 1 1171 1 459 0
-1
22 67
0 572 0 1 1159 0 572 0
0 572 0 1 1159 0 572 0
0 572 0 1 1159 0 572 0
0 572 0 1 1159 0 572 0
0 572 0 1 1159 0 572 0
0 572 0 1 1159 0 572 0
0 572 0 1 1159 0 572 0
0 572 0 1 1159 0 572 0
0 572 0 1 1159 0 572 0
0 572 0 1 1159 0 572 0
0 572 0 1 1159 0 572 0
0 572 0 1 1159 0 572 0
0 572 0 1 1159 0 572 0
0 572 0 1 1159 0 572 0
0 572 0 1 1159 0 572 0
0 572 0 1 1159 0 572 0
0 572 0 1 1159 0 572 0
1 383 261 2 1159 0 383 261 873 1 0 0
0 0 791 1 1159 0 0 791
2 520 71 2 1159 0 0 71 873 2 520 0
0 572 0 1 873 0 572 0
0 572 0 1 873 0 572 0
0 572 0 1 873 0 572 0
0 572 0 1 873 0 572 0
0 572 0 1 873 0 572 0
0 572 0 1 873 0 572 0
0 572 0 1 873 0 572 0
0 572 0 1 873 0 572 0
0 572 0 1 873 0 572 0
0 572 0 1 873 0 572 0
0 460 155 1 873 0 460 155
0 572 0 1 997 0 572 0
0 572 0 1 997 0 572 0
0 572 0 1 997 0 572 0
0 572 0 1 997 0 572 0
0 572 0 1 997 0 572 0
0 572 0 1 997 0 572 0
0 572 0 1 997 0 572 0
0 572 0 1 997 0 572 0
0 572 0 1 997 0 572 0
0 572 0 1 997 0 572 0
0 572 0 1 997 0 572 0
0 572 0 1 997 0 572 0
0 572 0 1 997 0 572 0
0 572 0 1 997 0 572 0
0 572 0 1 997 0 572 0
0 572 0 1 997 0 572 0
0 572 0 1 997 0 572 0
0 572 0 1 997 0 572 0
0 572 0 1 997 0 572 0
0 572 0 1 997 0 572 0
0 572 0 1 997 0 572 0
0 572 0 1 997 0 572 0
0 572 0 1 997 0 572 0
0 572 0 1 997 0 572 0
0 572 0 1 997 0 572 0
0 572 0 1 997 0 572 0
0 572 0 1 997 0 572 0
0 572 0 1 997 0 572 0
0 572 0 1 997 0 572 0
0 161 568 1 997 0 161 568
0 0 791 1 997 0 0 791
0 209 502 2 997 0 0 502 225 0 209 0
0 572 0 1 225 0 572 0
0 572 0 1 225 0 572 0
0 572 0 1 225 0 572 0
0 572 0 1 225 0 572 0
-1
23 36
0 987 0 1 46 0 987 0
0 987 0 1 46 0 987 0
0 987 0 1 46 0 987 0
0 987 0 1 46 0 987 0
0 987 0 1 46 0 987 0
0 987 0 1 46 0 987 0
0 987 0 1 46 0 987 0
0 987 0 1 46 0 987 0
0 987 0 1 46 0 987 0
0 987 0 1 46 0 987 0
0 987 0 1 46 0 987 0
0 58 1284 1 46 0 58 1284
0 987 0 1 634 0 987 0
0 987 0 1 634 0 987 0
0 987 0 1 634 0 987 0
0 987 0 1 634 0 987 0
0 987 0 1 634 0 987 0
0 284 972 1 634 0 284 972
0 987 0 1 26 0 987 0
0 987 0 1 26 0 987 0
0 987 0 1 26 0 987 0
0 987 0 1 26 0 987 0
0 987 0 1 26 0 987 0
1 253 1014 2 26 0 0 1014 626 1 253 0
0 987 0 1 626 0 987 0
0 987 0 1 626 0 987 0
0 987 0 1 626 0 987 0
0 987 0 1 626 0 987 0
0 987 0 1 626 0 987 0
0 142 1168 2 626 0 0 773 343 0 142 395
0 987 0 1 643 0 987 0
0 987 0 1 643 0 987 0
1 0 1364 2 643 0 0 1364 1188 1 0 0
0 987 0 1 1188 0 987 0
0 987 0 1 1188 0 987 0
0 987 0 1 1188 0 987 0
-1
24 33
1 995 0 1 190 1 995 0
1 995 0 1 190 1 995 0
1 995 0 1 190 1 995 0
1 995 0 1 190 1 995 0
1 995 0 1 190 1 995 0
1 995 0 1 798 1 995 0
1 995 0 1 798 1 995 0
1 995 0 1 798 1 995 0
1 80 1265 2 798 0 80 1265 1029 1 0 0
1 995 0 1 1029 1 995 0
1 995 0 1 1029 1 995 0
1 995 0 1 1029 1 995 0
1 995 0 1 1029 1 995 0
1 995 0 1 1029 1 995 0
0 774 306 1 1029 0 774 306
1 995 0 1 1109 1 995 0
1 995 0 1 1109 1 995 0
1 995 0 1 1109 1 995 0
1 995 0 1 1109 1 995 0
1 995 0 1 1109 1 995 0
1 995 0 1 806 1 995 0
1 995 0 1 806 1 995 0
1 995 0 1 806 1 995 0
1 995 0 1 806 1 995 0
1 995 0 1 806 1 995 0
1 839 216 2 806 0 839 216 281 1 0 0
1 995 0 1 281 1 995 0
1 995 0 1 281 1 995 0
1 995 0 1 583 1 995 0
1 995 0 1 583 1 995 0
1 995 0 1 583 1 995 0
1 995 0 1 583 1 995 0
1 995 0 1 1195 1 995 0
-1
25 57
1 308 0 1 1090 1 308 0
1 308 0 1 1090 1 308 0
1 308 0 1 1090 1 308 0
1 308 0 1 1090 1 308 0
1 308 0 1 1090 1 308 0
1 308 0 1 1090 1 308 0
1 308 0 1 1090 1 308 0
1 308 0 1 1090 1 308 0
1 308 0 1 1090 1 308 0
1 308 0 1 1090 1 308 0
1 308 0 1 1090 1 308 0
1 308 0 1 1090 1 308 0
1 308 0 1 1090 1 308 0
1 308 0 1 1090 1 308 0
1 308 0 1 1090 1 308 0
1 308 0 1 1090 1 308 0
1 28 387 2 1090 0 28 387 207 1 0 0
0 0 426 1 1090 0 0 426
1 308 0 1 207 1 308 0
1 308 0 1 207 1 308 0
1 308 0 1 207 1 308 0
0 0 426 1 207 0 0 426
1 308 0 1 20 1 308 0
1 308 0 1 20 1 308 0
1 308 0 1 20 1 308 0
1 308 0 1 20 1 308 0
1 308 0 1 20 1 308 0
1 308 0 1 20 1 308 0
1 308 0 1 20 1 308 0
1 308 0 1 20 1 308 0
1 308 0 1 20 1 308 0
1 308 0 1 20 1 308 0
1 308 0 1 20 1 308 0
1 242 91 2 20 0 242 91 1052 1 0 0
1 190 163 2 20 0 0 163 1052 1 190 0
1 308 0 1 1052 1 308 0
1 308 0 1 1052 1 308 0
1 308 0 1 1052 1 308 0
1 308 0 1 1052 1 308 0
1 308 0 1 1199 1 308 0
1 308 0 1 1199 1 308 0
1 308 0 1 1199 1 308 0
1 308 0 1 1199 1 308 0
1 308 0 1 1199 1 308 0
1 308 0 1 1199 1 308 0
1 308 0 1 1199 1 308 0
1 308 0 1 1199 1 308 0
1 308 0 1 1199 1 308 0
1 308 0 1 1199 1 308 0
1 308 0 1 1199 1 308 0
1 308 0 1 1199 1 308 0
1 308 0 1 1199 1 308 0
1 308 0 1 1199 1 308 0
1 308 0 1 1199 1 308 0
1 308 0 1 1199 1 308 0
1 308 0 1 1199 1 308 0
1 308 0 1 1199 1 308 0
-1
26 38
1 774 0 1 343 1 774 0
1 774 0 1 343 1 774 0
1 774 0 1 343 1 774 0
1 774 0 1 343 1 774 0
1 774 0 1 343 1 774 0
1 774 0 1 343 1 774 0
1 774 0 1 343 1 774 0
1 774 0 1 343 1 774 0
1 774 0 1 343 1 774 0
1 774 0 1 343 1 774 0
1 774 0 1 343 1 774 0
1 774 0 1 343 1 774 0
1 774 0 1 343 1 774 0
1 774 0 1 343 1 774 0
1 774 0 1 343 1 774 0
1 774 0 1 343 1 774 0
1 774 0 1 343 1 774 0
1 774 0 1 343 1 774 0
1 774 0 1 343 1 774 0
1 774 0 1 343 1 774 0
1 774 0 1 343 1 774 0
1 774 0 1 343 1 774 0
1 774 0 1 343 1 774 0
1 774 0 1 343 1 774 0
1 774 0 1 343 1 774 0
1 774 0 1 343 1 774 0
1 774 0 1 343 1 774 0
1 774 0 1 343 1 774 0
1 774 0 1 343 1 774 0
0 629 201 2 343 0 0 201 960 0 629 0
1 774 0 1 960 1 774 0
1 774 0 1 960 1 774 0
1 774 0 1 960 1 774 0
0 0 1070 1 960 0 0 1070
1 520 351 2 1195 0 520 351 1018 1 0 0
1 774 0 1 1018 1 774 0
1 774 0 1 1018 1 774 0
1 774 0 1 1018 1 774 0
-1
27 34
0 355 0 1 190 0 355 0
0 355 0 1 190 0 355 0
0 355 0 1 190 0 355 0
0 355 0 1 190 0 355 0
0 355 0 1 190 0 355 0
0 355 0 1 798 0 355 0
0 355 0 1 798 0 355 0
0 355 0 1 798 0 355 0
0 355 0 1 798 0 355 0
0 355 0 1 1029 0 355 0
0 355 0 1 1029 0 355 0
0 355 0 1 1029 0 355 0
0 355 0 1 1029 0 355 0
0 355 0 1 1029 0 355 0
0 355 0 1 1029 0 355 0
0 355 0 1 1109 0 355 0
0 355 0 1 1109 0 355 0
0 355 0 1 1109 0 355 0
0 355 0 1 1109 0 355 0
0 355 0 1 1109 0 355 0
0 355 0 1 806 0 355 0
0 355 0 1 806 0 355 0
0 355 0 1 806 0 355 0
0 355 0 1 806 0 355 0
0 355 0 1 806 0 355 0
0 355 0 1 806 0 355 0
0 355 0 1 281 0 355 0
0 355 0 1 281 0 355 0
0 355 0 1 583 0 355 0
0 355 0 1 583 0 355 0
0 355 0 1 583 0 355 0
0 355 0 1 583 0 355 0
0 355 0 1 1195 0 355 0
0 355 0 1 1195 0 355 0
-1
28 33
0 470 0 1 190 0 470 0
0 470 0 1 190 0 470 0
0 470 0 1 190 0 470 0
0 470 0 1 190 0 470 0
0 0 650 1 190 0 0 650
0 470 0 1 798 0 470 0
0 470 0 1 798 0 470 0
0 470 0 1 798 0 470 0
0 470 0 1 1029 0 470 0
0 470 0 1 1029 0 470 0
0 470 0 1 1029 0 470 0
0 470 0 1 1029 0 470 0
0 470 0 1 1029 0 470 0
0 470 0 1 1029 0 470 0
0 0 650 1 1029 0 0 650
0 470 0 1 1109 0 470 0
0 470 0 1 1109 0 470 0
0 470 0 1 1109 0 470 0
0 470 0 1 1109 0 470 0
0 0 650 1 1109 0 0 650
0 470 0 1 806 0 470 0
0 470 0 1 806 0 470 0
0 470 0 1 806 0 470 0
0 470 0 1 806 0 470 0
0 470 0 1 806 0 470 0
1 146 447 2 296 0 0 447 281 1 146 0
0 470 0 1 281 0 470 0
0 0 650 1 281 0 0 650
0 470 0 1 583 0 470 0
0 470 0 1 583 0 470 0
0 470 0 1 583 0 470 0
0 0 650 1 583 0 0 650
0 470 0 1 1195 0 470 0
-1
29 33
1 842 0 1 419 1 842 0
1 842 0 1 419 1 842 0
1 842 0 1 419 1 842 0
1 842 0 1 419 1 842 0
1 842 0 1 419 1 842 0
1 842 0 1 426 1 842 0
1 842 0 1 426 1 842 0
1 0 1164 2 426 0 0 1164 530 1 0 0
1 842 0 1 530 1 842 0
1 842 0 1 741 1 842 0
1 842 0 1 741 1 842 0
1 842 0 1 741 1 842 0
1 842 0 1 741 1 842 0
1 842 0 1 1015 1 842 0
1 842 0 1 1015 1 842 0
1 842 0 1 613 1 842 0
1 842 0 1 613 1 842 0
1 842 0 1 613 1 842 0
1 842 0 1 613 1 842 0
1 842 0 1 613 1 842 0
1 842 0 1 613 1 842 0
1 842 0 1 613 1 842 0
1 842 0 1 613 1 842 0
1 842 0 1 613 1 842 0
1 842 0 1 613 1 842 0
1 604 329 2 613 0 604 329 203 1 0 0
2 592 345 2 613 0 0 345 873 2 592 0
1 842 0 1 873 1 842 0
1 842 0 1 873 1 842 0
1 842 0 1 873 1 842 0
1 842 0 1 873 1 842 0
1 157 947 2 873 0 0 947 1171 1 157 0
1 842 0 1 1171 1 842 0
-1
30 33
0 600 0 1 419 0 600 0
0 600 0 1 419 0 600 0
0 600 0 1 419 0 600 0
0 600 0 1 419 0 600 0
0 138 638 2 419 0 0 638 426 0 138 0
0 600 0 1 426 0 600 0
0 600 0 1 426 0 600 0
0 600 0 1 530 0 600 0
0 261 468 1 530 0 261 468
0 600 0 1 741 0 600 0
0 600 0 1 741 0 600 0
0 600 0 1 741 0 600 0
0 600 0 1 1015 0 600 0
0 600 0 1 1015 0 600 0
0 583 23 2 1015 0 0 23 613 0 583 0
0 600 0 1 613 0 600 0
0 600 0 1 613 0 600 0
0 600 0 1 613 0 600 0
0 600 0 1 613 0 600 0
0 600 0 1 613 0 600 0
0 600 0 1 613 0 600 0
0 600 0 1 613 0 600 0
0 600 0 1 613 0 600 0
0 600 0 1 613 0 600 0
0 600 0 1 613 0 600 0
0 0 829 1 613 0 0 829
0 600 0 1 873 0 600 0
0 600 0 1 873 0 600 0
0 600 0 1 873 0 600 0
0 600 0 1 873 0 600 0
0 0 829 1 873 0 0 829
0 600 0 1 1171 0 600 0
0 600 0 1 1171 0 600 0
-1
31 41
1 244 0 1 195 1 244 0
1 244 0 1 195 1 244 0
1 244 0 1 195 1 244 0
1 244 0 1 195 1 244 0
1 244 0 1 195 1 244 0
1 244 0 1 195 1 244 0
1 244 0 1 195 1 244 0
1 244 0 1 195 1 244 0
1 244 0 1 195 1 244 0
1 244 0 1 195 1 244 0
1 244 0 1 195 1 244 0
1 244 0 1 195 1 244 0
1 244 0 1 195 1 244 0
1 244 0 1 195 1 244 0
1 244 0 1 195 1 244 0
1 244 0 1 195 1 244 0
1 244 0 1 195 1 244 0
1 244 0 1 195 1 244 0
0 0 338 1 195 0 0 338
1 244 0 1 960 1 244 0
1 244 0 1 960 1 244 0
1 244 0 1 960 1 244 0
1 244 0 1 960 1 244 0
1 244 0 1 960 1 244 0
1 244 0 1 960 1 244 0
1 244 0 1 960 1 244 0
1 244 0 1 960 1 244 0
1 244 0 1 960 1 244 0
1 244 0 1 960 1 244 0
1 244 0 1 960 1 244 0
1 244 0 1 960 1 244 0
1 244 0 1 960 1 244 0
1 244 0 1 960 1 244 0
0 241 5 1 960 0 241 5
1 244 0 1 1018 1 244 0
1 244 0 1 1018 1 244 0
1 244 0 1 1018 1 244 0
1 244 0 1 1018 1 244 0
1 244 0 1 1018 1 244 0
1 244 0 1 1018 1 244 0
1 244 0 1 1018 1 244 0
-1
32 45
0 1023 0 1 752 0 1023 0
0 1023 0 1 752 0 1023 0
0 1023 0 1 752 0 1023 0
0 1023 0 1 752 0 1023 0
0 1023 0 1 752 0 1023 0
0 1023 0 1 752 0 1023 0
0 1023 0 1 752 0 1023 0
0 1023 0 1 752 0 1023 0
0 1023 0 1 752 0 1023 0
0 1023 0 1 752 0 1023 0
0 1023 0 1 752 0 1023 0
0 1023 0 1 752 0 1023 0
0 1023 0 1 752 0 1023 0
0 1023 0 1 752 0 1023 0
0 1023 0 1 752 0 1023 0
0 1023 0 1 752 0 1023 0
0 1023 0 1 752 0 1023 0
0 1023 0 1 752 0 1023 0
0 1023 0 1 752 0 1023 0
0 1023 0 1 752 0 1023 0
0 1023 0 1 752 0 1023 0
0 1023 0 1 752 0 1023 0
0 291 1012 1 752 0 291 1012
1 0 1414 2 752 0 0 1414 806 1 0 0
0 946 107 2 752 0 0 107 806 0 946 0
1 434 814 2 806 0 0 814 281 1 434 0
0 1023 0 1 281 0 1023 0
1 0 1414 2 281 0 0 1414 583 1 0 0
0 1023 0 1 583 0 1023 0
0 1023 0 1 583 0 1023 0
0 1023 0 1 583 0 1023 0
1 0 1414 2 583 0 0 1414 1195 1 0 0
0 1023 0 1 1195 0 1023 0
0 1023 0 1 1195 0 1023 0
0 1023 0 1 1195 0 1023 0
0 487 741 2 1195 0 0 741 668 0 487 0
0 1023 0 1 668 0 1023 0
0 1023 0 1 668 0 1023 0
0 1023 0 1 668 0 1023 0
0 1023 0 1 668 0 1023 0
1 519 696 2 668 0 0 696 501 1 519 0
0 1023 0 1 501 0 1023 0
0 1023 0 1 501 0 1023 0
0 1023 0 1 501 0 1023 0
0 1023 0 1 501 0 1023 0
-1
33 32
1 478 0 1 74 1 478 0
1 478 0 1 74 1 478 0
1 478 0 1 74 1 478 0
1 478 0 1 74 1 478 0
1 478 0 1 74 1 478 0
1 478 0 1 74 1 478 0
0 206 377 2 74 0 0 377 318 0 206 0
1 478 0 1 318 1 478 0
1 478 0 1 318 1 478 0
1 478 0 1 318 1 478 0
1 478 0 1 318 1 478 0
1 478 0 1 318 1 478 0
1 478 0 1 318 1 478 0
1 478 0 1 318 1 478 0
1 478 0 1 318 1 478 0
1 478 0 1 605 1 478 0
1 478 0 1 605 1 478 0
1 478 0 1 605 1 478 0
1 478 0 1 605 1 478 0
1 478 0 1 605 1 478 0
1 478 0 1 605 1 478 0
1 478 0 1 605 1 478 0
1 478 0 1 605 1 478 0
1 478 0 1 605 1 478 0
1 478 0 1 605 1 478 0
1 478 0 1 605 1 478 0
1 0 661 2 605 0 0 661 225 1 0 0
1 478 0 1 225 1 478 0
1 478 0 1 225 1 478 0
1 478 0 1 225 1 478 0
1 478 0 1 225 1 478 0
1 478 0 1 225 1 478 0
-1
34 36
0 523 0 1 46 0 523 0
0 523 0 1 46 0 523 0
0 523 0 1 46 0 523 0
0 523 0 1 46 0 523 0
0 523 0 1 46 0 523 0
0 523 0 1 46 0 523 0
0 523 0 1 46 0 523 0
0 523 0 1 46 0 523 0
0 523 0 1 46 0 523 0
0 523 0 1 46 0 523 0
0 523 0 1 46 0 523 0
0 0 723 1 46 0 0 723
0 523 0 1 634 0 523 0
0 523 0 1 634 0 523 0
0 523 0 1 634 0 523 0
0 523 0 1 634 0 523 0
0 523 0 1 634 0 523 0
1 232 402 2 634 0 0 402 26 1 232 0
0 523 0 1 26 0 523 0
0 523 0 1 26 0 523 0
0 523 0 1 26 0 523 0
0 523 0 1 26 0 523 0
0 523 0 1 26 0 523 0
0 523 0 1 626 0 523 0
0 523 0 1 626 0 523 0
0 523 0 1 626 0 523 0
0 523 0 1 626 0 523 0
0 523 0 1 626 0 523 0
0 523 0 1 626 0 523 0
0 0 723 1 343 0 0 723
0 523 0 1 643 0 523 0
0 523 0 1 643 0 523 0
0 523 0 1 1188 0 523 0
0 523 0 1 1188 0 523 0
0 523 0 1 1188 0 523 0
0 523 0 1 1188 0 523 0
-1
35 77
1 231 0 1 207 1 231 0
1 231 0 1 207 1 231 0
1 231 0 1 207 1 231 0
1 231 0 1 207 1 231 0
1 231 0 1 207 1 231 0
1 231 0 1 207 1 231 0
1 231 0 1 207 1 231 0
1 231 0 1 207 1 231 0
1 231 0 1 207 1 231 0
1 231 0 1 207 1 231 0
1 231 0 1 207 1 231 0
1 231 0 1 207 1 231 0
1 231 0 1 207 1 231 0
1 231 0 1 207 1 231 0
1 231 0 1 207 1 231 0
1 231 0 1 207 1 231 0
1 231 0 1 207 1 231 0
1 231 0 1 207 1 231 0
1 231 0 1 207 1 231 0
1 231 0 1 207 1 231 0
0 0 320 1 207 0 0 320
1 231 0 1 1052 1 231 0
1 231 0 1 1052 1 231 0
1 231 0 1 1052 1 231 0
1 231 0 1 1052 1 231 0
1 231 0 1 1052 1 231 0
1 231 0 1 1052 1 231 0
1 231 0 1 1052 1 231 0
1 231 0 1 1052 1 231 0
1 231 0 1 1052 1 231 0
1 231 0 1 1052 1 231 0
1 231 0 1 1052 1 231 0
1 231 0 1 1052 1 231 0
1 231 0 1 1052 1 231 0
1 231 0 1 1052 1 231 0
1 231 0 1 1052 1 231 0
1 231 0 1 1052 1 231 0
1 231 0 1 1052 1 231 0
1 4 314 2 1052 0 0 314 585 1 4 0
1 231 0 1 585 1 231 0
1 231 0 1 585 1 231 0
1 231 0 1 585 1 231 0
1 231 0 1 585 1 231 0
1 231 0 1 585 1 231 0
1 231 0 1 585 1 231 0
1 231 0 1 585 1 231 0
1 231 0 1 585 1 231 0
1 231 0 1 585 1 231 0
1 231 0 1 585 1 231 0
1 231 0 1 585 1 231 0
1 231 0 1 585 1 231 0
1 231 0 1 585 1 231 0
1 231 0 1 585 1 231 0
1 231 0 1 585 1 231 0
1 231 0 1 585 1 231 0
1 231 0 1 585 1 231 0
1 231 0 1 585 1 231 0
1 231 0 1 585 1 231 0
1 231 0 1 585 1 231 0
1 231 0 1 585 1 231 0
1 231 0 1 585 1 231 0
1 231 0 1 585 1 231 0
1 231 0 1 585 1 231 0
0 0 320 1 585 0 0 320
0 0 320 1 585 0 0 320
1 231 0 1 1199 1 231 0
1 231 0 1 1199 1 231 0
0 0 320 1 1199 0 0 320
0 0 320 1 1199 0 0 320
1 231 0 1 1088 1 231 0
1 231 0 1 1088 1 231 0
1 231 0 1 1088 1 231 0
1 231 0 1 1088 1 231 0
1 231 0 1 1088 1 231 0
1 231 0 1 1088 1 231 0
1 231 0 1 1088 1 231 0
1 231 0 1 1088 1 231 0
-1
36 34
0 402 0 1 497 0 402 0
0 402 0 1 497 0 402 0
0 402 0 1 497 0 402 0
0 402 0 1 497 0 402 0
0 402 0 1 497 0 402 0
0 402 0 1 497 0 402 0
0 402 0 1 426 0 402 0
0 402 0 1 530 0 402 0
0 402 0 1 530 0 402 0
0 402 0 1 741 0 402 0
0 402 0 1 741 0 402 0
0 402 0 1 741 0 402 0
1 0 555 2 741 0 0 555 1015 1 0 0
0 402 0 1 1015 0 402 0
0 119 391 1 1015 0 119 391
0 402 0 1 847 0 402 0
0 402 0 1 847 0 402 0
0 402 0 1 847 0 402 0
0 402 0 1 847 0 402 0
0 402 0 1 847 0 402 0
0 402 0 1 699 0 402 0
0 402 0 1 699 0 402 0
0 402 0 1 699 0 402 0
0 402 0 1 699 0 402 0
0 402 0 1 203 0 402 0
1 0 555 2 203 0 0 555 716 1 0 0
0 402 0 1 716 0 402 0
0 402 0 1 716 0 402 0
0 402 0 1 716 0 402 0
0 402 0 1 643 0 402 0
0 402 0 1 643 0 402 0
0 402 0 1 643 0 402 0
0 402 0 1 156 0 402 0
0 402 0 1 156 0 402 0
-1
37 33
0 1036 0 1 190 0 1036 0
0 1036 0 1 190 0 1036 0
0 1036 0 1 190 0 1036 0
0 1036 0 1 190 0 1036 0
0 835 278 1 190 0 835 278
0 1036 0 1 798 0 1036 0
0 1036 0 1 798 0 1036 0
0 1036 0 1 798 0 1036 0
0 954 113 2 798 0 0 113 1029 0 954 0
0 1036 0 1 1029 0 1036 0
0 1036 0 1 1029 0 1036 0
0 1036 0 1 1029 0 1036 0
0 1036 0 1 1029 0 1036 0
0 1036 0 1 1029 0 1036 0
0 0 1432 1 1029 0 0 1432
0 1036 0 1 1109 0 1036 0
0 1036 0 1 1109 0 1036 0
0 1036 0 1 1109 0 1036 0
0 1036 0 1 1109 0 1036 0
0 526 705 1 1109 0 526 705
0 1036 0 1 806 0 1036 0
0 1036 0 1 806 0 1036 0
0 1036 0 1 806 0 1036 0
0 1036 0 1 806 0 1036 0
0 1036 0 1 806 0 1036 0
0 0 1432 1 806 0 0 1432
0 1036 0 1 281 0 1036 0
1 912 171 2 281 0 912 171 583 1 0 0
0 1036 0 1 583 0 1036 0
0 1036 0 1 583 0 1036 0
0 1036 0 1 583 0 1036 0
0 963 101 1 583 0 963 101
0 1036 0 1 1195 0 1036 0
-1
38 58
0 938 0 1 1090 0 938 0
0 938 0 1 1090 0 938 0
0 938 0 1 1090 0 938 0
0 938 0 1 1090 0 938 0
0 938 0 1 1090 0 938 0
0 938 0 1 1090 0 938 0
0 938 0 1 1090 0 938 0
0 938 0 1 1090 0 938 0
0 938 0 1 1090 0 938 0
0 938 0 1 1090 0 938 0
0 938 0 1 1090 0 938 0
0 938 0 1 1090 0 938 0
0 938 0 1 1090 0 938 0
0 938 0 1 1090 0 938 0
0 938 0 1 1090 0 938 0
0 938 0 1 1090 0 938 0
0 0 1297 1 1090 0 0 1297
1 858 110 2 1090 0 0 110 207 1 858 0
0 938 0 1 207 0 938 0
0 938 0 1 207 0 938 0
0 938 0 1 207 0 938 0
0 0 1297 1 207 0 0 1297
0 938 0 1 20 0 938 0
0 938 0 1 20 0 938 0
0 938 0 1 20 0 938 0
0 938 0 1 20 0 938 0
0 938 0 1 20 0 938 0
0 938 0 1 20 0 938 0
0 938 0 1 20 0 938 0
0 938 0 1 20 0 938 0
0 938 0 1 20 0 938 0
0 938 0 1 20 0 938 0
0 938 0 1 20 0 938 0
0 0 1297 1 20 0 0 1297
0 938 0 1 1052 0 938 0
0 938 0 1 1052 0 938 0
0 938 0 1 1052 0 938 0
0 938 0 1 1052 0 938 0
1 155 1082 2 1052 0 155 1082 1199 1 0 0
0 938 0 1 1199 0 938 0
0 938 0 1 1199 0 938 0
0 938 0 1 1199 0 938 0
0 938 0 1 1199 0 938 0
0 938 0 1 1199 0 938 0
0 938 0 1 1199 0 938 0
0 938 0 1 1199 0 938 0
0 938 0 1 1199 0 938 0
0 938 0 1 1199 0 938 0
0 938 0 1 1199 0 938 0
0 938 0 1 1199 0 938 0
0 938 0 1 1199 0 938 0
0 938 0 1 1199 0 938 0
0 938 0 1 1199 0 938 0
0 938 0 1 1199 0 938 0
0 938 0 1 1199 0 938 0
0 938 0 1 1199 0 938 0
0 938 0 1 1199 0 938 0
0 938 0 1 1199 0 938 0
-1
39 33
0 306 0 1 74 0 306 0
0 306 0 1 74 0 306 0
0 306 0 1 74 0 306 0
0 306 0 1 74 0 306 0
0 306 0 1 74 0 306 0
0 306 0 1 74 0 306 0
0 0 423 1 74 0 0 423
0 306 0 1 318 0 306 0
0 306 0 1 318 0 306 0
0 306 0 1 318 0 306 0
0 306 0 1 318 0 306 0
0 306 0 1 318 0 306 0
0 306 0 1 318 0 306 0
0 306 0 1 318 0 306 0
0 306 0 1 318 0 306 0
1 169 189 2 318 0 0 189 605 1 169 0
0 306 0 1 605 0 306 0
0 306 0 1 605 0 306 0
0 306 0 1 605 0 306 0
0 306 0 1 605 0 306 0
0 306 0 1 605 0 306 0
0 306 0 1 605 0 306 0
0 306 0 1 605 0 306 0
0 306 0 1 605 0 306 0
0 306 0 1 605 0 306 0
0 306 0 1 605 0 306 0
0 0 423 1 605 0 0 423
0 306 0 1 225 0 306 0
0 306 0 1 225 0 306 0
0 306 0 1 225 0 306 0
0 306 0 1 225 0 306 0
0 306 0 1 225 0 306 0
0 306 0 1 225 0 306 0
-1
40 43
1 810 0 1 74 1 810 0
1 810 0 1 74 1 810 0
1 810 0 1 74 1 810 0
1 810 0 1 74 1 810 0
1 810 0 1 74 1 810 0
1 810 0 1 74 1 810 0
0 69 1025 1 74 0 69 1025
1 810 0 1 318 1 810 0
1 810 0 1 318 1 810 0
1 810 0 1 318 1 810 0
1 810 0 1 318 1 810 0
1 810 0 1 318 1 810 0
1 810 0 1 318 1 810 0
1 810 0 1 318 1 810 0
1 810 0 1 318 1 810 0
0 0 1120 1 318 0 0 1120
1 810 0 1 605 1 810 0
1 810 0 1 605 1 810 0
1 810 0 1 605 1 810 0
1 810 0 1 605 1 810 0
1 810 0 1 605 1 810 0
1 810 0 1 605 1 810 0
1 810 0 1 605 1 810 0
1 810 0 1 605 1 810 0
1 810 0 1 605 1 810 0
1 810 0 1 605 1 810 0
0 0 1120 1 605 0 0 1120
1 810 0 1 225 1 810 0
1 810 0 1 225 1 810 0
1 810 0 1 225 1 810 0
1 810 0 1 225 1 810 0
1 810 0 1 225 1 810 0
1 810 0 1 225 1 810 0
1 810 0 1 225 1 810 0
1 810 0 1 225 1 810 0
1 810 0 1 225 1 810 0
1 810 0 1 225 1 810 0
1 810 0 1 225 1 810 0
1 810 0 1 225 1 810 0
1 810 0 1 225 1 810 0
1 810 0 1 225 1 810 0
1 810 0 1 225 1 810 0
1 810 0 1 225 1 810 0
-1
