1 2
0 2860 1 1 1 0 2860 1
0 2860 1 1 1 0 2860 1
-1
2 2
0 2525 0 1 1 0 2525 0
0 2525 0 1 1 0 2525 0
-1
3 2
0 3752 0 1 1 0 3752 0
0 3752 0 1 1 0 3752 0
-1
4 1
2 2996 1 1 1 2 2996 1
-1
5 2
0 3300 0 1 1 0 3300 0
0 3300 0 1 1 0 3300 0
-1
6 1
1 2918 0 1 1 1 2918 0
-1
7 1
2 3289 0 1 1 2 3289 0
-1
8 2
1 3525 1 1 1 1 3525 1
1 3525 1 1 1 1 3525 1
-1
9 2
1 2399 0 1 1 1 2399 0
1 2399 0 1 1 1 2399 0
-1
10 2
0 3664 1 1 1 0 3664 1
0 3664 1 1 1 0 3664 1
-1
11 2
1 2394 0 1 1 1 2394 0
1 2394 0 1 1 1 2394 0
-1
12 1
1 2151 1 1 1 1 2151 1
-1
13 1
2 2588 0 1 1 2 2588 0
-1
14 1
2 3143 1 1 1 2 3143 1
-1
15 2
1 2498 0 1 1 1 2498 0
1 2498 0 1 1 1 2498 0
-1
16 2
0 2838 1 1 1 0 2838 1
0 2838 1 1 1 0 2838 1
-1
17 2
0 2301 0 1 1 0 2301 0
0 2301 0 1 1 0 2301 0
-1
18 1
2 3545 1 1 1 2 3545 1
-1
19 2
2 2747 1 1 1 2 2747 1
2 2747 1 1 1 2 2747 1
-1
20 2
1 2699 0 1 1 1 2699 0
1 2699 0 1 1 1 2699 0
-1
21 2
2 3896 1 1 1 2 3896 1
0 0 5052 1 1 0 0 5052
-1
22 1
2 3164 0 1 1 2 3164 0
-1
23 2
0 2212 1 1 1 0 2212 1
0 2212 1 1 1 0 2212 1
-1
24 1
1 2505 1 1 1 1 2505 1
-1
25 1
0 3540 1 1 1 0 3540 1
-1
26 2
0 2376 0 1 1 0 2376 0
0 2376 0 1 1 0 2376 0
-1
27 1
2 3545 1 1 1 2 3545 1
-1
28 1
1 2999 0 1 1 1 2999 0
-1
29 2
0 2505 0 1 1 0 2505 0
0 2505 0 1 1 0 2505 0
-1
30 2
1 2444 0 1 1 1 2444 0
1 2444 0 1 1 1 2444 0
-1
31 2
2 3509 0 1 1 2 3509 0
2 3509 0 1 1 2 3509 0
-1
32 2
0 3956 0 1 1 0 3956 0
0 3956 0 1 1 0 3956 0
-1
33 2
1 2931 1 1 1 1 2931 1
0 223 16590 1 1 0 223 16590
-1
34 2
1 2942 0 1 1 1 2942 0
1 2942 0 1 1 1 2942 0
-1
35 1
2 2413 0 1 1 2 2413 0
-1
36 2
0 3159 1 1 1 0 3159 1
0 3159 1 1 1 0 3159 1
-1
37 2
2 3771 1 1 1 2 3771 1
2 3771 1 1 1 2 3771 1
-1
38 2
2 3561 0 1 1 2 3561 0
2 3561 0 1 1 2 3561 0
-1
39 2
2 3218 1 1 1 2 3218 1
2 3218 1 1 1 2 3218 1
-1
40 2
0 3413 1 1 1 0 3413 1
0 3413 1 1 1 0 3413 1
-1
