1 10
0 5468 1 1 1 0 5468 1
0 5468 1 1 1 0 5468 1
0 5468 1 1 1 0 5468 1
0 5468 1 1 1 0 5468 1
0 5468 1 1 1 0 5468 1
0 5468 1 1 1 0 5468 1
0 5468 1 1 1 0 5468 1
0 5468 1 1 1 0 5468 1
0 5468 1 1 1 0 5468 1
0 0 5615 1 1 0 0 5615
-1
2 10
0 4920 0 1 1 0 4920 0
0 4920 0 1 1 0 4920 0
0 4920 0 1 1 0 4920 0
0 4920 0 1 1 0 4920 0
0 4920 0 1 1 0 4920 0
0 4920 0 1 1 0 4920 0
0 4920 0 1 1 0 4920 0
0 4920 0 1 1 0 4920 0
0 4920 0 1 1 0 4920 0
0 0 14760 1 1 0 0 14760
-1
3 9
0 4437 1 1 1 0 4437 1
0 4437 1 1 1 0 4437 1
0 4437 1 1 1 0 4437 1
0 4437 1 1 1 0 4437 1
0 4437 1 1 1 0 4437 1
0 4437 1 1 1 0 4437 1
0 4437 1 1 1 0 4437 1
0 4437 1 1 1 0 4437 1
0 4437 1 1 1 0 4437 1
-1
4 9
0 6142 1 1 1 0 6142 1
0 6142 1 1 1 0 6142 1
0 6142 1 1 1 0 6142 1
0 6142 1 1 1 0 6142 1
0 6142 1 1 1 0 6142 1
0 6142 1 1 1 0 6142 1
0 6142 1 1 1 0 6142 1
0 6142 1 1 1 0 6142 1
0 4720 4267 1 1 0 4720 4267
-1
5 9
0 3859 0 1 1 0 3859 0
0 3859 0 1 1 0 3859 0
0 3859 0 1 1 0 3859 0
0 3859 0 1 1 0 3859 0
0 3859 0 1 1 0 3859 0
0 3859 0 1 1 0 3859 0
0 3859 0 1 1 0 3859 0
0 3859 0 1 1 0 3859 0
0 3859 0 1 1 0 3859 0
-1
