1 54
0 1323 0 1 746 0 1323 0
0 1323 0 1 81 0 1323 0
0 1323 0 1 757 0 1323 0
0 1323 0 1 1040 0 1323 0
0 1163 458 2 1040 0 536 458 413 0 627 0
0 1323 0 1 413 0 1323 0
0 1242 231 1 997 0 1242 231
0 1323 0 1 705 0 1323 0
1 1196 361 3 705 0 0 240 1162 0 1089 121 763 1 107 0
0 1323 0 1 1117 0 1323 0
1 1155 479 2 1117 0 835 479 358 1 320 0
0 1323 0 1 483 0 1323 0
0 1323 0 1 373 0 1323 0
0 1323 0 1 640 0 1323 0
0 1323 0 1 199 0 1323 0
0 1252 203 2 789 0 507 202 686 0 745 1
0 1323 0 1 686 0 1323 0
0 1323 0 1 237 0 1323 0
1 1249 210 2 339 0 719 210 661 1 530 0
1 1214 310 2 661 0 666 310 866 1 548 0
0 1323 0 1 1075 0 1323 0
1 1153 485 2 1075 0 382 485 371 1 771 0
0 1323 0 1 697 0 1323 0
0 1323 0 1 702 0 1323 0
0 1323 0 1 267 0 1323 0
0 1252 203 2 653 0 471 202 380 0 781 1
0 1323 0 1 150 0 1323 0
1 1272 144 2 312 0 459 144 982 1 813 0
0 1260 180 2 960 0 401 179 523 0 859 1
1 1258 184 2 1082 0 63 184 260 1 1195 0
0 1323 0 1 260 0 1323 0
0 1323 0 1 1051 0 1323 0
0 1323 0 1 400 0 1323 0
0 1323 0 1 989 0 1323 0
0 1323 0 1 683 0 1323 0
0 1274 140 2 221 0 393 140 353 0 881 0
0 1323 0 1 337 0 1323 0
0 1323 0 1 337 0 1323 0
0 1222 289 2 40 0 1195 289 583 0 27 0
0 1235 252 2 583 0 648 252 1101 0 587 0
0 1223 286 2 1101 0 394 286 696 0 829 0
0 1323 0 1 696 0 1323 0
0 1225 280 2 66 0 301 280 931 0 924 0
0 1323 0 1 931 0 1323 0
0 1265 166 2 175 0 689 166 1131 0 576 0
0 1279 126 2 1177 0 955 125 1178 0 324 1
0 1174 426 2 1140 0 0 426 857 0 1174 0
0 1260 180 2 1135 0 494 180 218 0 766 0
0 1144 512 3 893 0 368 292 463 0 543 219 1144 0 233 1
0 1262 174 2 38 0 853 173 412 0 409 1
0 1323 0 1 1072 0 1323 0
1 1148 499 2 29 0 645 499 115 1 503 0
0 1224 283 2 572 0 259 283 180 0 965 0
0 1323 0 1 784 0 1323 0
-1
2 40
0 1996 0 1 132 0 1996 0
0 1996 0 1 1104 0 1996 0
0 1928 194 1 638 0 1928 194
0 1996 0 1 207 0 1996 0
1 1847 424 3 338 0 512 316 291 0 972 108 296 1 363 0
0 1996 0 1 868 0 1996 0
0 1996 0 1 568 0 1996 0
0 1839 449 2 963 0 575 448 807 0 1264 1
0 1901 272 2 807 0 1193 272 37 0 708 0
0 1996 0 1 647 0 1996 0
1 1868 364 2 647 0 1280 364 1130 1 588 0
0 1931 186 3 177 0 0 75 761 0 999 111 31 0 932 0
0 1996 0 1 31 0 1996 0
0 1740 733 3 31 0 132 340 200 0 1175 393 1160 0 433 0
0 1996 0 1 19 0 1996 0
0 1918 223 3 47 0 506 159 1080 0 0 64 940 0 1412 0
0 1900 275 2 389 0 342 275 368 0 1558 0
0 1996 0 1 368 0 1996 0
1 1849 419 2 368 0 217 419 46 1 1632 0
0 1996 0 1 958 0 1996 0
0 1850 418 3 958 0 119 235 957 0 1647 183 182 0 84 0
0 1996 0 1 182 0 1996 0
1 1885 316 2 182 0 764 316 836 1 1121 0
0 1886 315 2 1042 0 872 314 385 0 1014 1
0 1974 63 1 385 0 1974 63
0 1996 0 1 320 0 1996 0
0 1736 744 3 320 0 857 317 526 0 770 427 613 0 109 0
0 1930 189 2 613 0 1592 189 108 0 338 0
0 1948 137 1 108 0 1948 137
0 1732 756 3 208 0 0 280 928 0 1154 476 173 0 578 0
0 1996 0 1 173 0 1996 0
1 1839 447 2 173 0 1449 447 133 1 390 0
0 1996 0 1 133 0 1996 0
0 1839 449 2 133 0 1645 448 755 0 194 1
0 1826 486 2 755 0 199 486 726 0 1627 0
0 1950 131 2 685 0 1179 131 547 0 771 0
0 1996 0 1 769 0 1996 0
0 1996 0 1 934 0 1996 0
0 1996 0 1 977 0 1996 0
1 1940 158 2 937 0 472 158 496 1 1468 0
-1
3 53
0 2165 0 1 77 0 2165 0
0 2064 289 2 77 0 427 288 833 0 1637 1
0 2053 320 2 833 0 1252 320 550 0 801 0
0 2165 0 1 550 0 2165 0
1 2037 364 2 550 0 310 364 558 1 1727 0
0 2165 0 1 558 0 2165 0
0 1939 647 3 558 0 67 440 137 0 1863 207 1026 0 9 0
0 2165 0 1 1026 0 2165 0
0 2030 386 2 1026 0 1300 386 952 0 730 0
0 2165 0 1 952 0 2165 0
0 2002 467 2 952 0 1308 467 1166 0 694 0
1 2030 384 2 1166 0 222 384 149 1 1808 0
1 2027 393 2 149 0 1728 393 69 1 299 0
0 2165 0 1 69 0 2165 0
0 1997 481 3 69 0 622 343 1007 0 1242 138 721 0 133 0
0 2116 140 2 721 0 1118 139 559 0 998 1
1 2103 175 2 559 0 586 175 518 1 1517 0
0 2029 389 2 518 0 1983 389 932 0 46 0
0 2165 0 1 932 0 2165 0
1 2046 339 2 932 0 840 339 374 1 1206 0
0 2165 0 1 374 0 2165 0
1 2031 382 2 374 0 66 382 754 1 1965 0
1 2099 187 2 695 0 1683 187 229 1 416 0
0 2165 0 1 229 0 2165 0
0 2014 432 2 229 0 1297 431 1090 0 717 1
1 2118 133 2 1090 0 489 133 818 1 1629 0
0 2165 0 1 818 0 2165 0
1 2009 445 2 818 0 210 445 629 1 1799 0
0 2165 0 1 884 0 2165 0
0 2010 444 2 884 0 1822 443 874 0 188 1
0 2165 0 1 874 0 2165 0
1 2042 350 2 874 0 806 350 363 1 1236 0
0 2165 0 1 363 0 2165 0
1 2009 445 2 363 0 603 445 458 1 1406 0
0 2017 424 3 458 0 555 218 693 0 1323 147 657 0 139 59
0 2165 0 1 1146 0 2165 0
1 2010 442 2 1146 0 1813 442 620 1 197 0
0 2110 157 2 620 0 342 157 509 0 1768 0
0 2080 243 2 509 0 419 243 293 0 1661 0
1 2089 216 2 599 0 1944 216 899 1 145 0
0 2049 332 1 27 0 2049 332
0 2165 0 1 57 0 2165 0
0 2165 0 1 1004 0 2165 0
0 2027 395 2 639 0 9 395 508 0 2018 0
0 2018 421 2 508 0 424 420 93 0 1594 1
1 2042 350 3 93 0 201 248 143 0 918 102 211 1 923 0
0 2165 0 1 587 0 2165 0
0 2122 123 2 16 0 198 122 978 0 1924 1
1 2096 196 2 1097 0 1764 196 1027 1 332 0
0 2165 0 1 962 0 2165 0
0 1870 845 3 1068 0 1170 433 607 0 148 411 972 0 552 1
0 2165 0 1 749 0 2165 0
0 2165 0 1 896 0 2165 0
-1
4 51
0 1520 283 2 170 0 311 282 491 0 1209 1
0 1565 154 2 777 0 306 153 1 0 1259 1
1 1541 221 2 192 0 1233 221 805 1 308 0
0 1566 151 2 717 0 665 151 30 0 901 0
0 1619 0 1 711 0 1619 0
0 1619 0 1 774 0 1619 0
0 1518 289 2 544 0 991 289 927 0 527 0
1 1461 450 2 1145 0 418 450 3 1 1043 0
0 1619 0 1 351 0 1619 0
0 1511 309 2 616 0 209 309 258 0 1302 0
0 1523 275 2 26 0 976 274 1116 0 547 1
1 1565 152 2 349 0 1368 152 396 1 197 0
0 1580 111 2 1108 0 388 111 297 0 1192 0
0 1619 0 1 488 0 1619 0
0 1619 0 1 316 0 1619 0
0 1619 0 1 1174 0 1619 0
0 1619 0 1 423 0 1619 0
0 1619 0 1 481 0 1619 0
0 1532 249 2 531 0 0 249 287 0 1532 0
0 1545 212 2 139 0 1506 211 948 0 39 1
0 1619 0 1 227 0 1619 0
1 1376 694 3 780 0 766 465 754 0 95 229 580 1 515 0
0 1619 0 1 475 0 1619 0
0 1526 266 2 747 0 1191 266 594 0 335 0
0 1619 0 1 450 0 1619 0
0 1619 0 1 1120 0 1619 0
1 1448 488 2 124 0 1180 487 340 1 268 1
0 1619 0 1 994 0 1619 0
0 1619 0 1 20 0 1619 0
0 1525 269 2 830 0 922 268 1083 0 603 1
0 1619 0 1 465 0 1619 0
0 1554 186 2 1064 0 1553 185 666 0 1 1
0 1619 0 1 793 0 1619 0
0 1450 484 2 1056 0 1284 483 500 0 166 1
1 1553 187 2 657 0 0 187 714 1 1553 0
1 1481 393 2 283 0 221 393 131 1 1260 0
1 1565 152 2 552 0 1368 152 194 1 197 0
0 1493 360 2 1165 0 1180 360 727 0 313 0
1 1576 121 2 1088 0 550 121 903 1 1026 0
0 1479 401 2 511 0 316 400 899 0 1163 1
0 1598 60 2 27 0 0 59 954 0 1598 1
1 1563 158 2 494 0 0 158 987 1 1563 0
0 1543 217 2 1107 0 39 216 129 0 1504 1
0 1619 0 1 145 0 1619 0
1 1526 264 2 806 0 316 264 897 1 1210 0
0 1619 0 1 301 0 1619 0
0 1619 0 1 278 0 1619 0
0 1470 426 1 810 0 1470 426
0 1454 472 2 814 0 725 472 1185 0 729 0
0 1619 0 1 412 0 1619 0
0 1619 0 1 444 0 1619 0
-1
5 49
0 2100 0 1 942 0 2100 0
0 1964 389 2 1197 0 332 388 82 0 1632 1
0 2100 0 1 1156 0 2100 0
0 1992 309 2 359 0 436 308 314 0 1556 1
0 2023 220 2 611 0 0 220 1017 0 2023 0
1 1914 530 3 462 0 365 381 174 0 1341 149 84 1 208 0
0 2100 0 1 303 0 2100 0
0 1987 323 2 486 0 891 323 713 0 1096 0
0 2032 194 2 687 0 86 194 831 0 1946 0
1 2017 235 2 1105 0 1774 235 950 1 243 0
0 2001 283 2 950 0 0 283 109 0 2001 0
0 2078 62 1 1036 0 2078 62
0 2002 280 2 938 0 694 280 527 0 1308 0
1 2036 181 2 1023 0 495 181 598 1 1541 0
0 2100 0 1 823 0 2100 0
0 1961 398 2 542 0 840 398 779 0 1121 0
0 2064 103 2 1154 0 803 103 910 0 1261 0
0 2100 0 1 1024 0 2100 0
0 2065 100 2 560 0 431 100 949 0 1634 0
0 2027 209 2 251 0 421 209 728 0 1606 0
0 1992 309 2 1094 0 704 309 335 0 1288 0
1 2036 181 2 748 0 1170 181 332 1 866 0
1 1997 293 2 860 0 0 293 310 1 1997 0
0 2047 151 2 665 0 246 151 153 0 1801 0
1 2014 244 2 654 0 485 244 104 1 1529 0
0 2100 0 1 760 0 2100 0
1 1922 507 3 643 0 80 361 498 0 1314 146 595 1 528 0
0 2023 220 2 724 0 382 220 244 0 1641 0
1 2070 84 2 119 0 0 84 802 1 2070 0
0 1968 378 1 820 0 1968 378
0 2050 143 2 1085 0 812 142 528 0 1238 1
0 1931 483 2 83 0 1058 483 317 0 873 0
0 2100 0 1 152 0 2100 0
0 2100 0 1 24 0 2100 0
0 2045 157 2 882 0 136 157 765 0 1909 0
0 2034 189 2 1180 0 649 189 1049 0 1385 0
0 2037 180 2 858 0 1129 180 737 0 908 0
1 1952 422 3 644 0 430 308 540 0 1026 114 245 1 496 0
0 1935 472 2 32 0 1719 471 990 0 216 1
0 1974 360 2 875 0 153 360 1125 0 1821 0
1 2040 170 2 839 0 1108 170 715 1 932 0
0 1971 369 2 545 0 618 368 362 0 1353 1
0 1961 398 2 890 0 1618 397 416 0 343 1
0 2100 0 1 141 0 2100 0
0 2100 0 1 898 0 2100 0
1 1978 347 2 532 0 674 347 586 1 1304 0
0 1950 429 2 480 0 1552 429 333 0 398 0
0 2100 0 1 667 0 2100 0
1 1966 381 2 403 0 157 381 1066 1 1809 0
-1
6 54
0 950 0 1 1163 0 950 0
0 846 297 1 1163 0 846 297
0 873 220 2 203 0 809 219 703 0 64 1
0 950 0 1 703 0 950 0
0 950 0 1 703 0 950 0
0 950 0 1 87 0 950 0
1 824 359 2 87 0 259 359 565 1 565 0
0 950 0 1 1157 0 950 0
0 950 0 1 1157 0 950 0
0 950 0 1 1167 0 950 0
0 825 357 2 1167 0 786 357 270 0 39 0
0 950 0 1 270 0 950 0
1 797 436 2 270 0 569 436 200 1 228 0
0 950 0 1 200 0 950 0
0 950 0 1 1080 0 950 0
0 834 332 1 1080 0 834 332
0 950 0 1 389 0 950 0
1 899 144 2 183 0 113 144 184 1 786 0
0 910 114 2 11 0 290 113 46 0 620 1
1 887 178 2 478 0 671 178 51 1 216 0
1 894 158 2 51 0 22 158 300 1 872 0
0 950 0 1 300 0 950 0
0 950 0 1 836 0 950 0
0 790 458 2 836 0 698 457 431 0 92 1
0 950 0 1 431 0 950 0
0 768 521 3 431 0 0 252 385 0 0 268 75 0 768 1
0 950 0 1 75 0 950 0
0 783 478 2 75 0 227 478 135 0 556 0
0 950 0 1 928 0 950 0
0 950 0 1 928 0 950 0
0 896 154 1 842 0 896 154
0 950 0 1 231 0 950 0
0 950 0 1 231 0 950 0
0 950 0 1 755 0 950 0
0 950 0 1 755 0 950 0
0 950 0 1 1127 0 950 0
0 859 260 2 547 0 627 260 769 0 232 0
0 950 0 1 934 0 950 0
0 950 0 1 977 0 950 0
0 950 0 1 937 0 950 0
0 950 0 1 1011 0 950 0
0 950 0 1 1176 0 950 0
0 950 0 1 165 0 950 0
1 904 129 2 169 0 812 129 406 1 92 0
0 950 0 1 674 0 950 0
0 950 0 1 674 0 950 0
0 950 0 1 622 0 950 0
0 808 406 2 622 0 612 405 309 0 196 1
0 950 0 1 309 0 950 0
1 902 135 2 993 0 511 135 1121 1 391 0
0 808 406 2 1121 0 288 406 232 0 520 0
0 950 0 1 232 0 950 0
0 950 0 1 25 0 950 0
0 823 363 2 922 0 129 106 995 0 694 257
-1
7 54
0 1549 136 2 330 0 1224 136 1030 0 325 0
0 1526 202 2 1030 0 1493 202 566 0 33 0
1 1596 0 1 566 1 1596 0
1 1596 0 1 566 1 1596 0
0 1434 466 2 566 0 958 465 461 0 476 1
1 1596 0 1 461 1 1596 0
1 1596 0 1 461 1 1596 0
0 1454 409 2 461 0 11 408 477 0 1443 1
1 1540 160 2 477 0 6 160 609 1 1534 0
1 1495 289 2 609 0 1066 289 1112 1 429 0
1 1596 0 1 1112 1 1596 0
0 1483 325 2 1112 0 547 286 476 0 936 39
0 1574 65 2 476 0 0 65 979 0 1574 0
1 1480 332 2 979 0 1414 332 764 1 66 0
0 1556 116 2 764 0 977 116 786 0 579 0
1 1596 0 1 786 1 1596 0
1 1596 0 1 786 1 1596 0
0 1431 474 2 786 0 493 474 469 0 938 0
1 1596 0 1 469 1 1596 0
1 1453 410 2 469 0 1155 410 781 1 298 0
1 1596 0 1 781 1 1596 0
0 1517 228 2 781 0 156 228 800 0 1361 0
1 1536 172 2 800 0 187 172 682 1 1349 0
0 1575 62 1 682 0 1575 62
1 1504 264 2 682 0 0 263 144 1 1504 1
1 1596 0 1 144 1 1596 0
0 1426 489 2 144 0 1308 489 17 0 118 0
0 1550 134 1 17 0 1550 134
1 1596 0 1 365 1 1596 0
1 1532 183 2 365 0 50 183 436 1 1482 0
1 1596 0 1 436 1 1596 0
1 1460 390 2 436 0 430 390 539 1 1030 0
1 1596 0 1 539 1 1596 0
0 1467 371 2 539 0 702 370 659 0 765 1
0 1484 323 3 659 0 225 109 885 0 1246 213 190 0 13 1
1 1596 0 1 190 1 1596 0
1 1596 0 1 76 1 1596 0
0 1532 185 2 76 0 68 185 846 0 1464 0
1 1596 0 1 215 1 1596 0
1 1596 0 1 1169 1 1596 0
1 1477 341 3 1169 0 563 240 591 0 909 101 407 1 5 0
1 1490 304 2 516 0 178 304 892 1 1312 0
0 1505 262 3 892 0 64 153 729 0 981 109 971 0 460 0
1 1491 301 2 971 0 1356 301 986 1 135 0
1 1596 0 1 986 1 1596 0
1 1596 0 1 986 1 1596 0
0 1451 417 2 986 0 423 417 118 0 1028 0
1 1596 0 1 118 1 1596 0
0 1303 841 4 118 0 138 307 268 0 739 397 1191 0 0 137 309 0 426 0
0 1483 325 2 2 0 1289 325 1121 0 194 0
1 1596 0 1 1121 1 1596 0
1 1596 0 1 424 1 1596 0
1 1596 0 1 25 1 1596 0
1 1596 0 1 855 1 1596 0
-1
8 53
0 2002 1 1 541 0 2002 1
0 2002 1 1 808 0 2002 1
1 1850 434 2 808 0 594 434 675 1 1256 0
1 1896 302 2 675 0 489 302 288 1 1407 0
0 1861 404 2 288 0 1256 404 600 0 605 0
0 1907 273 2 600 0 880 273 45 0 1027 0
0 1919 238 2 138 0 1536 238 537 0 383 0
1 1895 305 2 537 0 1390 305 91 1 505 0
0 1947 158 2 91 0 0 158 388 0 1947 0
1 1846 446 2 388 0 1095 446 692 1 751 0
0 1903 284 1 692 0 1903 284
0 2002 1 1 269 0 2002 1
0 2002 1 1 886 0 2002 1
1 1918 239 2 377 0 1544 239 732 1 374 0
0 1926 218 2 732 0 606 217 304 0 1320 1
0 1861 404 2 304 0 1353 404 1020 0 508 0
0 2002 1 1 1020 0 2002 1
0 2002 1 1 1133 0 2002 1
0 1856 419 2 1133 0 531 418 530 0 1325 1
0 1843 456 2 530 0 1816 456 354 0 27 0
0 1894 310 2 354 0 1782 309 457 0 112 1
0 2002 1 1 457 0 2002 1
1 1787 614 3 457 0 352 488 642 0 1134 126 404 1 301 0
0 1936 190 2 404 0 436 190 452 0 1500 0
0 2002 1 1 817 0 2002 1
0 1869 381 2 817 0 67 381 65 0 1802 0
1 1869 380 2 65 0 646 380 88 1 1223 0
0 1875 364 2 88 0 1071 363 909 0 804 1
0 1933 198 2 909 0 6 197 1136 0 1927 1
0 1837 473 2 1136 0 1358 472 964 0 479 1
0 2002 1 1 964 0 2002 1
1 1829 494 2 964 0 39 494 148 1 1790 0
0 1845 450 2 148 0 1287 450 576 0 558 0
0 2002 1 1 576 0 2002 1
0 1915 250 2 1096 0 1841 249 1047 0 74 1
0 2002 1 1 1047 0 2002 1
1 1836 474 2 1047 0 264 474 915 1 1572 0
1 1854 423 2 915 0 1262 423 474 1 592 0
0 2002 1 1 1091 0 2002 1
0 2002 1 1 1073 0 2002 1
0 1845 450 2 1073 0 192 449 691 0 1653 1
0 1859 410 2 691 0 1074 410 114 0 785 0
0 1906 276 2 114 0 718 275 406 0 1188 1
0 1664 969 3 406 0 992 491 756 0 322 478 632 0 350 0
1 1918 239 2 632 0 829 239 343 1 1089 0
0 1811 548 3 343 0 494 284 74 0 784 264 1039 0 533 0
0 1835 479 2 1039 0 862 479 827 0 973 0
1 1900 291 2 827 0 674 291 1093 1 1226 0
1 1891 317 2 1093 0 654 317 515 1 1237 0
0 2002 1 1 601 0 2002 1
1 1936 188 2 501 0 829 188 485 1 1107 0
0 2002 1 1 1025 0 2002 1
0 1938 184 1 151 0 1938 184
-1
9 53
1 1658 107 2 80 0 963 107 832 1 695 0
0 1627 197 2 832 0 1077 197 908 0 550 0
0 1696 0 1 908 0 1696 0
0 1642 154 1 908 0 1642 154
1 1598 278 2 908 0 0 278 319 1 1598 0
0 1598 280 2 319 0 912 279 826 0 686 1
0 1696 0 1 826 0 1696 0
1 1547 424 3 826 0 543 324 213 0 900 100 18 1 104 0
0 1696 0 1 18 0 1696 0
0 1696 0 1 18 0 1696 0
1 1535 459 2 18 0 634 459 226 1 901 0
0 1571 358 2 226 0 1544 357 120 0 27 1
0 1696 0 1 336 0 1696 0
0 1623 209 2 336 0 185 209 733 0 1438 0
0 1696 0 1 733 0 1696 0
0 1535 461 2 733 0 1015 461 549 0 520 0
0 1629 191 2 549 0 1199 191 28 0 430 0
0 1626 200 2 28 0 1370 200 901 0 256 0
0 1696 0 1 901 0 1696 0
0 1696 0 1 901 0 1696 0
0 1545 432 2 901 0 240 432 921 0 1305 0
0 1601 272 2 921 0 1134 271 593 0 467 1
0 1696 0 1 593 0 1696 0
0 1554 406 2 593 0 1491 405 525 0 63 1
0 1696 0 1 1045 0 1696 0
0 1696 0 1 1045 0 1696 0
0 1529 478 2 1045 0 901 477 1070 0 628 1
0 1696 0 1 1070 0 1696 0
0 1572 355 2 1070 0 871 354 482 0 701 1
0 1696 0 1 482 0 1696 0
0 1696 0 1 36 0 1696 0
0 1638 166 2 891 0 1494 166 1171 0 144 0
0 1696 0 1 1171 0 1696 0
0 1696 0 1 1171 0 1696 0
0 1523 495 2 1171 0 919 495 234 0 604 0
0 1696 0 1 234 0 1696 0
0 1572 355 2 234 0 886 354 22 0 686 1
0 1696 0 1 22 0 1696 0
0 1696 0 1 1010 0 1696 0
0 1696 0 1 277 0 1696 0
0 1618 223 2 277 0 311 223 535 0 1307 0
0 1696 0 1 535 0 1696 0
0 1545 432 2 535 0 885 432 23 0 660 0
0 1696 0 1 23 0 1696 0
1 1573 350 2 23 0 794 350 186 1 779 0
0 1644 149 2 186 0 552 148 490 0 1092 1
0 1696 0 1 490 0 1696 0
1 1563 379 2 490 0 632 379 906 1 931 0
0 1567 369 2 906 0 725 369 156 0 842 0
1 1623 207 2 67 0 685 207 589 1 938 0
0 1696 0 1 589 0 1696 0
0 1510 532 3 905 0 449 280 945 0 79 252 1181 0 982 0
0 1696 0 1 102 0 1696 0
-1
10 54
0 1183 0 1 1163 0 1183 0
0 1171 35 2 1163 0 0 34 203 0 1171 1
0 1183 0 1 703 0 1183 0
0 1183 0 1 703 0 1183 0
0 1009 499 2 703 0 161 498 87 0 848 1
0 1183 0 1 87 0 1183 0
1 1118 185 2 565 0 1099 185 1157 1 19 0
0 1183 0 1 1157 0 1183 0
0 1034 427 2 1157 0 740 427 1167 0 294 0
0 1183 0 1 1167 0 1183 0
0 1183 0 1 270 0 1183 0
0 1183 0 1 270 0 1183 0
0 1183 0 1 200 0 1183 0
0 1145 109 2 1160 0 548 109 1080 0 597 0
0 1183 0 1 1080 0 1183 0
0 1183 0 1 389 0 1183 0
0 1183 0 1 183 0 1183 0
1 1136 133 2 184 0 410 133 11 1 726 0
0 1090 267 2 46 0 159 267 478 0 931 0
0 1183 0 1 51 0 1183 0
0 1183 0 1 300 0 1183 0
1 1032 431 2 300 0 873 431 836 1 159 0
0 1183 0 1 836 0 1183 0
0 1183 0 1 431 0 1183 0
0 1141 121 1 431 0 1141 121
0 1183 0 1 75 0 1183 0
0 1183 0 1 75 0 1183 0
0 1120 181 2 135 0 1073 181 928 0 47 0
0 1183 0 1 928 0 1183 0
0 1183 0 1 842 0 1183 0
0 1156 78 2 842 0 0 77 231 0 1156 1
0 1183 0 1 231 0 1183 0
0 1015 482 2 231 0 108 482 755 0 907 0
0 1183 0 1 755 0 1183 0
0 1114 198 2 726 0 155 198 1127 0 959 0
0 1103 230 2 1127 0 161 230 547 0 942 0
1 1095 251 2 769 0 31 251 934 1 1064 0
1 1025 451 2 934 0 48 451 977 1 977 0
0 1012 490 2 977 0 477 489 408 0 535 1
0 1183 0 1 1011 0 1183 0
0 1073 315 2 1011 0 702 315 604 0 371 0
0 1136 135 2 1176 0 256 134 165 0 880 1
0 1084 284 2 165 0 735 284 169 0 349 0
0 1183 0 1 406 0 1183 0
0 1183 0 1 674 0 1183 0
1 1035 422 2 674 0 136 422 622 1 899 0
0 1183 0 1 622 0 1183 0
0 1183 0 1 309 0 1183 0
1 1062 345 2 309 0 359 345 993 1 703 0
0 1183 0 1 1121 0 1183 0
0 1183 0 1 232 0 1183 0
0 1136 135 1 232 0 1136 135
0 1063 344 1 25 0 1063 344
0 203 239 1 355 0 203 239
-1
11 50
1 2036 265 2 942 0 285 265 1197 1 1751 0
0 1995 384 3 82 0 879 278 100 0 945 105 298 0 171 1
0 1997 379 2 1156 0 1060 378 359 0 937 1
0 2044 244 2 314 0 649 244 611 0 1395 0
0 2036 267 2 1017 0 371 266 462 0 1665 1
0 2129 1 1 84 0 2129 1
0 1986 410 2 303 0 1378 410 486 0 608 0
0 2018 318 3 713 0 443 171 410 0 1323 147 687 0 252 0
0 2007 350 2 831 0 1195 349 596 0 812 1
0 2129 1 1 950 0 2129 1
0 1992 393 2 109 0 1527 392 1036 0 465 1
0 1939 545 3 1036 0 0 376 224 0 1512 168 938 0 427 1
0 2129 1 1 527 0 2129 1
0 2129 1 1 598 0 2129 1
0 1991 396 2 823 0 648 395 542 0 1343 1
0 2129 1 1 779 0 2129 1
0 2129 1 1 910 0 2129 1
0 2006 353 2 1024 0 327 353 113 0 1679 0
1 1990 397 2 949 0 1939 397 251 1 51 0
1 2014 328 2 728 0 1346 328 1094 1 668 0
0 2129 1 1 335 0 2129 1
0 2080 141 2 332 0 393 140 860 0 1687 1
0 2042 250 2 310 0 252 250 223 0 1790 0
1 1993 388 2 153 0 1691 388 654 1 302 0
0 1998 376 2 104 0 1845 375 760 0 153 1
0 1979 430 2 760 0 218 430 643 0 1761 0
0 2037 264 3 595 0 911 160 48 0 927 103 724 0 199 1
0 2013 333 1 244 0 2013 333
0 2005 356 2 802 0 1133 356 820 0 872 0
0 2096 95 2 820 0 0 94 551 0 2096 1
0 2074 158 2 528 0 184 157 83 0 1890 1
0 2129 1 1 317 0 2129 1
0 1987 407 2 152 0 1332 407 24 0 655 0
0 1956 496 2 24 0 301 496 1187 0 1655 0
0 2129 1 1 765 0 2129 1
0 2129 1 1 1049 0 2129 1
1 2050 225 3 737 0 10 102 307 0 1107 123 644 1 933 0
1 2072 162 2 245 0 961 162 32 1 1111 0
0 2129 1 1 990 0 2129 1
1 1985 411 2 1125 0 1878 411 722 1 107 0
0 2063 190 2 715 0 777 190 545 0 1286 0
0 2020 313 2 362 0 1464 312 890 0 556 1
1 2076 150 2 416 0 1016 150 456 1 1060 0
1 1971 451 2 141 0 1959 451 898 1 12 0
0 1957 493 2 898 0 916 493 532 0 1041 0
1 2034 271 2 586 0 1134 271 480 1 900 0
1 2076 151 2 333 0 961 151 1189 1 1115 0
1 2017 319 2 667 0 154 319 403 1 1863 0
1 2082 133 2 1118 0 1197 133 917 1 885 0
0 163 273 1 917 0 163 273
-1
12 54
0 1567 1 1 33 0 1567 1
0 1567 1 1 33 0 1567 1
1 1439 366 2 33 0 178 366 42 1 1261 0
1 1494 208 2 42 0 610 208 864 1 884 0
0 1567 1 1 864 0 1567 1
1 1468 283 2 864 0 95 282 771 1 1373 1
0 1567 1 1 771 0 1567 1
1 1447 343 2 771 0 164 343 981 1 1283 0
1 1499 194 2 981 0 462 194 72 1 1037 0
0 1567 1 1 72 0 1567 1
1 1459 308 2 72 0 176 308 198 1 1283 0
0 1462 302 2 198 0 1434 302 812 0 28 0
1 1526 116 2 812 0 1016 116 297 1 510 0
0 1424 410 2 297 0 146 409 479 0 1278 1
0 1567 1 1 479 0 1567 1
0 1567 1 1 497 0 1567 1
1 1457 314 2 497 0 1268 314 533 1 189 0
0 1567 1 1 533 0 1567 1
0 1567 1 1 459 0 1567 1
1 1461 303 2 459 0 1169 303 947 1 292 0
0 1567 1 1 947 0 1567 1
1 1454 323 2 947 0 1056 323 867 1 398 0
0 1567 1 1 867 0 1567 1
0 1567 1 1 716 0 1567 1
0 1485 236 2 716 0 566 236 1137 0 919 0
0 1567 1 1 1137 0 1567 1
0 1422 416 2 1137 0 1267 416 73 0 155 0
1 1526 116 2 73 0 889 116 324 1 637 0
0 1567 1 1 324 0 1567 1
0 1512 158 1 324 0 1512 158
0 1430 393 3 324 0 0 254 440 0 1251 139 794 0 179 0
0 1567 1 1 794 0 1567 1
0 1567 1 1 794 0 1567 1
0 1434 382 2 794 0 143 382 1071 0 1291 0
0 1511 161 2 1071 0 158 161 1192 0 1353 0
0 1476 261 2 1192 0 387 261 283 0 1089 0
1 1527 114 2 619 0 1017 113 1165 1 510 1
0 1567 1 1 1165 0 1567 1
0 1567 1 1 160 0 1567 1
0 1567 1 1 160 0 1567 1
1 1442 357 2 160 0 97 357 895 1 1345 0
0 1567 1 1 895 0 1567 1
1 1415 434 2 895 0 1002 434 129 1 413 0
0 1567 1 1 759 0 1567 1
0 1567 1 1 759 0 1567 1
0 1567 1 1 61 0 1567 1
0 1567 1 1 625 0 1567 1
1 1425 406 2 278 0 40 406 411 1 1385 0
1 1488 225 2 725 0 193 225 814 1 1295 0
0 1567 1 1 381 0 1567 1
1 1467 285 2 230 0 789 285 1072 1 678 0
0 1567 1 1 29 0 1567 1
0 1567 1 1 243 0 1567 1
0 1567 1 1 995 0 1567 1
-1
13 53
0 1536 162 2 746 0 135 162 81 0 1401 0
1 1461 375 2 81 0 651 375 757 1 810 0
1 1478 327 2 757 0 809 327 1040 1 669 0
1 1592 0 1 1040 1 1592 0
1 1592 0 1 413 1 1592 0
1 1451 404 2 413 0 93 404 997 1 1358 0
0 1572 59 2 997 0 0 58 705 0 1572 1
0 1506 248 1 705 0 1506 248
0 1550 122 2 763 0 981 121 1117 0 569 1
1 1592 0 1 1117 1 1592 0
0 1525 194 2 358 0 1425 194 483 0 100 0
0 1481 320 3 483 0 440 207 920 0 1017 113 373 0 24 0
1 1536 161 2 373 0 102 161 640 1 1434 0
0 1449 411 2 640 0 941 411 199 0 508 0
1 1513 226 2 199 0 203 226 789 1 1310 0
1 1592 0 1 686 1 1592 0
1 1592 0 1 237 1 1592 0
0 1468 357 2 237 0 297 357 339 0 1171 0
1 1592 0 1 661 1 1592 0
1 1552 115 2 866 0 486 115 1075 1 1066 0
1 1592 0 1 1075 1 1592 0
1 1592 0 1 697 1 1592 0
0 1458 386 2 697 0 558 386 702 0 900 0
1 1478 327 2 702 0 720 327 267 1 758 0
1 1505 249 2 267 0 159 249 653 1 1346 0
0 1536 162 2 380 0 686 162 150 0 850 0
1 1454 395 2 150 0 1382 395 312 1 72 0
0 1548 128 2 982 0 329 127 960 0 1219 1
1 1592 0 1 1082 1 1592 0
1 1592 0 1 260 1 1592 0
1 1426 475 2 260 0 163 475 1051 1 1263 0
0 1477 331 2 1051 0 383 330 400 0 1094 1
0 1498 271 2 400 0 31 271 989 0 1467 0
1 1449 410 2 989 0 900 410 683 1 549 0
1 1495 278 2 683 0 629 278 221 1 866 0
1 1509 238 2 353 0 1261 238 337 1 248 0
1 1592 0 1 337 1 1592 0
0 1418 500 2 337 0 3 499 40 0 1415 1
1 1592 0 1 583 1 1592 0
1 1592 0 1 1101 1 1592 0
1 1592 0 1 696 1 1592 0
0 1421 492 2 696 0 368 457 700 0 1053 35
1 1592 0 1 931 1 1592 0
0 1420 495 2 931 0 615 495 175 0 805 0
1 1592 0 1 1131 1 1592 0
1 1592 0 1 1140 1 1592 0
1 1592 0 1 543 1 1592 0
0 1557 102 2 810 0 0 10 387 0 1557 92
1 1592 0 1 1144 1 1592 0
1 1592 0 1 412 1 1592 0
1 1592 0 1 1072 1 1592 0
0 1512 231 2 115 0 1166 231 1098 0 346 0
0 1462 374 3 180 0 540 204 151 0 0 170 941 0 922 0
-1
14 45
0 1641 0 1 876 0 1641 0
1 1546 271 2 970 0 1501 270 393 1 45 1
0 1545 275 2 264 0 1374 274 10 0 171 1
0 1641 0 1 650 0 1641 0
1 1580 173 2 650 0 0 173 13 1 1580 0
0 1571 201 2 35 0 444 201 295 0 1127 0
0 1641 0 1 1043 0 1641 0
0 1641 0 1 86 0 1641 0
0 1641 0 1 449 0 1641 0
0 1641 0 1 505 0 1641 0
0 1514 364 2 1110 0 1326 363 646 0 188 1
0 1521 344 3 646 0 0 214 773 0 135 115 390 0 1386 15
1 1534 305 2 14 0 523 305 758 1 1011 0
0 1641 0 1 1102 0 1641 0
0 1537 298 2 688 0 1266 297 955 0 271 1
0 1641 0 1 538 0 1641 0
0 1528 324 2 772 0 829 324 935 0 699 0
1 1571 199 2 787 0 1056 199 248 1 515 0
1 1506 385 2 248 0 678 385 708 1 828 0
0 1489 436 2 708 0 815 435 1158 0 674 1
1 1480 460 2 1158 0 1204 460 861 1 276 0
0 1499 407 2 861 0 1115 407 767 0 384 0
0 1602 112 2 44 0 934 112 70 0 668 0
0 1525 332 2 907 0 889 332 201 0 636 0
0 1641 0 1 522 0 1641 0
0 1641 0 1 710 0 1641 0
0 1641 0 1 1034 0 1641 0
0 1641 0 1 894 0 1641 0
0 1641 0 1 415 0 1641 0
0 1587 155 2 911 0 1294 154 608 0 293 1
1 1520 345 3 608 0 0 181 122 0 1476 164 1139 1 44 0
0 1531 315 2 1139 0 510 314 1109 0 1021 1
0 1487 441 2 1109 0 677 440 164 0 810 1
0 1641 0 1 1014 0 1641 0
0 1581 172 2 1132 0 9 172 246 0 1572 0
0 1522 341 2 464 0 1480 340 210 0 42 1
0 1641 0 1 210 0 1641 0
0 1641 0 1 369 0 1641 0
0 1641 0 1 980 0 1641 0
0 1560 232 2 1054 0 791 231 85 0 769 1
0 1511 373 2 85 0 326 373 409 0 1185 0
0 1584 164 2 1029 0 21 164 880 0 1563 0
1 1586 156 2 699 0 1404 156 422 1 182 0
0 1641 0 1 422 0 1641 0
1 1539 291 2 422 0 795 291 414 1 744 0
-1
15 54
1 900 0 1 1048 1 900 0
1 900 0 1 352 1 900 0
0 811 257 2 504 0 400 257 379 0 411 0
1 771 369 2 471 0 331 369 801 1 440 0
1 900 0 1 706 1 900 0
1 900 0 1 863 1 900 0
0 854 134 2 326 0 595 133 103 0 259 1
1 900 0 1 112 1 900 0
0 857 125 2 605 0 398 124 313 0 459 1
1 900 0 1 1081 1 900 0
1 900 0 1 799 1 900 0
1 858 120 2 12 0 114 120 467 1 744 0
1 900 0 1 147 1 900 0
1 900 0 1 64 1 900 0
1 900 0 1 284 1 900 0
1 900 0 1 59 1 900 0
1 900 0 1 943 1 900 0
0 847 154 2 797 0 335 153 617 0 512 1
1 900 0 1 976 1 900 0
1 798 292 2 305 0 301 292 289 1 497 0
1 900 0 1 592 1 900 0
0 843 165 2 1196 0 707 164 240 0 136 1
1 900 0 1 1044 1 900 0
1 900 0 1 306 1 900 0
0 871 85 1 433 0 871 85
1 900 0 1 117 1 900 0
1 818 235 2 492 0 0 235 189 1 818 0
1 900 0 1 1018 1 900 0
1 900 0 1 401 1 900 0
0 759 406 1 179 0 759 406
0 886 42 2 918 0 0 42 766 0 886 0
1 900 0 1 742 1 900 0
1 900 0 1 233 1 900 0
1 900 0 1 383 1 900 0
1 900 0 1 367 1 900 0
1 817 238 2 216 0 334 238 878 1 483 0
1 900 0 1 247 1 900 0
1 900 0 1 912 1 900 0
1 804 275 2 308 0 233 275 215 1 571 0
1 900 0 1 1052 1 900 0
0 845 159 2 1078 0 724 158 516 0 121 1
1 900 0 1 641 1 900 0
1 900 0 1 1084 1 900 0
0 857 125 2 662 0 381 124 356 0 476 1
0 868 93 1 98 0 868 93
0 842 168 2 1100 0 803 168 1060 0 39 0
1 900 0 1 634 1 900 0
0 756 414 2 398 0 368 414 268 0 388 0
1 900 0 1 217 1 900 0
0 735 474 2 249 0 561 473 67 0 174 1
1 900 0 1 1068 1 900 0
1 900 0 1 905 1 900 0
1 900 0 1 749 1 900 0
0 834 191 2 585 0 0 190 922 0 834 1
-1
16 54
0 1174 1 1 776 0 1174 1
0 1174 1 1 776 0 1174 1
0 1174 1 1 776 0 1174 1
1 1021 438 2 776 0 447 438 783 1 574 0
0 1174 1 1 783 0 1174 1
0 1174 1 1 783 0 1174 1
0 1136 110 1 783 0 1136 110
0 1056 339 2 783 0 0 339 127 0 1056 0
1 1094 229 2 127 0 996 228 848 1 98 1
0 1136 110 2 848 0 900 110 681 0 236 0
0 1174 1 1 681 0 1174 1
0 1092 236 1 681 0 1092 236
0 1160 41 2 681 0 0 41 828 0 1160 0
0 1102 207 2 828 0 703 207 321 0 399 0
0 1174 1 1 321 0 1174 1
0 1112 179 2 321 0 47 179 660 0 1065 0
0 1174 1 1 660 0 1174 1
0 1048 362 2 660 0 1028 362 514 0 20 0
0 1174 1 1 514 0 1174 1
0 1174 1 1 514 0 1174 1
0 1174 1 1 514 0 1174 1
0 1025 428 2 514 0 328 427 172 0 697 1
0 1115 170 2 172 0 833 169 925 0 282 1
0 1174 1 1 925 0 1174 1
0 1174 1 1 925 0 1174 1
0 1174 1 1 925 0 1174 1
0 1017 451 2 925 0 282 450 163 0 735 1
0 1174 1 1 163 0 1174 1
1 1070 297 2 163 0 782 297 574 1 288 0
0 1174 1 1 574 0 1174 1
0 1174 1 1 574 0 1174 1
0 1174 1 1 574 0 1174 1
0 1017 451 2 574 0 266 450 571 0 751 1
0 1123 147 2 571 0 581 147 837 0 542 0
0 1174 1 1 837 0 1174 1
0 1174 1 1 837 0 1174 1
0 1142 93 1 837 0 1142 93
0 1051 353 2 837 0 0 353 142 0 1051 0
0 1109 187 2 142 0 632 187 274 0 477 0
0 1174 1 1 274 0 1174 1
0 1174 1 1 274 0 1174 1
0 1099 216 1 274 0 1099 216
0 1098 219 2 274 0 0 218 506 0 1098 1
0 1174 1 1 506 0 1174 1
0 1174 1 1 506 0 1174 1
0 1032 408 2 506 0 253 408 1039 0 779 0
0 1174 1 1 1039 0 1174 1
0 1174 1 1 399 0 1174 1
0 1174 1 1 399 0 1174 1
1 1050 355 2 399 0 856 354 375 1 194 1
0 1174 1 1 375 0 1174 1
0 1174 1 1 375 0 1174 1
0 1174 1 1 1025 0 1174 1
0 1113 176 2 995 0 0 175 784 0 1113 1
-1
17 53
0 1871 1 1 645 0 1871 1
0 1871 1 1 1057 0 1871 1
1 1797 211 3 1057 0 0 97 255 0 1026 114 677 1 771 0
0 1719 436 2 677 0 1553 435 1028 0 166 1
1 1770 288 2 1028 0 845 288 1074 1 925 0
1 1712 454 3 1074 0 58 286 331 0 1512 168 54 1 142 0
0 1871 1 1 386 0 1871 1
1 1835 102 2 673 0 848 102 121 1 987 0
0 1742 370 2 121 0 743 369 904 0 999 1
1 1740 374 2 904 0 786 374 965 1 954 0
0 1731 402 2 965 0 1073 402 53 0 658 0
0 1724 422 2 53 0 1550 422 811 0 174 0
0 1871 1 1 811 0 1871 1
0 1801 201 2 89 0 716 201 105 0 1085 0
0 1764 307 2 105 0 88 307 838 0 1676 0
0 1808 181 2 838 0 0 180 329 0 1808 1
0 1709 465 2 329 0 787 464 633 0 922 1
1 1761 314 2 633 0 323 314 840 1 1438 0
0 1750 347 2 840 0 85 346 546 0 1665 1
0 1871 1 1 1138 0 1871 1
0 1805 190 2 334 0 1071 190 510 0 734 0
0 1871 1 1 946 0 1871 1
1 1802 196 2 851 0 963 196 162 1 839 0
0 1871 1 1 279 0 1871 1
0 1871 1 1 1006 0 1871 1
0 1729 407 2 1006 0 61 407 166 0 1668 0
0 1708 468 2 166 0 954 468 1164 0 754 0
0 1871 1 1 1164 0 1871 1
1 1801 199 2 259 0 623 199 1005 1 1178 0
0 1698 496 2 1005 0 1686 495 347 0 12 1
0 1745 362 3 347 0 9 178 1062 0 1647 183 1001 0 89 1
0 1871 1 1 1001 0 1871 1
0 1871 1 1 21 0 1871 1
1 1703 480 2 21 0 337 480 376 1 1366 0
0 1871 1 1 1032 0 1871 1
0 1871 1 1 656 0 1871 1
0 1871 1 1 344 0 1871 1
0 1712 456 2 344 0 160 456 1175 0 1552 0
0 1744 364 2 1175 0 134 364 123 0 1610 0
0 1871 1 1 854 0 1871 1
0 1871 1 1 1141 0 1871 1
0 1719 436 2 1141 0 272 436 470 0 1447 0
0 1871 1 1 988 0 1871 1
0 1793 224 2 427 0 931 224 499 0 862 0
0 1805 190 2 196 0 1586 190 8 0 219 0
0 1871 1 1 8 0 1871 1
1 1740 374 2 554 0 1422 374 71 1 318 0
0 1871 1 1 71 0 1871 1
0 1871 1 1 1027 0 1871 1
0 1871 1 1 588 0 1871 1
0 1769 293 2 134 0 1038 292 1068 0 731 1
0 1758 324 1 628 0 1758 324
1 1744 363 2 418 0 83 363 941 1 1661 0
-1
18 53
0 805 1 1 889 0 805 1
0 805 1 1 889 0 805 1
0 805 1 1 889 0 805 1
0 805 1 1 889 0 805 1
0 659 419 2 889 0 578 418 1012 0 81 1
0 805 1 1 1012 0 805 1
0 805 1 1 1012 0 805 1
0 805 1 1 1012 0 805 1
0 805 1 1 1012 0 805 1
0 749 161 1 1012 0 749 161
0 706 285 2 1012 0 0 284 1119 0 706 1
0 766 113 2 1119 0 311 112 825 0 455 1
0 805 1 1 825 0 805 1
0 805 1 1 825 0 805 1
0 805 1 1 825 0 805 1
1 677 366 2 825 0 460 366 1113 1 217 0
0 805 1 1 1113 0 805 1
0 764 119 2 1113 0 57 119 816 0 707 0
0 805 1 1 816 0 805 1
0 774 90 1 816 0 774 90
0 748 164 2 816 0 0 163 555 0 748 1
1 750 157 2 555 0 674 157 97 1 76 0
0 805 1 1 97 0 805 1
0 805 1 1 97 0 805 1
0 805 1 1 97 0 805 1
0 805 1 1 97 0 805 1
1 673 377 2 97 0 132 377 167 1 541 0
0 805 1 1 167 0 805 1
0 805 1 1 167 0 805 1
0 805 1 1 167 0 805 1
1 673 377 2 167 0 463 377 923 1 210 0
0 805 1 1 923 0 805 1
0 805 1 1 923 0 805 1
0 805 1 1 923 0 805 1
0 701 299 2 923 0 83 298 43 0 618 1
0 805 1 1 43 0 805 1
0 736 199 2 43 0 386 199 875 0 350 0
0 805 1 1 875 0 805 1
0 805 1 1 875 0 805 1
0 805 1 1 756 0 805 1
0 805 1 1 756 0 805 1
0 805 1 1 756 0 805 1
0 805 1 1 756 0 805 1
0 805 1 1 756 0 805 1
0 805 1 1 74 0 805 1
0 805 1 1 74 0 805 1
0 805 1 1 515 0 805 1
0 805 1 1 515 0 805 1
0 805 1 1 515 0 805 1
1 640 472 2 515 0 622 472 501 1 18 0
0 805 1 1 501 0 805 1
0 805 1 1 485 0 805 1
0 698 307 1 1025 0 698 307
-1
19 54
1 1280 0 1 792 1 1280 0
0 1237 125 2 1147 0 276 125 621 0 961 0
0 1152 369 2 621 0 72 369 930 0 1080 0
0 1238 123 2 902 0 749 123 348 0 489 0
0 1140 403 2 348 0 850 403 829 0 290 0
1 1150 373 2 829 0 779 373 214 1 371 0
1 1280 0 1 214 1 1280 0
1 1280 0 1 690 1 1280 0
0 1211 200 2 822 0 276 199 637 0 935 1
1 1192 252 2 1195 0 1036 252 798 1 156 0
1 1280 0 1 1184 1 1280 0
1 1280 0 1 1106 1 1280 0
0 1211 200 2 250 0 584 199 235 0 627 1
1 1280 0 1 1059 1 1280 0
1 1280 0 1 158 1 1280 0
1 1280 0 1 1077 1 1280 0
1 1280 0 1 553 1 1280 0
1 1211 198 2 865 0 839 198 1038 1 372 0
1 1172 310 2 1038 0 129 310 126 1 1043 0
0 1143 395 2 126 0 214 394 1182 0 929 1
1 1280 0 1 835 1 1280 0
0 1127 440 2 835 0 212 440 357 0 915 0
0 1136 415 2 357 0 523 414 439 0 613 1
0 1140 403 2 439 0 33 325 1019 0 1107 78
1 1280 0 1 933 1 1280 0
1 1280 0 1 1050 1 1280 0
1 1280 0 1 311 1 1280 0
1 1280 0 1 1103 1 1280 0
1 1280 0 1 1092 1 1280 0
1 1210 201 2 618 0 529 201 1046 1 681 0
0 1129 435 2 1046 0 936 434 472 0 193 1
0 1155 360 1 472 0 1155 360
1 1167 324 2 966 0 643 324 575 1 524 0
0 1189 263 2 1055 0 685 263 281 0 504 0
1 1280 0 1 524 1 1280 0
1 1280 0 1 372 1 1280 0
0 1121 458 2 372 0 16 458 668 0 1105 0
1 1280 0 1 862 1 1280 0
1 1280 0 1 442 1 1280 0
0 1227 154 2 366 0 203 154 1168 0 1024 0
0 1141 400 2 1168 0 279 399 1067 0 862 1
1 1280 0 1 519 1 1280 0
0 1240 117 2 700 0 0 116 1009 0 1240 1
0 1147 383 2 456 0 432 382 1186 0 715 1
0 1140 403 2 1186 0 624 402 745 0 516 1
1 1168 321 2 745 0 94 321 435 1 1074 0
1 1280 0 1 384 1 1280 0
0 1110 489 2 384 0 152 488 49 0 958 1
1 1280 0 1 844 1 1280 0
0 1111 486 2 1144 0 748 485 101 0 363 1
1 1280 0 1 212 1 1280 0
1 1280 0 1 961 1 1280 0
1 1280 0 1 1098 1 1280 0
1 1280 0 1 1188 1 1280 0
-1
20 53
1 1407 0 1 1197 1 1407 0
0 1358 142 2 298 0 1116 142 1156 0 242 0
1 1407 0 1 359 1 1407 0
0 1377 88 1 611 0 1377 88
1 1407 0 1 462 1 1407 0
0 1276 377 2 84 0 1055 376 303 0 221 1
1 1407 0 1 486 1 1407 0
1 1407 0 1 687 1 1407 0
0 1338 200 2 596 0 988 199 1105 0 350 1
0 1362 131 1 950 0 1362 131
1 1407 0 1 1036 1 1407 0
1 1407 0 1 938 1 1407 0
1 1269 396 2 527 0 127 395 1023 1 1142 1
1 1248 456 2 598 0 442 456 823 1 806 0
1 1407 0 1 542 1 1407 0
1 1238 484 2 779 0 1115 484 1154 1 123 0
0 1257 432 2 910 0 507 432 1024 0 750 0
0 1310 280 2 113 0 832 279 560 0 478 1
1 1407 0 1 251 1 1407 0
1 1407 0 1 1094 1 1407 0
0 1245 466 2 335 0 786 466 748 0 459 0
0 1391 48 1 860 0 1391 48
0 1330 223 2 223 0 208 222 665 0 1122 1
1 1407 0 1 654 1 1407 0
1 1407 0 1 760 1 1407 0
1 1407 0 1 643 1 1407 0
1 1407 0 1 724 1 1407 0
0 1359 140 2 244 0 0 73 119 0 1359 67
1 1407 0 1 820 1 1407 0
1 1294 324 2 551 0 829 324 1085 1 465 0
1 1407 0 1 83 1 1407 0
0 1252 446 2 317 0 1021 446 152 0 231 0
1 1407 0 1 24 1 1407 0
0 1341 191 2 1187 0 64 191 882 0 1277 0
0 1244 469 2 765 0 183 468 1180 0 1061 1
1 1242 473 2 1049 0 752 473 858 1 490 0
1 1407 0 1 644 1 1407 0
1 1407 0 1 32 1 1407 0
0 1311 277 2 990 0 157 276 875 0 1154 1
0 1367 117 2 722 0 936 116 839 0 431 1
1 1407 0 1 545 1 1407 0
1 1407 0 1 890 1 1407 0
1 1407 0 1 456 1 1407 0
1 1407 0 1 898 1 1407 0
1 1407 0 1 532 1 1407 0
1 1407 0 1 480 1 1407 0
1 1336 204 2 1189 0 720 204 667 1 616 0
1 1407 0 1 403 1 1407 0
1 1407 0 1 917 1 1407 0
0 1310 280 2 1066 0 701 279 212 0 609 1
1 1407 0 1 280 1 1407 0
1 1311 275 2 280 0 1067 275 375 1 244 0
0 1310 280 3 1022 0 1278 142 1025 0 0 138 180 0 32 0
-1
21 52
1 1831 0 1 491 1 1831 0
1 1831 0 1 1 1 1831 0
1 1831 0 1 805 1 1831 0
1 1742 255 2 30 0 1394 255 711 1 348 0
0 1658 497 2 711 0 269 496 985 0 1389 1
1 1831 0 1 774 1 1831 0
0 1796 102 2 927 0 382 101 1145 0 1414 1
1 1831 0 1 3 1 1831 0
0 1685 420 3 351 0 152 288 181 0 1188 132 616 0 345 0
0 1722 314 3 258 0 408 190 402 0 1116 124 914 0 198 0
1 1754 220 2 1116 0 1442 220 1166 1 312 0
1 1831 0 1 396 1 1831 0
1 1831 0 1 297 1 1831 0
0 1721 317 2 488 0 886 317 15 0 835 0
1 1831 0 1 316 1 1831 0
0 1660 491 3 1174 0 348 368 1035 0 1107 123 219 0 205 0
0 1732 285 1 423 0 1732 285
1 1684 421 2 481 0 839 421 531 1 845 0
1 1726 301 2 287 0 1177 301 579 1 549 0
1 1831 0 1 948 1 1831 0
0 1730 291 2 227 0 538 291 780 0 1192 0
1 1831 0 1 580 1 1831 0
1 1831 0 1 475 1 1831 0
1 1831 0 1 594 1 1831 0
0 1758 211 2 450 0 159 210 417 0 1599 1
1 1723 309 2 1120 0 748 309 124 1 975 0
0 1782 142 2 340 0 1018 142 312 0 764 0
0 1682 428 2 994 0 6 428 629 0 1676 0
1 1679 435 2 20 0 987 435 487 1 692 0
0 1773 168 2 1083 0 918 168 1193 0 855 0
0 1714 337 2 465 0 1333 336 441 0 381 1
1 1831 0 1 666 1 1831 0
1 1727 298 2 793 0 892 298 1056 1 835 0
1 1831 0 1 500 1 1831 0
0 1728 297 2 714 0 1119 297 1192 0 609 0
1 1732 283 2 131 0 1286 283 913 1 446 0
1 1831 0 1 194 1 1831 0
1 1792 111 2 727 0 686 111 720 1 1106 0
1 1831 0 1 903 1 1831 0
1 1831 0 1 899 1 1831 0
1 1831 0 1 954 1 1831 0
0 1560 778 3 987 0 263 203 1021 0 855 395 1122 0 442 180
0 1741 259 2 129 0 422 259 639 0 1319 0
1 1831 0 1 145 1 1831 0
0 1795 105 1 897 0 1795 105
0 1657 500 2 301 0 1596 499 625 0 61 1
1 1831 0 1 278 1 1831 0
1 1831 0 1 725 1 1831 0
1 1831 0 1 1185 1 1831 0
1 1653 510 3 412 0 69 409 623 0 900 100 230 1 684 1
1 1583 710 3 444 0 829 272 1072 0 347 438 424 1 407 0
0 1693 397 2 361 0 1252 396 1098 0 441 1
-1
22 49
0 1761 138 2 900 0 1242 138 1095 0 519 0
0 1809 1 1 1172 0 1809 1
0 1735 213 2 701 0 1141 212 735 0 594 1
0 1809 1 1 266 0 1809 1
0 1736 210 1 998 0 1736 210
0 1778 90 2 206 0 0 90 39 0 1778 0
0 1719 259 2 678 0 507 258 346 0 1212 1
0 1809 1 1 778 0 1809 1
0 1809 1 1 222 0 1809 1
0 1729 230 2 513 0 1661 230 466 0 68 0
0 1809 1 1 738 0 1809 1
0 1809 1 1 577 0 1809 1
0 1809 1 1 712 0 1809 1
0 1751 167 2 261 0 411 166 1198 0 1340 1
0 1809 1 1 254 0 1809 1
0 1733 219 2 788 0 570 219 342 0 1163 0
0 1671 396 2 299 0 980 396 686 0 691 0
0 1620 542 3 253 0 283 408 1126 0 1206 134 610 0 131 0
0 1809 1 1 564 0 1809 1
0 1809 1 1 429 0 1809 1
0 1787 64 1 1123 0 1787 64
0 1661 425 3 684 0 153 271 371 0 605 153 1159 0 903 1
0 1675 385 2 1111 0 982 385 919 0 693 0
0 1809 1 1 446 0 1809 1
0 1809 1 1 1129 0 1809 1
0 1668 405 2 438 0 307 404 197 0 1361 1
0 1809 1 1 171 0 1809 1
1 1691 337 2 887 0 115 337 185 1 1576 0
0 1738 204 2 1190 0 1156 204 523 0 582 0
0 1649 459 2 872 0 1390 459 563 0 259 0
0 1809 1 1 795 0 1809 1
0 1683 362 2 1150 0 1218 362 834 0 465 0
0 1809 1 1 265 0 1809 1
0 1757 150 2 432 0 740 150 9 0 1017 0
0 1663 419 2 734 0 1623 418 489 0 40 1
0 1724 244 2 341 0 557 244 648 0 1167 0
0 1809 1 1 739 0 1809 1
1 1725 240 2 743 0 250 240 567 1 1475 0
0 1780 84 2 852 0 0 84 581 0 1780 0
0 1681 368 2 651 0 962 368 1153 0 719 0
0 1664 416 2 969 0 1305 416 282 0 359 0
0 1809 1 1 603 0 1809 1
0 1809 1 1 50 0 1809 1
0 1809 1 1 959 0 1809 1
1 1670 397 2 655 0 1495 397 664 1 175 0
0 1809 1 1 1178 0 1809 1
0 1809 1 1 857 0 1809 1
0 1763 133 2 218 0 431 133 810 0 1332 0
0 1809 1 1 1144 0 1809 1
-1
23 54
0 2288 0 1 520 0 2288 0
0 2137 432 2 520 0 1591 431 916 0 546 1
0 2288 0 1 916 0 2288 0
1 2130 450 2 916 0 1225 450 95 1 905 0
0 2194 269 2 95 0 1506 268 762 0 688 1
0 2288 0 1 762 0 2288 0
1 2161 362 2 762 0 291 362 624 1 1870 0
0 2278 28 1 624 0 2278 28
1 2136 433 2 624 0 0 433 397 1 2136 0
1 2165 350 2 397 0 1013 350 395 1 1152 0
0 2164 355 2 395 0 2042 355 561 0 122 0
0 2288 0 1 561 0 2288 0
0 2190 280 2 561 0 110 280 557 0 2080 0
1 2206 233 2 557 0 17 233 5 1 2189 0
0 2130 452 1 5 0 2130 452
0 2278 28 2 5 0 0 28 1152 0 2278 0
0 2130 452 2 1152 0 1781 451 1155 0 349 1
0 2239 140 2 1155 0 920 140 1087 0 1319 0
1 2182 301 2 1087 0 1390 301 252 1 792 0
1 2237 144 2 252 0 503 144 345 1 1734 0
0 2220 195 2 345 0 20 195 707 0 2200 0
0 2148 401 2 707 0 1409 401 455 0 739 0
0 2216 206 2 455 0 1115 206 744 0 1101 0
1 2165 350 2 744 0 2049 350 159 1 116 0
0 2232 160 2 159 0 1323 160 350 0 909 0
0 2201 249 2 350 0 1323 248 569 0 878 1
0 2288 0 1 569 0 2288 0
0 2156 378 2 569 0 245 378 974 0 1911 0
1 2201 247 2 974 0 312 247 425 1 1889 0
0 2288 0 1 425 0 2288 0
0 2050 681 2 425 0 277 495 238 0 1773 186
1 2222 187 3 238 0 0 11 680 0 1584 176 454 1 638 0
0 2247 117 2 454 0 414 117 996 0 1833 0
0 2288 0 1 996 0 2288 0
0 2121 478 2 996 0 172 477 782 0 1949 1
1 2212 216 2 782 0 4 216 573 1 2208 0
0 2186 292 2 573 0 410 291 262 0 1776 1
0 2173 329 2 262 0 1185 328 1031 0 988 1
0 2288 0 1 1031 0 2288 0
0 2119 484 2 1031 0 1089 484 534 0 1030 0
0 2180 309 2 534 0 1751 309 1122 0 429 0
0 2288 0 1 1122 0 2288 0
0 2228 172 2 1122 0 0 171 66 0 2228 1
0 2288 0 1 1076 0 2288 0
1 2178 313 2 1076 0 529 313 157 1 1649 0
0 2066 635 3 157 0 141 199 1131 0 1755 436 1177 0 170 0
0 2286 6 2 1140 0 2286 5 857 0 0 1
1 2119 482 2 543 0 994 482 1135 1 1125 0
1 2259 81 2 387 0 0 81 893 1 2259 0
0 2127 461 3 430 0 1230 155 1185 0 193 306 38 0 704 0
0 2233 157 2 556 0 1133 157 230 0 1100 0
0 2288 0 1 29 0 2288 0
0 2288 0 1 572 0 2288 0
0 2124 469 3 855 0 266 207 1188 0 1077 262 941 0 781 0
-1
24 53
0 972 0 1 541 0 972 0
0 838 384 2 541 0 482 383 808 0 356 1
0 972 0 1 808 0 972 0
0 972 0 1 675 0 972 0
0 972 0 1 288 0 972 0
0 972 0 1 600 0 972 0
0 920 149 2 45 0 314 149 138 0 606 0
0 972 0 1 537 0 972 0
0 970 6 1 91 0 970 6
0 972 0 1 388 0 972 0
0 972 0 1 692 0 972 0
1 930 119 2 692 0 0 119 269 1 930 0
1 856 331 2 269 0 46 330 886 1 810 1
0 854 338 2 886 0 247 338 377 0 607 0
0 972 0 1 732 0 972 0
0 972 0 1 304 0 972 0
0 972 0 1 1020 0 972 0
0 816 447 2 1020 0 550 447 1133 0 266 0
0 972 0 1 1133 0 972 0
0 972 0 1 530 0 972 0
0 972 0 1 354 0 972 0
0 972 0 1 457 0 972 0
0 972 0 1 457 0 972 0
0 972 0 1 404 0 972 0
1 894 222 2 452 0 498 222 817 1 396 0
0 972 0 1 817 0 972 0
0 972 0 1 65 0 972 0
0 972 0 1 88 0 972 0
0 972 0 1 909 0 972 0
0 972 0 1 1136 0 972 0
0 972 0 1 964 0 972 0
0 972 0 1 964 0 972 0
0 972 0 1 148 0 972 0
0 972 0 1 576 0 972 0
0 819 438 2 576 0 410 437 1096 0 409 1
0 972 0 1 1047 0 972 0
0 972 0 1 1047 0 972 0
0 972 0 1 915 0 972 0
1 921 144 2 474 0 703 144 1091 1 218 0
0 886 246 2 1091 0 2 246 1073 0 884 0
0 972 0 1 1073 0 972 0
0 972 0 1 691 0 972 0
0 972 0 1 114 0 972 0
0 972 0 1 406 0 972 0
0 972 0 1 632 0 972 0
0 972 0 1 343 0 972 0
0 972 0 1 1039 0 972 0
0 972 0 1 827 0 972 0
0 972 0 1 1093 0 972 0
0 972 0 1 601 0 972 0
1 826 416 2 601 0 779 416 501 1 47 0
0 767 587 3 485 0 346 250 375 0 263 336 1025 0 158 1
0 972 0 1 151 0 972 0
-1
25 54
0 900 0 1 256 0 900 0
0 900 0 1 256 0 900 0
0 900 0 1 256 0 900 0
0 769 375 2 256 0 666 374 871 0 103 1
0 900 0 1 871 0 900 0
0 844 160 2 871 0 437 159 936 0 407 1
1 858 118 2 936 0 664 118 521 1 194 0
0 900 0 1 521 0 900 0
0 900 0 1 521 0 900 0
0 809 260 2 521 0 336 259 505 0 473 1
0 900 0 1 773 0 900 0
0 900 0 1 888 0 900 0
0 900 0 1 888 0 900 0
0 900 0 1 888 0 900 0
0 900 0 1 888 0 900 0
0 741 455 2 888 0 486 454 741 0 255 1
0 900 0 1 741 0 900 0
0 900 0 1 741 0 900 0
1 789 316 2 741 0 789 315 286 1 0 1
0 900 0 1 286 0 900 0
0 900 0 1 286 0 900 0
0 816 240 2 286 0 368 240 70 0 448 0
0 900 0 1 70 0 900 0
0 900 0 1 584 0 900 0
0 900 0 1 584 0 900 0
0 900 0 1 584 0 900 0
0 779 346 2 584 0 414 346 111 0 365 0
0 900 0 1 111 0 900 0
0 900 0 1 111 0 900 0
0 900 0 1 111 0 900 0
0 764 389 2 111 0 427 388 1053 0 337 1
0 900 0 1 1053 0 900 0
0 835 186 2 1053 0 446 186 164 0 389 0
0 900 0 1 790 0 900 0
1 855 127 2 790 0 243 127 394 1 612 0
0 900 0 1 394 0 900 0
0 900 0 1 394 0 900 0
0 900 0 1 614 0 900 0
0 900 0 1 614 0 900 0
0 900 0 1 1021 0 900 0
0 900 0 1 1021 0 900 0
0 900 0 1 1021 0 900 0
0 900 0 1 50 0 900 0
0 768 378 2 1004 0 330 378 508 0 438 0
0 900 0 1 508 0 900 0
0 796 297 2 414 0 341 296 93 0 455 1
0 900 0 1 554 0 900 0
0 900 0 1 16 0 900 0
0 900 0 1 978 0 900 0
0 900 0 1 125 0 900 0
1 780 341 2 588 0 519 341 418 1 261 0
0 900 0 1 418 0 900 0
0 900 0 1 418 0 900 0
0 779 346 2 784 0 678 345 355 0 101 1
-1
26 53
0 1433 0 1 877 0 1433 0
1 1289 411 2 352 0 1043 411 504 1 246 0
0 1376 164 2 379 0 43 163 471 0 1333 1
0 1433 0 1 801 0 1433 0
1 1389 125 2 392 0 726 125 420 1 663 0
0 1307 361 2 863 0 1296 360 819 0 11 1
0 1433 0 1 103 0 1433 0
1 1307 359 2 112 0 863 359 536 1 444 0
0 1366 192 2 313 0 265 192 1069 0 1101 0
0 1433 0 1 1081 0 1433 0
0 1433 0 1 1041 0 1433 0
0 1433 0 1 120 0 1433 0
0 1433 0 1 824 0 1433 0
0 1351 235 2 64 0 186 235 1115 0 1165 0
0 1433 0 1 284 0 1433 0
0 1379 155 2 1065 0 1211 154 943 0 168 1
0 1277 447 2 943 0 275 446 437 0 1002 1
1 1347 245 2 617 0 689 245 507 1 658 0
0 1300 381 2 976 0 639 381 305 0 661 0
0 1432 3 1 289 0 1432 3
0 1433 0 1 391 0 1433 0
0 1377 161 2 240 0 309 161 785 0 1068 0
0 1394 112 1 1044 0 1394 112
0 1433 0 1 433 0 1433 0
1 1355 222 2 378 0 1115 222 241 1 240 0
1 1343 256 2 117 0 72 256 492 1 1271 0
1 1314 339 2 189 0 1219 339 17 1 95 0
0 1259 499 2 1018 0 923 499 401 0 336 0
0 1433 0 1 179 0 1433 0
0 1433 0 1 918 0 1433 0
0 1433 0 1 766 0 1433 0
0 1433 0 1 597 0 1433 0
0 1433 0 1 233 0 1433 0
0 1433 0 1 999 0 1433 0
0 1303 373 2 367 0 1161 373 216 0 142 0
0 1352 232 2 878 0 591 232 670 0 761 0
1 1351 233 2 247 0 0 233 495 1 1351 0
0 1305 367 2 22 0 729 367 308 0 576 0
0 1294 399 2 215 0 400 398 1052 0 894 1
0 1433 0 1 407 0 1433 0
0 1433 0 1 516 0 1433 0
0 1259 499 2 641 0 902 498 821 0 357 1
0 1433 0 1 1084 0 1433 0
0 1433 0 1 356 0 1433 0
0 1433 0 1 79 0 1433 0
0 1433 0 1 1060 0 1433 0
0 1433 0 1 398 0 1433 0
0 1433 0 1 268 0 1433 0
0 1433 0 1 249 0 1433 0
0 1433 0 1 962 0 1433 0
1 1265 480 2 589 0 672 480 972 1 593 0
0 1333 287 2 232 0 0 286 1181 0 1333 1
1 1320 322 2 896 0 733 322 585 1 587 0
-1
27 47
0 1364 0 1 1172 0 1364 0
0 1266 281 2 512 0 490 280 701 0 776 1
0 1214 430 2 735 0 947 430 266 0 267 0
0 1364 0 1 998 0 1364 0
0 1259 301 1 206 0 1259 301
0 1364 0 1 678 0 1364 0
0 1364 0 1 778 0 1364 0
1 1251 322 2 815 0 1007 322 222 1 244 0
0 1308 161 2 328 0 890 160 513 0 418 1
0 1364 0 1 738 0 1364 0
0 1364 0 1 577 0 1364 0
0 1364 0 1 712 0 1364 0
0 1310 155 2 130 0 218 154 261 0 1092 1
0 1191 496 2 1198 0 786 495 254 0 405 1
0 1364 0 1 788 0 1364 0
0 1364 0 1 299 0 1364 0
0 1364 0 1 253 0 1364 0
0 1364 0 1 564 0 1364 0
1 1254 314 2 956 0 736 314 429 1 518 0
0 1318 132 2 323 0 0 131 1123 0 1318 1
0 1364 0 1 684 0 1364 0
0 1364 0 1 1111 0 1364 0
0 1296 195 2 419 0 828 194 446 0 468 1
0 1364 0 1 1129 0 1364 0
0 1364 0 1 438 0 1364 0
0 1315 141 2 136 0 795 141 171 0 520 0
0 1364 0 1 887 0 1364 0
1 1281 236 2 983 0 602 236 1190 1 679 0
0 1364 0 1 872 0 1364 0
0 1230 384 2 563 0 850 383 795 0 380 1
0 1364 0 1 1150 0 1364 0
0 1296 195 2 58 0 420 195 265 0 876 0
1 1258 302 2 322 0 649 302 432 1 609 0
0 1364 0 1 734 0 1364 0
0 1364 0 1 341 0 1364 0
0 1268 275 2 60 0 952 275 739 0 316 0
0 1364 0 1 743 0 1364 0
0 1278 247 2 567 0 0 189 852 0 1278 58
0 1364 0 1 651 0 1364 0
0 1364 0 1 969 0 1364 0
1 1268 273 2 1099 0 1069 273 603 1 199 0
1 1354 27 2 603 0 0 27 50 1 1354 0
1 1244 342 2 360 0 1163 342 959 1 81 0
0 1364 0 1 655 0 1364 0
0 1364 0 1 414 0 1364 0
1 1254 314 2 1178 0 711 314 301 1 543 0
0 1202 464 3 857 0 194 351 176 0 1008 112 543 0 0 1
-1
28 54
0 1621 155 2 676 0 1386 154 1048 0 235 1
1 1563 320 2 877 0 822 320 352 1 741 0
0 1675 1 1 504 0 1675 1
0 1675 1 1 471 0 1675 1
1 1546 368 2 801 0 425 368 706 1 1121 0
0 1589 247 2 420 0 1559 247 863 0 30 0
0 1635 115 2 819 0 1024 114 326 0 611 1
0 1529 419 2 103 0 1066 418 112 0 463 1
0 1623 150 2 536 0 896 149 605 0 727 1
0 1603 207 2 1069 0 762 207 1081 0 841 0
1 1503 491 2 1081 0 231 491 799 1 1272 0
0 1587 253 2 1041 0 621 253 12 0 966 0
0 1567 310 2 120 0 1339 310 147 0 228 0
1 1526 426 2 824 0 1512 426 64 1 14 0
0 1587 253 2 1115 0 1103 252 284 0 484 1
0 1470 588 3 284 0 3 425 939 0 1458 162 59 0 9 1
0 1675 1 1 943 0 1675 1
1 1614 174 2 437 0 573 174 797 1 1041 0
1 1620 156 2 507 0 745 156 976 1 875 0
0 1675 1 1 305 0 1675 1
0 1562 324 2 289 0 0 324 592 0 1562 0
0 1572 296 2 391 0 803 296 1196 0 769 0
0 1591 241 2 785 0 1092 240 1044 0 499 1
0 1530 416 3 1044 0 0 310 578 0 954 106 306 0 576 0
0 1675 1 1 433 0 1675 1
1 1615 171 2 241 0 1298 171 117 1 317 0
0 1644 89 1 492 0 1644 89
1 1653 62 2 17 0 0 62 1018 1 1653 0
0 1675 1 1 401 0 1675 1
0 1675 1 1 179 0 1675 1
0 1536 399 1 918 0 1536 399
1 1520 443 2 766 0 655 443 742 1 865 0
0 1550 359 2 597 0 1440 358 233 0 110 1
1 1525 428 2 233 0 404 428 383 1 1121 0
1 1555 342 2 999 0 1274 342 367 1 281 0
0 1675 1 1 216 0 1675 1
1 1632 122 2 670 0 337 122 247 1 1295 0
0 1605 201 2 495 0 448 200 912 0 1157 1
0 1675 1 1 308 0 1675 1
0 1675 1 1 1052 0 1675 1
0 1579 276 2 407 0 881 276 1078 0 698 0
0 1675 1 1 641 0 1675 1
0 1610 187 2 821 0 1335 187 1084 0 275 0
1 1504 488 2 1084 0 770 488 662 1 734 0
0 1529 419 2 356 0 858 419 98 0 671 0
0 1549 361 2 79 0 840 361 1100 0 709 0
1 1534 403 2 1060 0 1142 403 634 1 392 0
0 1675 1 1 398 0 1675 1
0 1675 1 1 217 0 1675 1
0 1675 1 1 249 0 1675 1
1 1519 446 2 962 0 416 446 1068 1 1103 0
0 1576 284 2 972 0 1410 283 905 0 166 1
1 1526 425 2 1181 0 1519 425 749 1 7 0
0 1634 118 1 585 0 1634 118
-1
29 42
0 2159 319 2 876 0 1221 318 970 0 938 1
0 2225 130 2 393 0 1133 130 264 0 1092 0
0 2190 230 2 10 0 1908 230 650 0 282 0
0 2172 282 1 650 0 2172 282
1 2177 266 2 13 0 813 266 35 1 1364 0
0 2199 205 2 295 0 718 205 1043 0 1481 0
1 2085 529 3 1043 0 622 416 90 0 1017 113 86 1 446 0
0 2111 457 2 86 0 2016 456 449 0 95 1
0 2143 365 3 449 0 100 203 548 0 1458 162 505 0 585 0
1 2157 323 2 505 0 217 323 1110 1 1940 0
0 2251 56 1 646 0 2251 56
0 2222 139 2 390 0 0 139 14 0 2222 0
0 2164 305 2 758 0 1733 305 1102 0 431 0
1 2160 314 2 1102 0 754 314 688 1 1406 0
0 2232 110 2 955 0 728 110 538 0 1504 0
0 2146 356 2 538 0 59 356 772 0 2087 0
0 2187 239 2 935 0 1452 239 787 0 735 0
1 2270 0 1 248 1 2270 0
1 2270 0 1 708 1 2270 0
1 2270 0 1 1158 1 2270 0
1 2270 0 1 861 1 2270 0
0 2174 276 2 767 0 2091 275 44 0 83 1
1 2188 234 2 70 0 90 234 907 1 2098 0
0 2206 185 2 201 0 1029 185 522 0 1177 0
0 2101 485 2 522 0 1547 485 710 0 554 0
0 2125 417 2 710 0 1549 416 1034 0 576 1
0 2151 342 2 1034 0 861 341 894 0 1290 1
1 2107 466 2 894 0 1272 466 415 1 835 0
1 2096 498 3 415 0 862 371 652 0 1143 127 911 1 91 0
0 2236 99 1 608 0 2236 99
1 2270 0 1 1139 1 2270 0
1 2270 0 1 1109 1 2270 0
1 2213 163 2 164 0 277 163 1014 1 1936 0
1 2109 461 2 1014 0 571 461 1132 1 1538 0
0 2186 242 2 246 0 606 242 464 0 1580 0
1 2270 0 1 210 1 2270 0
1 2007 753 3 210 0 15 440 394 0 404 313 369 1 1588 0
1 2077 552 3 369 0 685 435 1114 0 1053 117 980 1 339 0
1 2159 317 2 980 0 872 317 1054 1 1287 0
1 2270 0 1 85 1 2270 0
1 2195 214 2 409 0 741 214 1029 1 1454 0
0 2161 313 2 880 0 1254 313 1004 0 907 0
-1
30 53
1 2132 140 2 1161 0 1260 140 161 1 872 0
0 2109 208 2 161 0 999 208 635 0 1110 0
1 2181 0 1 635 1 2181 0
1 2048 381 2 635 0 137 381 447 1 1911 0
0 2097 242 2 447 0 266 242 209 0 1831 0
0 2103 225 2 209 0 194 225 1079 0 1909 0
1 2181 0 1 1079 1 2181 0
0 2017 471 2 1079 0 139 470 975 0 1878 1
1 2071 315 2 975 0 966 315 154 1 1105 0
1 2181 0 1 154 1 2181 0
0 2013 483 2 154 0 1050 482 443 0 963 1
1 2181 0 1 443 1 2181 0
0 2019 466 2 443 0 1049 465 570 0 970 1
1 2181 0 1 570 1 2181 0
1 2046 386 2 570 0 331 386 669 1 1715 0
0 2114 194 2 669 0 21 193 590 0 2093 1
0 2027 443 3 590 0 508 288 110 0 1386 154 813 0 133 1
0 2109 208 2 813 0 1748 208 879 0 361 0
0 2104 222 2 879 0 1637 222 804 0 467 0
1 2181 0 1 804 1 2181 0
0 2059 351 2 804 0 510 351 719 0 1549 0
1 2181 0 1 719 1 2181 0
1 2032 427 2 719 0 112 427 1173 1 1920 0
0 2053 368 2 1173 0 1391 368 803 0 662 0
0 2119 179 1 803 0 2119 179
0 2096 245 3 803 0 0 130 649 0 1026 114 951 0 1070 1
0 2082 285 2 951 0 1495 284 41 0 587 1
0 2107 214 2 41 0 1339 213 736 0 768 1
1 2100 232 2 736 0 1329 232 1151 1 771 0
1 2181 0 1 1151 1 2181 0
1 2181 0 1 753 1 2181 0
0 2072 314 2 753 0 644 314 689 0 1428 0
1 2081 286 2 689 0 1146 286 612 1 935 0
0 2113 196 2 612 0 828 196 704 0 1285 0
0 2109 208 2 704 0 587 208 239 0 1522 0
1 2099 235 2 239 0 593 235 327 1 1506 0
0 2102 228 2 327 0 536 227 146 0 1566 1
0 2095 248 2 146 0 675 248 1010 0 1420 0
1 2042 398 2 1010 0 466 398 723 1 1576 0
1 2118 180 2 723 0 43 180 204 1 2075 0
1 2181 0 1 204 1 2181 0
0 2013 483 2 204 0 89 483 873 0 1924 0
1 2095 246 2 873 0 290 246 709 1 1805 0
0 2069 322 3 709 0 138 216 841 0 954 106 856 0 977 0
0 2117 185 2 856 0 688 185 271 0 1429 0
0 2056 360 2 271 0 1811 360 155 0 245 0
1 2110 203 2 155 0 1582 203 730 1 528 0
1 2142 112 2 730 0 470 111 906 1 1672 1
0 2120 176 2 156 0 742 176 870 0 1378 0
0 2049 380 2 870 0 2033 379 945 0 16 1
1 2181 0 1 945 1 2181 0
0 2139 122 2 1143 0 1098 122 275 0 1041 0
0 1970 606 3 275 0 363 156 102 0 1332 449 355 0 275 1
-1
31 43
0 1596 0 1 631 0 1596 0
1 1437 453 2 1104 0 1276 453 638 1 161 0
0 1490 303 2 638 0 0 302 663 0 1490 1
0 1482 326 1 207 0 1482 326
0 1596 0 1 296 0 1596 0
0 1453 409 2 868 0 913 409 92 0 540 0
0 1445 432 3 92 0 0 170 568 0 353 261 963 0 1092 1
0 1596 0 1 364 0 1596 0
0 1517 226 2 128 0 173 131 37 0 1344 95
1 1475 344 2 967 0 778 344 1130 1 697 0
0 1442 441 2 1130 0 308 441 177 0 1134 0
0 1596 0 1 502 0 1596 0
1 1533 178 2 1179 0 1503 178 1124 1 30 0
0 1524 206 2 847 0 1450 206 881 0 74 0
1 1458 393 2 19 0 131 393 658 1 1327 0
0 1596 0 1 940 0 1596 0
0 1596 0 1 302 0 1596 0
0 1596 0 1 285 0 1596 0
0 1596 0 1 188 0 1596 0
0 1596 0 1 809 0 1596 0
0 1596 0 1 187 0 1596 0
0 1537 169 1 195 0 1537 169
0 1596 0 1 845 0 1596 0
0 1561 100 2 525 0 846 100 791 0 715 0
0 1471 358 2 791 0 133 358 445 0 1338 0
1 1423 493 2 445 0 725 493 526 1 698 0
1 1537 167 2 924 0 1503 167 606 1 34 0
1 1473 350 2 606 0 741 350 1200 1 732 0
0 1429 478 3 1200 0 142 361 108 0 0 117 208 0 1287 0
0 1596 0 1 482 0 1596 0
0 1576 57 1 36 0 1576 57
1 1464 376 2 770 0 1140 376 140 1 324 0
0 1558 108 1 140 0 1558 108
0 1596 0 1 992 0 1596 0
0 1596 0 1 116 0 1596 0
0 1503 266 2 850 0 866 265 562 0 637 1
1 1498 278 3 751 0 196 160 94 0 1062 118 428 1 240 0
0 1490 303 2 448 0 1206 303 408 0 284 0
1 1463 379 2 408 0 227 379 225 1 1236 0
0 1431 472 2 225 0 628 471 496 0 803 1
0 1596 0 1 604 0 1596 0
1 1535 172 2 263 0 311 172 421 1 1224 0
0 1596 0 1 849 0 1596 0
-1
32 53
1 2195 292 2 792 0 1347 292 1147 1 848 0
0 2297 1 1 621 0 2297 1
1 2184 323 2 930 0 1827 323 902 1 357 0
0 2297 1 1 348 0 2297 1
0 2297 1 1 829 0 2297 1
0 2297 1 1 214 0 2297 1
0 2067 660 3 214 0 415 484 740 0 1575 175 690 0 77 1
0 2218 228 2 690 0 703 228 822 0 1515 0
0 2223 213 2 637 0 991 213 1195 0 1232 0
0 2218 228 2 798 0 1895 228 1184 0 323 0
0 2160 394 3 1184 0 691 255 843 0 1251 139 1106 0 218 0
1 2200 277 2 1106 0 994 277 250 1 1206 0
0 2195 293 3 235 0 363 109 178 0 1656 184 1059 0 176 0
0 2191 305 2 1059 0 1288 305 158 0 903 0
0 2182 331 2 158 0 795 331 1077 0 1387 0
0 2164 382 2 1077 0 761 381 553 0 1403 1
0 2147 431 2 553 0 1195 430 865 0 952 1
0 2297 1 1 1038 0 2297 1
0 2297 1 1 126 0 2297 1
0 2184 325 3 1182 0 637 173 460 0 1359 151 835 0 188 1
0 2297 1 1 835 0 2297 1
0 2297 1 1 357 0 2297 1
0 2297 1 1 439 0 2297 1
0 2240 165 3 1019 0 0 45 68 0 1080 120 933 0 1160 0
0 2156 405 2 933 0 1204 405 1050 0 952 0
0 2182 331 2 1050 0 746 331 311 0 1436 0
1 2137 458 2 311 0 1405 458 1103 1 732 0
0 2193 299 2 1103 0 668 298 1092 0 1525 1
0 2155 408 2 1092 0 866 407 618 0 1289 1
0 2297 1 1 1046 0 2297 1
0 2297 1 1 472 0 2297 1
0 2282 44 2 472 0 0 43 966 0 2282 1
0 2255 122 2 575 0 573 122 1055 0 1682 0
0 2206 262 2 281 0 1854 262 524 0 352 0
1 2170 363 2 524 0 1634 363 372 1 536 0
0 2297 1 1 372 0 2297 1
0 2234 182 2 668 0 524 181 862 0 1710 1
1 2129 481 2 862 0 1338 480 442 1 791 1
1 2178 340 2 442 0 996 340 366 1 1182 0
0 2297 1 1 1168 0 2297 1
0 2252 130 2 1067 0 317 130 519 0 1935 0
0 2103 557 3 519 0 735 439 220 0 1062 118 700 0 306 0
1 2185 320 2 1009 0 1649 320 456 1 536 0
0 2297 1 1 1186 0 2297 1
0 2297 1 1 745 0 2297 1
1 2196 289 3 435 0 86 129 451 0 1440 160 384 1 670 0
0 2297 1 1 384 0 2297 1
0 2242 159 2 49 0 473 158 543 0 1769 1
0 2217 230 2 844 0 789 230 463 0 1428 0
1 2204 266 2 101 0 2040 266 430 1 164 0
0 2152 417 2 212 0 1863 416 556 0 289 1
0 2179 339 2 961 0 1770 339 115 0 409 0
0 2146 434 2 1098 0 1847 434 180 0 299 0
-1
33 44
0 2181 552 3 631 0 717 257 132 0 659 295 1104 0 805 0
1 2373 0 1 638 1 2373 0
1 2249 355 2 663 0 1714 355 207 1 535 0
1 2331 120 2 207 0 0 120 338 1 2331 0
1 2240 381 2 296 0 1469 381 868 1 771 0
0 2322 148 1 92 0 2322 148
1 2373 0 1 963 1 2373 0
0 2263 317 2 364 0 1248 316 128 0 1015 1
0 2327 134 2 37 0 0 133 967 0 2327 1
1 2373 0 1 1130 1 2373 0
0 2268 303 1 177 0 2268 303
0 2229 414 2 502 0 2130 414 1179 0 99 0
0 2299 214 2 1124 0 1895 214 847 0 404 0
0 2335 111 2 881 0 925 111 19 0 1410 0
0 2270 297 2 658 0 1345 297 47 0 925 0
1 2200 495 2 940 0 1447 495 302 1 753 0
1 2218 444 2 302 0 1646 444 285 1 572 0
1 2239 384 2 285 0 1287 384 188 1 952 0
0 2214 457 2 188 0 1555 456 809 0 659 1
1 2209 470 3 809 0 589 315 273 0 1395 155 187 1 225 0
1 2292 232 2 187 0 266 232 195 1 2026 0
0 2252 348 3 195 0 0 227 1061 0 1089 121 845 0 1163 0
0 2255 340 2 845 0 292 339 1042 0 1963 1
1 2373 0 1 791 1 2373 0
1 2373 0 1 445 1 2373 0
1 2373 0 1 526 1 2373 0
1 2373 0 1 606 1 2373 0
1 2373 0 1 1200 1 2373 0
0 2331 122 1 208 0 2331 122
1 2047 934 3 482 0 228 468 1151 0 1231 465 36 1 588 1
0 2244 371 2 36 0 0 371 770 0 2244 0
1 2373 0 1 140 1 2373 0
0 2211 466 3 140 0 0 365 405 0 900 100 992 0 1311 1
0 2217 449 2 992 0 1134 448 116 0 1083 1
0 2242 377 2 116 0 723 377 850 0 1519 0
0 2308 188 2 562 0 1064 188 751 0 1244 0
1 2332 117 2 428 0 812 117 448 1 1520 0
1 2373 0 1 408 1 2373 0
1 2373 0 1 225 1 2373 0
1 2201 493 2 496 0 2174 493 604 1 27 0
1 2256 335 2 604 0 1020 335 263 1 1236 0
0 2293 231 2 421 0 854 231 849 0 1439 0
0 2205 483 2 849 0 1312 483 971 0 893 0
1 2306 192 2 1128 0 1728 192 674 1 578 0
-1
34 54
0 850 0 1 1002 0 850 0
0 850 0 1 1002 0 850 0
0 850 0 1 1000 0 850 0
0 705 415 2 1000 0 381 415 615 0 324 0
1 734 330 2 615 0 393 330 1063 1 341 0
0 733 335 2 1063 0 411 334 1134 0 322 1
0 850 0 1 202 0 850 0
0 850 0 1 96 0 850 0
0 850 0 1 290 0 850 0
1 771 224 2 1089 0 611 224 228 1 160 0
0 850 0 1 56 0 850 0
1 710 399 2 56 0 121 399 236 1 589 0
0 850 0 1 236 0 850 0
0 850 0 1 382 0 850 0
0 850 0 1 731 0 850 0
0 850 0 1 6 0 850 0
0 842 22 1 6 0 842 22
1 743 304 2 1148 0 642 304 1037 1 101 0
0 850 0 1 292 0 850 0
0 850 0 1 694 0 850 0
0 749 289 1 694 0 749 289
0 850 0 1 582 0 850 0
0 850 0 1 205 0 850 0
1 705 413 2 867 0 123 413 1142 1 582 0
0 850 0 1 698 0 850 0
0 850 0 1 78 0 850 0
0 789 174 2 453 0 3 173 953 0 786 1
0 725 357 2 953 0 183 357 55 0 542 0
0 850 0 1 1003 0 850 0
0 703 420 2 1003 0 88 420 434 0 615 0
0 850 0 1 325 0 850 0
0 850 0 1 752 0 850 0
0 701 426 2 752 0 164 425 636 0 537 1
0 850 0 1 1033 0 850 0
0 850 0 1 1058 0 850 0
0 850 0 1 1058 0 850 0
0 850 0 1 257 0 850 0
0 850 0 1 846 0 850 0
0 850 0 1 7 0 850 0
0 729 346 2 903 0 1 346 511 0 728 0
0 850 0 1 426 0 850 0
0 850 0 1 193 0 850 0
0 850 0 1 973 0 850 0
0 850 0 1 1183 0 850 0
0 850 0 1 318 0 850 0
0 850 0 1 853 0 850 0
0 850 0 1 211 0 850 0
0 850 0 1 242 0 850 0
0 850 0 1 626 0 850 0
0 850 0 1 381 0 850 0
0 850 0 1 1016 0 850 0
0 850 0 1 424 0 850 0
0 850 0 1 243 0 850 0
0 713 392 2 941 0 163 392 585 0 550 0
-1
35 45
0 2235 295 2 1095 0 2136 295 1172 0 99 0
1 2204 382 2 1172 0 175 382 512 1 2029 0
0 2338 0 1 735 0 2338 0
1 2203 385 2 266 0 1389 384 998 1 814 1
1 2259 224 2 998 0 0 224 206 1 2259 0
0 2201 392 2 39 0 1741 391 678 0 460 1
0 2226 321 3 346 0 192 155 1013 0 1485 165 778 0 549 1
0 2183 444 2 778 0 292 444 815 0 1891 0
1 2194 410 2 222 0 1645 410 328 1 549 0
1 2272 187 2 466 0 1615 187 738 1 657 0
0 2111 650 3 738 0 84 434 52 0 1935 215 577 0 92 1
0 2138 573 3 577 0 56 367 1170 0 1854 206 712 0 228 0
1 2167 488 2 712 0 1000 488 130 1 1167 0
0 2338 0 1 1198 0 2338 0
0 2170 481 2 254 0 2133 481 788 0 37 0
1 2252 244 2 342 0 1033 244 299 1 1219 0
0 2164 498 2 686 0 139 498 253 0 2025 0
0 2247 260 2 610 0 2209 260 564 0 38 0
0 2209 369 2 564 0 110 368 956 0 2099 1
0 2208 372 2 429 0 921 360 323 0 1287 12
0 2191 421 3 1123 0 0 280 929 0 1269 141 684 0 922 0
0 2259 226 2 1159 0 1140 226 1111 0 1119 0
0 2259 226 3 919 0 270 107 944 0 1062 118 419 0 927 1
0 2192 418 2 446 0 1503 418 1129 0 689 0
0 2180 452 2 1129 0 215 452 438 0 1965 0
1 2217 344 3 197 0 196 172 630 0 1548 172 136 1 473 0
0 2222 332 2 171 0 659 331 887 0 1563 1
1 2248 256 2 185 0 727 256 983 1 1521 0
1 2248 256 2 523 0 872 256 872 1 1376 0
0 2338 0 1 563 0 2338 0
1 2194 410 2 795 0 1519 410 1150 1 675 0
0 2283 157 2 834 0 939 156 58 0 1344 1
0 2228 315 2 265 0 150 314 322 0 2078 1
1 2241 276 3 9 0 144 129 529 0 1323 147 734 1 774 0
1 2259 224 2 489 0 1985 224 341 1 274 0
0 2264 212 2 648 0 741 212 60 0 1523 0
0 2192 418 2 739 0 1646 418 743 0 546 0
0 2259 226 1 567 0 2259 226
0 2221 335 2 581 0 1226 334 651 0 995 1
0 2264 212 2 1153 0 1189 212 969 0 1075 0
0 2289 140 2 282 0 901 140 1099 0 1388 0
0 2185 438 1 603 0 2185 438
1 2170 479 2 50 0 256 479 360 1 1914 0
0 2207 375 2 959 0 1493 375 655 0 714 0
0 2252 246 2 664 0 2038 246 414 0 214 0
-1
36 53
0 2253 0 1 1002 0 2253 0
1 2030 637 3 1002 0 502 495 1149 0 1278 142 1000 1 250 0
0 2253 0 1 1000 0 2253 0
0 2253 0 1 615 0 2253 0
0 2253 0 1 1063 0 2253 0
1 2210 121 2 1134 0 776 121 202 1 1434 0
1 2115 393 2 202 0 1252 393 96 1 863 0
0 2133 344 2 96 0 1382 344 290 0 751 0
1 2161 262 2 290 0 757 262 1089 1 1404 0
1 2176 219 2 228 0 1810 219 56 1 366 0
0 2253 0 1 56 0 2253 0
0 2253 0 1 236 0 2253 0
0 2045 596 3 236 0 177 430 34 0 1494 166 382 0 374 0
1 2167 244 2 382 0 972 244 731 1 1195 0
0 1991 750 3 731 0 996 338 479 0 881 412 6 0 114 0
0 2253 0 1 6 0 2253 0
0 2103 430 2 6 0 0 429 1148 0 2103 1
0 2104 427 2 1037 0 1707 426 292 0 397 1
1 2136 333 2 292 0 1759 333 694 1 377 0
0 2253 0 1 694 0 2253 0
1 2189 181 2 694 0 0 181 582 1 2189 0
1 2065 537 3 582 0 146 354 370 0 1647 183 205 1 272 0
0 2188 186 2 205 0 551 186 867 0 1637 0
0 2179 212 2 1142 0 1325 212 698 0 854 0
1 2146 305 2 698 0 1041 305 78 1 1105 0
0 2154 284 2 78 0 600 284 453 0 1554 0
0 2253 0 1 953 0 2253 0
1 2170 236 2 55 0 1582 236 1003 1 588 0
0 2253 0 1 1003 0 2253 0
1 2203 141 2 434 0 654 141 325 1 1549 0
0 2100 438 2 325 0 1542 438 752 0 558 0
0 2253 0 1 752 0 2253 0
0 2159 269 2 636 0 1893 269 1033 0 266 0
1 2173 227 2 468 0 2043 227 1058 1 130 0
0 2253 0 1 1058 0 2253 0
0 2086 478 2 1058 0 218 478 257 0 1868 0
0 1975 796 3 257 0 81 311 913 0 1691 485 846 0 203 0
0 2118 387 2 846 0 966 387 7 0 1152 0
1 2103 428 2 7 0 1850 428 903 1 253 0
0 2253 0 1 511 0 2253 0
0 2211 120 2 426 0 230 120 193 0 1981 0
0 2090 467 2 193 0 1372 467 973 0 718 0
0 2165 252 2 973 0 700 252 1183 0 1465 0
0 2107 418 2 1183 0 1447 418 318 0 660 0
0 2043 601 3 318 0 245 195 759 0 538 406 853 0 1260 0
0 2107 418 2 853 0 1652 418 211 0 455 0
0 2122 375 2 211 0 1146 375 242 0 976 0
0 2130 352 2 242 0 1342 352 626 0 788 0
1 2115 393 2 626 0 1899 393 381 1 216 0
1 2107 416 3 671 0 83 191 672 0 1324 225 1016 1 700 0
0 2253 0 1 607 0 2253 0
0 2253 0 1 361 0 2253 0
1 2138 328 3 25 0 0 121 883 0 1854 206 151 1 284 1
-1
37 53
0 956 162 2 1048 0 322 161 877 0 634 1
1 1012 0 1 352 1 1012 0
1 1012 0 1 379 1 1012 0
1 1012 0 1 801 1 1012 0
0 914 282 2 706 0 506 281 392 0 408 1
1 1012 0 1 863 1 1012 0
1 1012 0 1 103 1 1012 0
1 1012 0 1 112 1 1012 0
1 1012 0 1 313 1 1012 0
1 1012 0 1 1081 1 1012 0
0 902 317 2 799 0 679 317 1041 0 223 0
1 975 106 2 467 0 209 106 226 1 766 0
1 965 134 2 147 0 77 134 824 1 888 0
1 1012 0 1 64 1 1012 0
1 1012 0 1 284 1 1012 0
1 947 186 2 59 0 773 186 1065 1 174 0
1 1012 0 1 943 1 1012 0
1 1012 0 1 617 1 1012 0
1 1012 0 1 976 1 1012 0
1 1012 0 1 289 1 1012 0
1 898 326 2 592 0 471 326 391 1 427 0
1 1012 0 1 240 1 1012 0
1 1012 0 1 1044 1 1012 0
1 924 252 2 306 0 791 252 433 1 133 0
0 883 371 2 433 0 0 371 378 0 883 0
1 1012 0 1 117 1 1012 0
1 1012 0 1 189 1 1012 0
1 1012 0 1 1018 1 1012 0
0 871 405 2 401 0 733 404 179 0 138 1
1 999 37 2 179 0 0 37 918 1 999 0
1 1012 0 1 766 1 1012 0
1 921 260 2 742 0 573 260 597 1 348 0
1 1012 0 1 233 1 1012 0
0 913 285 2 383 0 542 285 999 0 371 0
1 1012 0 1 367 1 1012 0
1 1012 0 1 878 1 1012 0
0 971 119 1 247 0 971 119
1 905 306 2 912 0 705 306 22 1 200 0
1 1012 0 1 215 1 1012 0
0 852 460 2 1052 0 679 459 407 0 173 1
1 1012 0 1 516 1 1012 0
1 1012 0 1 641 1 1012 0
1 1012 0 1 1084 1 1012 0
1 1012 0 1 356 1 1012 0
0 985 79 2 98 0 0 78 79 0 985 1
1 1012 0 1 1060 1 1012 0
0 936 219 2 634 0 677 219 398 0 259 0
1 1012 0 1 268 1 1012 0
0 901 319 2 217 0 304 319 249 0 597 0
1 1012 0 1 67 1 1012 0
1 1012 0 1 589 1 1012 0
1 1012 0 1 905 1 1012 0
1 1012 0 1 102 1 1012 0
-1
38 50
0 2236 1 1 170 0 2236 1
1 2079 449 2 491 0 1009 449 777 1 1070 0
0 2066 488 2 1 0 1301 487 192 0 765 1
1 2098 394 2 805 0 1405 394 717 1 693 0
0 2236 1 1 711 0 2236 1
1 2110 360 2 985 0 1860 360 774 1 250 0
1 2074 463 2 774 0 465 463 544 1 1609 0
0 2236 1 1 1145 0 2236 1
0 2076 459 2 3 0 1255 459 351 0 821 0
0 2236 1 1 616 0 2236 1
0 2201 101 2 914 0 702 100 26 0 1499 1
0 2236 1 1 1166 0 2236 1
1 2099 391 3 396 0 157 243 191 0 1332 148 1108 1 610 0
1 2165 202 2 63 0 1818 202 488 1 347 0
1 2126 314 2 15 0 1991 314 316 1 135 0
0 2069 479 2 316 0 715 478 1174 0 1354 1
0 2177 170 2 219 0 1325 170 423 0 852 0
0 2076 459 3 423 0 0 182 533 0 745 277 481 0 1331 0
0 2205 90 1 531 0 2205 90
0 2147 256 3 579 0 422 108 768 0 1323 147 139 0 402 1
1 2100 389 2 948 0 1639 389 227 1 461 0
0 2236 1 1 780 0 2236 1
0 2067 485 2 580 0 2008 484 475 0 59 1
0 2067 485 2 475 0 864 485 747 0 1203 0
0 2076 459 3 594 0 623 310 1194 0 1332 148 450 0 121 1
0 2109 365 2 417 0 1686 364 1120 0 423 1
0 2236 1 1 124 0 2236 1
0 2236 1 1 994 0 2236 1
0 2072 471 2 629 0 754 470 20 0 1318 1
1 2182 154 2 487 0 693 154 830 1 1489 0
1 2123 323 2 1193 0 2052 323 465 1 71 0
0 2143 267 2 441 0 2031 267 1064 0 112 0
0 2091 416 3 666 0 552 264 679 0 1359 151 793 0 180 1
0 2236 1 1 1056 0 2236 1
0 2156 230 2 500 0 81 230 657 0 2075 0
0 2236 1 1 283 0 2236 1
0 2236 1 1 913 0 2236 1
1 2109 363 2 194 0 1237 363 620 1 872 0
1 2131 300 2 720 0 1593 300 1088 1 538 0
0 2035 577 4 614 0 342 238 293 0 472 237 991 0 918 102 511 0 303 0
1 2090 417 2 899 0 621 417 27 1 1469 0
0 2078 453 2 954 0 422 427 494 0 1656 26
0 2143 267 2 57 0 238 267 1107 0 1905 0
0 2236 1 1 639 0 2236 1
0 2101 388 2 145 0 41 388 806 0 2060 0
0 2045 548 3 897 0 0 229 61 0 1313 319 301 0 732 0
1 2098 394 3 625 0 721 259 602 0 1215 135 278 1 162 0
0 2062 499 3 411 0 558 216 587 0 382 283 810 0 1122 0
0 2236 1 1 814 0 2236 1
0 2081 445 2 381 0 1380 445 672 0 701 0
-1
39 54
0 1584 148 2 1086 0 1323 147 718 0 261 1
1 1635 0 1 718 1 1635 0
1 1635 0 1 718 1 1635 0
1 1462 495 2 718 0 931 495 1015 1 531 0
1 1635 0 1 1015 1 1635 0
0 1504 377 2 1015 0 1225 377 750 0 279 0
1 1635 0 1 750 1 1635 0
1 1508 363 2 750 0 1352 363 276 1 156 0
1 1635 0 1 276 1 1635 0
1 1635 0 1 276 1 1635 0
1 1467 481 2 276 0 900 481 796 1 567 0
1 1635 0 1 796 1 1635 0
1 1497 395 2 796 0 1351 395 168 1 146 0
1 1635 0 1 168 1 1635 0
0 1518 337 2 168 0 1241 336 493 0 277 1
1 1635 0 1 493 1 1635 0
0 1518 337 2 493 0 1129 337 1037 0 389 0
1 1635 0 1 1037 1 1635 0
1 1635 0 1 99 1 1635 0
0 1554 234 2 99 0 470 234 294 0 1084 0
1 1574 174 2 294 0 482 174 4 1 1092 0
0 1548 251 2 4 0 1166 251 775 0 382 0
1 1635 0 1 775 1 1635 0
1 1635 0 1 775 1 1635 0
0 1483 437 2 775 0 270 436 627 0 1213 1
1 1551 240 2 627 0 956 240 517 1 595 0
1 1635 0 1 517 1 1635 0
0 1522 325 2 517 0 693 325 272 0 829 0
1 1635 0 1 272 1 1635 0
0 1496 400 2 272 0 1135 400 1199 0 361 0
1 1594 117 2 1199 0 692 117 926 1 902 0
0 1596 113 2 926 0 105 112 503 0 1491 1
0 1522 325 3 503 0 30 168 107 0 1404 156 1033 0 88 1
0 1555 231 2 1033 0 884 231 885 0 671 0
1 1635 0 1 190 1 1635 0
1 1462 495 2 190 0 1218 495 315 1 244 0
1 1635 0 1 315 1 1635 0
1 1541 269 2 315 0 540 269 62 1 1001 0
1 1538 278 3 62 0 411 157 859 0 1080 120 484 1 47 1
1 1635 0 1 484 1 1635 0
1 1635 0 1 484 1 1635 0
0 1480 445 2 484 0 694 445 473 0 786 0
1 1635 0 1 473 1 1635 0
0 1495 402 2 473 0 1196 402 968 0 299 0
1 1635 0 1 968 1 1635 0
1 1635 0 1 968 1 1635 0
1 1480 444 2 968 0 425 444 1191 1 1055 0
0 1581 156 1 1191 0 1581 156
1 1635 0 1 2 1 1635 0
1 1635 0 1 671 1 1635 0
0 1565 202 2 1016 0 258 201 607 0 1307 1
0 1470 474 3 424 0 385 360 984 0 1017 113 361 0 68 1
0 1506 371 2 243 0 931 371 25 0 575 0
1 1635 0 1 995 1 1635 0
-1
40 54
0 1549 116 2 106 0 1035 115 645 0 514 1
0 1443 420 2 645 0 1404 419 1057 0 39 1
0 1492 279 1 1057 0 1492 279
1 1589 0 1 677 1 1589 0
1 1589 0 1 1028 1 1589 0
1 1589 0 1 1074 1 1589 0
0 1537 150 2 54 0 1207 150 386 0 330 0
0 1451 397 2 386 0 1372 396 673 0 79 1
1 1589 0 1 121 1 1589 0
1 1589 0 1 904 1 1589 0
1 1589 0 1 965 1 1589 0
1 1589 0 1 53 1 1589 0
1 1589 0 1 811 1 1589 0
1 1435 441 2 811 0 343 441 89 1 1092 0
1 1589 0 1 105 1 1589 0
0 1528 176 1 838 0 1528 176
1 1589 0 1 329 1 1589 0
1 1589 0 1 633 1 1589 0
1 1589 0 1 840 1 1589 0
1 1517 206 2 546 0 198 206 1138 1 1319 0
0 1435 442 2 1138 0 796 442 334 0 639 0
0 1544 130 2 510 0 427 129 946 0 1117 1
0 1449 402 2 946 0 648 402 851 0 801 0
0 1547 122 2 162 0 258 122 279 0 1289 0
0 1418 491 3 279 0 251 378 1008 0 1008 112 1006 0 159 1
1 1589 0 1 1006 1 1589 0
1 1589 0 1 166 1 1589 0
1 1589 0 1 1164 1 1589 0
1 1416 495 2 1164 0 249 495 259 1 1167 0
1 1589 0 1 1005 1 1589 0
1 1589 0 1 347 1 1589 0
1 1589 0 1 1001 1 1589 0
0 1418 491 2 1001 0 887 491 21 0 531 0
1 1589 0 1 21 1 1589 0
0 1507 236 2 376 0 757 236 1032 0 750 0
1 1438 432 2 1032 0 1276 432 656 1 162 0
0 1473 334 2 656 0 981 334 344 0 492 0
1 1589 0 1 344 1 1589 0
1 1589 0 1 1175 1 1589 0
0 1499 259 2 123 0 721 259 854 0 778 0
0 1439 431 2 854 0 1230 430 1141 0 209 1
1 1589 0 1 1141 1 1589 0
1 1510 226 2 470 0 587 226 988 1 923 0
1 1466 352 2 988 0 382 352 427 1 1084 0
1 1502 249 3 499 0 344 134 869 0 1035 115 196 1 123 0
1 1589 0 1 8 1 1589 0
0 1432 451 2 8 0 388 451 554 0 1044 0
1 1589 0 1 71 1 1589 0
1 1321 767 3 71 0 279 450 978 0 38 317 1027 1 1004 0
1 1402 535 3 1027 0 139 371 125 0 576 164 588 1 687 0
1 1589 0 1 134 1 1589 0
1 1589 0 1 628 1 1589 0
0 1441 425 3 628 0 0 48 749 0 310 376 418 0 1131 1
1 1589 0 1 355 1 1589 0
-1
