1 35
1 669 1 1 160 1 669 1
1 669 1 1 160 1 669 1
0 615 461 2 160 0 610 461 182 0 5 0
1 669 1 1 182 1 669 1
2 628 345 2 182 0 98 344 108 2 530 1
1 669 1 1 108 1 669 1
1 669 1 1 81 1 669 1
1 669 1 1 81 1 669 1
1 669 1 1 149 1 669 1
1 669 1 1 149 1 669 1
1 669 1 1 150 1 669 1
1 669 1 1 109 1 669 1
1 669 1 1 134 1 669 1
1 669 1 1 134 1 669 1
1 669 1 1 17 1 669 1
1 669 1 1 17 1 669 1
1 669 1 1 17 1 669 1
1 669 1 1 103 1 669 1
1 669 1 1 136 1 669 1
1 669 1 1 136 1 669 1
0 575 799 3 136 0 408 377 197 0 95 422 4 0 72 0
2 655 116 2 4 0 224 115 72 2 431 1
0 641 241 2 183 0 621 240 111 0 20 1
1 669 1 1 111 1 669 1
1 669 1 1 111 1 669 1
1 669 1 1 148 1 669 1
0 621 410 2 148 0 349 408 164 0 272 2
1 669 1 1 164 1 669 1
1 669 1 1 164 1 669 1
1 669 1 1 13 1 669 1
1 669 1 1 195 1 669 1
1 669 1 1 176 1 669 1
1 669 1 1 51 1 669 1
1 669 1 1 51 1 669 1
1 669 1 1 157 1 669 1
-1
2 28
2 725 1 1 74 2 725 1
2 725 1 1 144 2 725 1
2 725 1 1 30 2 725 1
2 725 1 1 138 2 725 1
2 725 1 1 138 2 725 1
2 725 1 1 139 2 725 1
2 725 1 1 139 2 725 1
1 707 156 2 159 0 204 156 19 1 503 0
2 725 1 1 115 2 725 1
0 713 109 2 49 0 136 108 63 0 577 1
2 672 449 2 63 0 652 449 87 2 20 0
0 708 151 2 87 0 3 151 65 0 705 0
2 725 1 1 189 2 725 1
2 725 1 1 118 2 725 1
2 725 1 1 34 2 725 1
1 674 436 2 107 0 318 435 80 1 356 1
0 687 329 2 80 0 356 328 188 0 331 1
2 725 1 1 121 2 725 1
1 684 351 2 54 0 307 351 86 1 377 0
2 725 1 1 161 2 725 1
2 725 1 1 47 2 725 1
2 725 1 1 170 2 725 1
0 696 253 2 170 0 198 250 90 0 498 3
2 725 1 1 21 2 725 1
2 725 1 1 40 2 725 1
2 725 1 1 40 2 725 1
2 725 1 1 12 2 725 1
2 669 475 2 185 0 303 475 2 2 366 0
-1
3 35
0 768 1 1 27 0 768 1
0 768 1 1 147 0 768 1
0 768 1 1 147 0 768 1
0 768 1 1 117 0 768 1
0 768 1 1 125 0 768 1
0 768 1 1 7 0 768 1
0 768 1 1 7 0 768 1
0 768 1 1 69 0 768 1
0 768 1 1 193 0 768 1
0 768 1 1 83 0 768 1
2 711 477 2 83 0 291 476 35 2 420 1
0 768 1 1 57 0 768 1
0 760 69 1 42 0 760 69
0 748 170 2 142 0 658 169 187 0 90 1
0 768 1 1 187 0 768 1
0 768 1 1 151 0 768 1
0 768 1 1 32 0 768 1
0 768 1 1 178 0 768 1
2 722 384 2 178 0 447 384 161 2 275 0
0 768 1 1 43 0 768 1
0 768 1 1 192 0 768 1
0 768 1 1 192 0 768 1
1 722 387 2 90 0 541 385 53 1 181 2
0 755 111 2 10 0 119 109 6 0 636 2
1 728 336 2 6 0 688 335 102 1 40 1
0 728 339 3 102 0 50 199 133 0 388 140 185 0 290 0
0 768 1 1 185 0 768 1
0 768 1 1 199 0 768 1
0 719 416 2 199 0 717 414 2 0 2 2
1 722 387 2 2 0 88 387 15 1 634 0
0 768 1 1 15 0 768 1
0 768 1 1 16 0 768 1
0 768 1 1 41 0 768 1
0 768 1 1 116 0 768 1
0 768 1 1 116 0 768 1
-1
4 24
0 712 2 1 135 0 712 2
0 712 2 1 135 0 712 2
0 712 2 1 127 0 712 2
0 712 2 1 174 0 712 2
2 666 385 2 174 0 160 384 93 2 506 1
1 678 286 2 93 0 288 285 129 1 390 1
0 712 2 1 129 0 712 2
0 712 2 1 186 0 712 2
0 712 2 1 153 0 712 2
0 712 2 1 177 0 712 2
0 712 2 1 63 0 712 2
0 712 2 1 28 0 712 2
0 712 2 1 140 0 712 2
0 712 2 1 140 0 712 2
0 712 2 1 59 0 712 2
0 712 2 1 107 0 712 2
0 712 2 1 188 0 712 2
0 712 2 1 121 0 712 2
0 712 2 1 54 0 712 2
2 673 326 2 86 0 123 326 197 2 550 0
0 712 2 1 197 0 712 2
1 664 405 2 47 0 494 405 168 1 170 0
1 682 253 2 168 0 328 253 183 1 354 0
0 712 2 1 20 0 712 2
-1
5 34
2 1166 0 1 27 2 1166 0
2 1166 0 1 27 2 1166 0
2 1166 0 1 147 2 1166 0
1 1117 418 2 147 0 87 416 117 1 1030 2
2 1166 0 1 117 2 1166 0
1 1153 113 2 125 0 56 112 141 1 1097 1
2 1166 0 1 7 2 1166 0
2 1111 466 2 7 0 523 466 69 2 588 0
2 1128 322 2 69 0 999 321 193 2 129 1
0 1146 176 2 193 0 153 175 83 0 993 1
2 1166 0 1 83 2 1166 0
2 1166 0 1 35 2 1166 0
1 1152 122 2 57 0 78 120 42 1 1074 2
0 1100 565 3 42 0 0 193 71 0 760 370 142 0 340 2
2 1166 0 1 187 2 1166 0
2 1166 0 1 187 2 1166 0
0 1149 150 2 151 0 217 148 80 0 932 2
2 1166 0 1 32 2 1166 0
2 1166 0 1 178 2 1166 0
2 1166 0 1 161 2 1166 0
0 1125 353 2 43 0 1006 353 192 0 119 0
2 1166 0 1 192 2 1166 0
2 1108 491 2 192 0 532 491 90 2 576 0
1 1151 130 2 53 0 1006 130 21 1 145 0
2 1166 0 1 6 2 1166 0
2 1166 0 1 102 2 1166 0
2 1166 0 1 185 2 1166 0
2 1166 0 1 185 2 1166 0
2 1166 0 1 199 2 1166 0
2 1166 0 1 2 2 1166 0
2 1166 0 1 15 2 1166 0
2 1117 415 2 15 0 632 415 16 2 485 0
2 1166 0 1 41 2 1166 0
2 1166 0 1 41 2 1166 0
-1
6 35
0 757 2 1 160 0 757 2
0 757 2 1 160 0 757 2
0 757 2 1 160 0 757 2
0 757 2 1 182 0 757 2
0 757 2 1 182 0 757 2
0 757 2 1 108 0 757 2
1 731 219 2 108 0 48 219 81 1 683 0
0 757 2 1 81 0 757 2
0 720 315 2 81 0 81 314 149 0 639 1
0 757 2 1 149 0 757 2
2 717 334 2 149 0 315 334 150 2 402 0
0 757 2 1 150 0 757 2
2 743 114 2 109 0 365 114 134 2 378 0
0 757 2 1 134 0 757 2
0 757 2 1 134 0 757 2
0 757 2 1 17 0 757 2
0 757 2 1 17 0 757 2
1 709 405 2 17 0 166 403 103 1 543 2
1 734 193 2 103 0 550 193 136 1 184 0
0 757 2 1 136 0 757 2
0 757 2 1 136 0 757 2
0 757 2 1 4 0 757 2
0 717 340 2 72 0 212 340 183 0 505 0
0 757 2 1 111 0 757 2
0 757 2 1 111 0 757 2
0 757 2 1 111 0 757 2
0 757 2 1 148 0 757 2
0 757 2 1 164 0 757 2
0 757 2 1 164 0 757 2
0 714 366 2 164 0 60 364 13 0 654 2
0 731 222 2 13 0 511 220 195 0 220 2
2 722 292 2 195 0 462 290 176 2 260 2
2 741 131 2 176 0 274 131 51 2 467 0
0 757 2 1 51 0 757 2
0 699 493 2 51 0 290 491 157 0 409 2
-1
7 34
0 709 0 1 26 0 709 0
0 691 153 2 26 0 83 152 126 0 608 1
0 709 0 1 76 0 709 0
0 709 0 1 76 0 709 0
1 669 336 2 76 0 392 336 182 1 277 0
0 709 0 1 152 0 709 0
0 709 0 1 119 0 709 0
0 693 136 1 171 0 693 136
0 709 0 1 200 0 709 0
0 709 0 1 200 0 709 0
2 653 468 2 200 0 303 467 150 2 350 1
2 665 366 2 150 0 562 365 65 2 103 1
0 709 0 1 71 0 709 0
0 709 0 1 71 0 709 0
0 709 0 1 134 0 709 0
0 709 0 1 196 0 709 0
0 709 0 1 196 0 709 0
0 709 0 1 196 0 709 0
1 654 463 2 196 0 303 462 60 1 351 1
0 709 0 1 60 0 709 0
0 709 0 1 60 0 709 0
0 709 0 1 72 0 709 0
0 709 0 1 122 0 709 0
0 709 0 1 122 0 709 0
0 709 0 1 122 0 709 0
0 651 491 2 111 0 571 489 148 0 80 2
0 709 0 1 148 0 709 0
0 709 0 1 22 0 709 0
0 709 0 1 70 0 709 0
0 709 0 1 97 0 709 0
0 709 0 1 195 0 709 0
0 709 0 1 156 0 709 0
1 671 319 2 16 0 198 319 25 1 473 0
0 709 0 1 25 0 709 0
-1
8 28
0 1320 119 2 74 0 344 118 144 0 976 1
0 1304 254 2 144 0 583 252 30 0 721 2
1 1299 293 2 30 0 1216 293 138 1 83 0
0 1334 0 1 138 0 1334 0
2 1293 341 2 138 0 206 340 139 2 1087 1
0 1334 0 1 139 0 1334 0
1 1282 437 2 139 0 74 436 159 1 1208 1
0 1314 169 2 19 0 999 167 115 0 315 2
1 1314 166 2 115 0 461 164 49 1 853 2
0 1334 0 1 63 0 1334 0
0 1334 0 1 87 0 1334 0
1 1309 209 2 65 0 504 209 28 1 805 0
0 1322 102 2 189 0 200 102 118 0 1122 0
0 1305 246 1 118 0 1305 246
2 1319 121 2 34 0 362 120 107 2 957 1
0 1334 0 1 80 0 1334 0
0 1334 0 1 188 0 1334 0
1 1252 691 3 121 0 218 344 32 0 646 346 54 1 388 1
0 1334 0 1 86 0 1334 0
0 1300 288 2 161 0 429 288 43 0 871 0
0 1334 0 1 47 0 1334 0
0 1334 0 1 170 0 1334 0
0 1334 0 1 90 0 1334 0
2 1309 206 2 21 0 981 205 10 2 328 1
0 1334 0 1 40 0 1334 0
1 1283 429 2 40 0 412 429 133 1 871 0
0 1308 220 2 12 0 1244 218 185 0 64 2
0 1334 0 1 2 0 1334 0
-1
9 38
0 1255 0 1 124 0 1255 0
0 1255 0 1 124 0 1255 0
0 1207 406 2 124 0 178 406 173 0 1029 0
0 1255 0 1 66 0 1255 0
0 1255 0 1 66 0 1255 0
0 1255 0 1 158 0 1255 0
1 1237 149 2 94 0 1063 147 171 1 174 2
0 1255 0 1 79 0 1255 0
0 1255 0 1 79 0 1255 0
0 1197 490 2 79 0 925 489 200 0 272 1
0 1255 0 1 101 0 1255 0
1 1226 242 2 101 0 440 242 163 1 786 0
0 1234 177 2 163 0 314 176 48 0 920 1
0 1255 0 1 48 0 1255 0
1 1219 301 2 48 0 0 301 52 1 1219 0
0 1227 236 2 52 0 412 235 61 0 815 1
0 1255 0 1 61 0 1255 0
1 1205 419 2 61 0 744 419 46 1 461 0
0 1255 0 1 46 0 1255 0
2 1215 332 2 46 0 296 331 110 2 919 1
0 1255 0 1 110 0 1255 0
2 1201 450 2 110 0 908 449 72 2 293 1
0 1243 101 2 29 0 900 100 154 0 343 1
0 1255 0 1 154 0 1255 0
1 1218 309 2 154 0 226 309 73 1 992 0
0 1255 0 1 73 0 1255 0
1 1205 419 2 73 0 548 418 22 1 657 1
2 1214 340 2 22 0 634 339 9 2 580 1
0 1255 0 1 9 0 1255 0
0 1255 0 1 9 0 1255 0
0 1255 0 1 123 0 1255 0
0 1201 456 3 123 0 49 230 156 0 731 224 16 0 421 2
0 1255 0 1 25 0 1255 0
1 1200 462 2 25 0 85 462 51 1 1115 0
0 1255 0 1 37 0 1255 0
0 1255 0 1 37 0 1255 0
0 1255 0 1 75 0 1255 0
1 1225 250 3 75 0 0 29 157 0 919 219 85 1 306 2
-1
10 24
0 1126 3 1 135 0 1126 3
1 1074 439 2 135 0 88 437 127 1 986 2
0 1092 290 2 127 0 268 290 174 0 824 0
0 1126 3 1 174 0 1126 3
0 1126 3 1 93 0 1126 3
0 1126 3 1 129 0 1126 3
0 1073 451 2 129 0 517 450 186 0 556 1
0 1126 3 1 153 0 1126 3
0 1126 3 1 177 0 1126 3
1 1107 160 2 55 0 985 159 63 1 122 1
0 1126 3 1 28 0 1126 3
2 1075 428 2 28 0 565 427 140 2 510 1
0 1126 3 1 140 0 1126 3
1 1107 160 2 118 0 0 158 59 1 1107 2
0 1126 3 1 107 0 1126 3
0 1126 3 1 188 0 1126 3
1 1068 490 2 188 0 264 488 121 1 804 2
0 1126 3 1 54 0 1126 3
0 1126 3 1 86 0 1126 3
0 1126 3 1 197 0 1126 3
0 1126 3 1 47 0 1126 3
0 1126 3 1 168 0 1126 3
0 1126 3 1 20 0 1126 3
2 1081 377 2 20 0 921 377 164 2 160 0
-1
11 25
0 697 2 1 135 0 697 2
0 697 2 1 135 0 697 2
0 697 2 1 127 0 697 2
0 697 2 1 174 0 697 2
0 697 2 1 93 0 697 2
0 697 2 1 129 0 697 2
0 697 2 1 129 0 697 2
0 680 146 2 186 0 64 145 153 0 616 1
0 662 298 2 153 0 282 298 177 0 380 0
2 665 266 2 177 0 212 265 55 2 453 1
0 697 2 1 63 0 697 2
0 697 2 1 28 0 697 2
0 697 2 1 140 0 697 2
0 647 425 2 140 0 156 425 118 0 491 0
1 667 253 2 59 0 475 251 107 1 192 2
0 697 2 1 107 0 697 2
0 697 2 1 188 0 697 2
0 697 2 1 121 0 697 2
0 697 2 1 54 0 697 2
0 697 2 1 197 0 697 2
0 697 2 1 197 0 697 2
0 697 2 1 168 0 697 2
0 697 2 1 183 0 697 2
0 697 2 1 20 0 697 2
0 697 2 1 40 0 697 2
-1
12 35
1 549 1 1 27 1 549 1
2 500 412 2 27 0 63 411 147 2 437 1
1 549 1 1 147 1 549 1
1 549 1 1 117 1 549 1
2 499 421 2 117 0 308 421 125 2 191 0
0 534 131 2 141 0 90 131 7 0 444 0
1 549 1 1 7 1 549 1
1 549 1 1 69 1 549 1
1 549 1 1 193 1 549 1
1 549 1 1 83 1 549 1
1 549 1 1 83 1 549 1
0 525 207 2 35 0 273 206 57 0 252 1
1 549 1 1 42 1 549 1
1 549 1 1 142 1 549 1
1 549 1 1 187 1 549 1
2 498 429 2 187 0 144 429 151 2 354 0
1 549 1 1 32 1 549 1
1 549 1 1 178 1 549 1
1 549 1 1 178 1 549 1
1 549 1 1 43 1 549 1
1 549 1 1 192 1 549 1
1 549 1 1 192 1 549 1
1 549 1 1 90 1 549 1
1 549 1 1 10 1 549 1
1 549 1 1 6 1 549 1
1 549 1 1 102 1 549 1
1 549 1 1 185 1 549 1
1 549 1 1 199 1 549 1
1 549 1 1 199 1 549 1
1 549 1 1 2 1 549 1
1 549 1 1 15 1 549 1
1 549 1 1 16 1 549 1
1 549 1 1 41 1 549 1
0 497 444 2 41 0 342 442 116 0 155 2
1 549 1 1 116 1 549 1
-1
13 40
2 481 0 1 124 2 481 0
2 481 0 1 124 2 481 0
2 464 144 2 173 0 267 144 66 2 197 0
2 481 0 1 66 2 481 0
1 439 359 2 66 0 39 359 158 1 400 0
1 457 206 2 158 0 180 204 94 1 277 2
2 481 0 1 171 2 481 0
2 481 0 1 79 2 481 0
2 481 0 1 79 2 481 0
2 481 0 1 200 2 481 0
2 481 0 1 101 2 481 0
2 481 0 1 163 2 481 0
2 481 0 1 48 2 481 0
2 481 0 1 48 2 481 0
2 481 0 1 52 2 481 0
2 481 0 1 61 2 481 0
2 481 0 1 61 2 481 0
2 481 0 1 46 2 481 0
2 481 0 1 46 2 481 0
2 481 0 1 110 2 481 0
2 481 0 1 110 2 481 0
2 481 0 1 72 2 481 0
2 481 0 1 154 2 481 0
2 481 0 1 154 2 481 0
2 481 0 1 73 2 481 0
2 481 0 1 73 2 481 0
2 481 0 1 22 2 481 0
2 481 0 1 9 2 481 0
2 481 0 1 9 2 481 0
2 426 466 2 9 0 127 464 123 2 299 2
2 481 0 1 123 2 481 0
2 481 0 1 16 2 481 0
2 481 0 1 25 2 481 0
2 481 0 1 51 2 481 0
2 481 0 1 37 2 481 0
1 440 350 2 37 0 139 348 75 1 301 2
0 459 193 1 75 0 459 193
2 481 0 1 85 2 481 0
2 481 0 1 85 2 481 0
2 481 0 1 85 2 481 0
-1
14 49
0 643 1 1 100 0 643 1
0 643 1 1 100 0 643 1
0 643 1 1 100 0 643 1
0 643 1 1 100 0 643 1
0 643 1 1 100 0 643 1
0 595 407 2 100 0 484 406 44 0 111 1
0 643 1 1 44 0 643 1
0 643 1 1 44 0 643 1
0 643 1 1 44 0 643 1
0 643 1 1 44 0 643 1
1 603 336 2 44 0 368 334 11 1 235 2
0 643 1 1 11 0 643 1
1 629 116 2 11 0 183 115 45 1 446 1
0 643 1 1 45 0 643 1
0 643 1 1 45 0 643 1
0 643 1 1 45 0 643 1
0 643 1 1 45 0 643 1
1 601 353 2 45 0 194 352 113 1 407 1
0 643 1 1 113 0 643 1
0 643 1 1 113 0 643 1
0 643 1 1 113 0 643 1
0 643 1 1 113 0 643 1
0 643 1 1 113 0 643 1
0 594 416 2 113 0 157 414 70 0 437 2
0 643 1 1 70 0 643 1
0 643 1 1 70 0 643 1
0 643 1 1 70 0 643 1
0 643 1 1 70 0 643 1
0 643 1 1 105 0 643 1
0 643 1 1 105 0 643 1
0 624 162 2 105 0 172 160 104 0 452 2
0 643 1 1 104 0 643 1
0 643 1 1 104 0 643 1
0 643 1 1 104 0 643 1
0 643 1 1 104 0 643 1
0 643 1 1 104 0 643 1
2 590 443 2 104 0 374 442 167 2 216 1
0 643 1 1 167 0 643 1
0 643 1 1 167 0 643 1
0 643 1 1 167 0 643 1
0 643 1 1 167 0 643 1
0 605 323 2 167 0 153 322 145 0 452 1
0 643 1 1 145 0 643 1
0 643 1 1 145 0 643 1
0 643 1 1 145 0 643 1
0 643 1 1 145 0 643 1
0 601 356 2 145 0 225 356 114 0 376 0
0 643 1 1 114 0 643 1
0 142 128 1 114 0 142 128
-1
15 34
1 584 1 1 26 1 584 1
0 570 123 2 126 0 508 123 76 0 62 0
1 584 1 1 76 1 584 1
1 584 1 1 76 1 584 1
1 584 1 1 182 1 584 1
1 571 111 2 152 0 272 109 119 1 299 2
1 564 170 2 119 0 539 170 171 1 25 0
2 582 15 2 171 0 0 15 200 2 582 0
1 584 1 1 200 1 584 1
1 584 1 1 200 1 584 1
1 584 1 1 150 1 584 1
1 584 1 1 65 1 584 1
1 584 1 1 71 1 584 1
1 584 1 1 71 1 584 1
0 521 537 2 134 0 26 435 48 0 495 102
1 584 1 1 196 1 584 1
1 584 1 1 196 1 584 1
1 584 1 1 196 1 584 1
1 584 1 1 60 1 584 1
1 584 1 1 60 1 584 1
0 544 343 2 60 0 174 343 72 0 370 0
1 584 1 1 72 1 584 1
1 584 1 1 122 1 584 1
1 584 1 1 122 1 584 1
0 538 393 2 122 0 240 391 111 0 298 2
1 584 1 1 148 1 584 1
1 584 1 1 148 1 584 1
1 584 1 1 22 1 584 1
0 531 453 2 70 0 386 450 97 0 145 3
1 568 136 2 97 0 397 136 13 1 171 0
1 584 1 1 195 1 584 1
1 584 1 1 156 1 584 1
1 584 1 1 25 1 584 1
1 584 1 1 25 1 584 1
-1
