1 54
30 196 0 1 826 30 196 0
30 196 0 1 178 30 196 0
30 196 0 1 178 30 196 0
30 196 0 1 990 30 196 0
30 196 0 1 756 30 196 0
30 196 0 1 901 30 196 0
30 196 0 1 1076 30 196 0
30 196 0 1 1076 30 196 0
30 196 0 1 744 30 196 0
30 196 0 1 548 30 196 0
30 196 0 1 1102 30 196 0
30 196 0 1 280 30 196 0
30 196 0 1 1096 30 196 0
30 196 0 1 1096 30 196 0
30 196 0 1 567 30 196 0
30 196 0 1 771 30 196 0
30 196 0 1 771 30 196 0
30 196 0 1 150 30 196 0
30 196 0 1 1033 30 196 0
30 196 0 1 745 30 196 0
30 196 0 1 553 30 196 0
30 196 0 1 1064 30 196 0
30 196 0 1 1044 30 196 0
30 196 0 1 1044 30 196 0
30 196 0 1 952 30 196 0
30 196 0 1 140 30 196 0
30 196 0 1 643 30 196 0
30 196 0 1 1142 30 196 0
30 196 0 1 1142 30 196 0
30 196 0 1 1110 30 196 0
30 196 0 1 106 30 196 0
30 196 0 1 61 30 196 0
30 196 0 1 62 30 196 0
30 196 0 1 92 30 196 0
30 196 0 1 31 30 196 0
30 196 0 1 708 30 196 0
30 87 1090 2 708 0 0 1090 502 30 87 0
30 196 0 1 98 30 196 0
30 196 0 1 98 30 196 0
30 196 0 1 828 30 196 0
30 196 0 1 689 30 196 0
30 196 0 1 265 30 196 0
30 196 0 1 714 30 196 0
30 196 0 1 1026 30 196 0
30 196 0 1 1020 30 196 0
30 196 0 1 1020 30 196 0
30 196 0 1 458 30 196 0
30 196 0 1 285 30 196 0
15 104 923 2 285 0 0 923 88 15 104 0
30 196 0 1 88 30 196 0
30 196 0 1 1158 30 196 0
30 196 0 1 1035 30 196 0
30 196 0 1 183 30 196 0
30 196 0 1 1050 30 196 0
-1
2 56
20 103 0 1 826 20 103 0
20 103 0 1 178 20 103 0
20 103 0 1 178 20 103 0
20 103 0 1 990 20 103 0
20 103 0 1 756 20 103 0
20 103 0 1 901 20 103 0
20 103 0 1 1076 20 103 0
20 103 0 1 1076 20 103 0
20 103 0 1 744 20 103 0
20 103 0 1 548 20 103 0
20 103 0 1 1102 20 103 0
20 103 0 1 280 20 103 0
20 103 0 1 280 20 103 0
20 103 0 1 1096 20 103 0
20 103 0 1 567 20 103 0
20 103 0 1 771 20 103 0
20 103 0 1 771 20 103 0
20 103 0 1 150 20 103 0
20 103 0 1 1033 20 103 0
20 103 0 1 745 20 103 0
20 103 0 1 553 20 103 0
20 103 0 1 1064 20 103 0
20 103 0 1 1064 20 103 0
20 103 0 1 1044 20 103 0
20 103 0 1 952 20 103 0
20 103 0 1 140 20 103 0
20 103 0 1 643 20 103 0
20 103 0 1 643 20 103 0
20 103 0 1 1142 20 103 0
20 103 0 1 1110 20 103 0
20 103 0 1 106 20 103 0
20 103 0 1 61 20 103 0
20 103 0 1 62 20 103 0
20 103 0 1 92 20 103 0
20 103 0 1 31 20 103 0
20 103 0 1 708 20 103 0
20 103 0 1 708 20 103 0
20 103 0 1 502 20 103 0
20 103 0 1 98 20 103 0
20 103 0 1 828 20 103 0
20 103 0 1 689 20 103 0
20 103 0 1 265 20 103 0
20 103 0 1 714 20 103 0
20 103 0 1 1026 20 103 0
20 103 0 1 1020 20 103 0
20 103 0 1 1020 20 103 0
20 103 0 1 458 20 103 0
20 103 0 1 285 20 103 0
20 103 0 1 285 20 103 0
20 103 0 1 88 20 103 0
20 103 0 1 1158 20 103 0
20 103 0 1 1035 20 103 0
20 103 0 1 1035 20 103 0
20 103 0 1 1050 20 103 0
20 103 0 1 1050 20 103 0
20 103 0 1 268 20 103 0
-1
3 55
40 105 0 1 826 40 105 0
40 105 0 1 178 40 105 0
40 105 0 1 990 40 105 0
40 105 0 1 990 40 105 0
0 86 198 1 756 0 86 198
40 105 0 1 901 40 105 0
40 105 0 1 1076 40 105 0
40 105 0 1 744 40 105 0
40 105 0 1 548 40 105 0
5 82 237 2 548 0 0 237 1102 5 82 0
40 105 0 1 1102 40 105 0
40 105 0 1 280 40 105 0
40 105 0 1 1096 40 105 0
40 105 0 1 567 40 105 0
40 105 0 1 567 40 105 0
40 105 0 1 771 40 105 0
40 105 0 1 150 40 105 0
0 42 638 1 150 0 42 638
40 105 0 1 745 40 105 0
40 105 0 1 745 40 105 0
40 105 0 1 553 40 105 0
40 105 0 1 1064 40 105 0
40 105 0 1 1044 40 105 0
40 105 0 1 952 40 105 0
40 105 0 1 952 40 105 0
40 105 0 1 140 40 105 0
40 105 0 1 643 40 105 0
40 105 0 1 1142 40 105 0
40 105 0 1 1110 40 105 0
40 105 0 1 106 40 105 0
40 105 0 1 61 40 105 0
40 105 0 1 62 40 105 0
40 105 0 1 92 40 105 0
40 105 0 1 92 40 105 0
40 105 0 1 31 40 105 0
40 105 0 1 708 40 105 0
40 105 0 1 502 40 105 0
40 105 0 1 98 40 105 0
40 105 0 1 828 40 105 0
40 105 0 1 689 40 105 0
40 105 0 1 265 40 105 0
40 105 0 1 714 40 105 0
40 105 0 1 714 40 105 0
40 105 0 1 1026 40 105 0
40 105 0 1 1020 40 105 0
40 105 0 1 458 40 105 0
10 18 876 2 458 0 0 876 285 10 18 0
40 105 0 1 285 40 105 0
40 105 0 1 88 40 105 0
40 105 0 1 1158 40 105 0
40 105 0 1 1035 40 105 0
40 105 0 1 1035 40 105 0
40 105 0 1 183 40 105 0
40 105 0 1 1050 40 105 0
40 105 0 1 268 40 105 0
-1
4 55
40 267 0 1 826 40 267 0
40 267 0 1 826 40 267 0
40 267 0 1 178 40 267 0
40 267 0 1 990 40 267 0
40 267 0 1 990 40 267 0
40 267 0 1 901 40 267 0
40 267 0 1 901 40 267 0
40 267 0 1 1076 40 267 0
40 267 0 1 744 40 267 0
40 267 0 1 548 40 267 0
40 267 0 1 1102 40 267 0
40 267 0 1 1102 40 267 0
40 267 0 1 280 40 267 0
40 267 0 1 1096 40 267 0
40 267 0 1 567 40 267 0
40 267 0 1 567 40 267 0
40 267 0 1 771 40 267 0
40 267 0 1 150 40 267 0
40 267 0 1 1033 40 267 0
40 267 0 1 745 40 267 0
40 267 0 1 745 40 267 0
40 267 0 1 553 40 267 0
40 267 0 1 1064 40 267 0
40 267 0 1 1044 40 267 0
40 267 0 1 952 40 267 0
0 175 928 1 952 0 175 928
0 245 228 1 140 0 245 228
40 267 0 1 643 40 267 0
40 267 0 1 1142 40 267 0
40 267 0 1 1110 40 267 0
40 267 0 1 106 40 267 0
40 267 0 1 61 40 267 0
40 267 0 1 62 40 267 0
40 267 0 1 92 40 267 0
40 267 0 1 92 40 267 0
5 224 437 2 31 0 0 437 708 5 224 0
40 267 0 1 708 40 267 0
40 267 0 1 502 40 267 0
40 267 0 1 98 40 267 0
40 267 0 1 828 40 267 0
40 267 0 1 689 40 267 0
40 267 0 1 265 40 267 0
40 267 0 1 714 40 267 0
40 267 0 1 714 40 267 0
40 267 0 1 1026 40 267 0
40 267 0 1 1020 40 267 0
40 267 0 1 458 40 267 0
40 267 0 1 285 40 267 0
40 267 0 1 285 40 267 0
40 267 0 1 88 40 267 0
40 267 0 1 1158 40 267 0
40 267 0 1 1035 40 267 0
40 267 0 1 1035 40 267 0
40 267 0 1 183 40 267 0
40 267 0 1 1050 40 267 0
-1
5 56
40 188 0 1 826 40 188 0
40 188 0 1 178 40 188 0
40 188 0 1 990 40 188 0
40 188 0 1 990 40 188 0
40 188 0 1 756 40 188 0
40 188 0 1 901 40 188 0
40 188 0 1 1076 40 188 0
40 188 0 1 744 40 188 0
40 188 0 1 548 40 188 0
40 188 0 1 548 40 188 0
40 188 0 1 1102 40 188 0
40 188 0 1 280 40 188 0
40 188 0 1 1096 40 188 0
40 188 0 1 1096 40 188 0
40 188 0 1 567 40 188 0
40 188 0 1 771 40 188 0
40 188 0 1 150 40 188 0
40 188 0 1 150 40 188 0
40 188 0 1 1033 40 188 0
40 188 0 1 745 40 188 0
40 188 0 1 553 40 188 0
40 188 0 1 1064 40 188 0
40 188 0 1 1044 40 188 0
40 188 0 1 952 40 188 0
40 188 0 1 952 40 188 0
40 188 0 1 140 40 188 0
40 188 0 1 643 40 188 0
40 188 0 1 1142 40 188 0
40 188 0 1 1142 40 188 0
40 188 0 1 106 40 188 0
40 188 0 1 61 40 188 0
40 188 0 1 62 40 188 0
40 188 0 1 92 40 188 0
40 188 0 1 92 40 188 0
40 188 0 1 31 40 188 0
40 188 0 1 708 40 188 0
40 188 0 1 502 40 188 0
40 188 0 1 98 40 188 0
40 188 0 1 828 40 188 0
40 188 0 1 828 40 188 0
40 188 0 1 689 40 188 0
40 188 0 1 265 40 188 0
40 188 0 1 714 40 188 0
40 188 0 1 1026 40 188 0
40 188 0 1 1020 40 188 0
40 188 0 1 458 40 188 0
40 188 0 1 458 40 188 0
40 188 0 1 285 40 188 0
40 188 0 1 88 40 188 0
0 180 88 1 88 0 180 88
40 188 0 1 1158 40 188 0
40 188 0 1 1035 40 188 0
40 188 0 1 183 40 188 0
40 188 0 1 1050 40 188 0
40 188 0 1 268 40 188 0
40 188 0 1 268 40 188 0
-1
6 54
40 161 0 1 826 40 161 0
40 161 0 1 178 40 161 0
40 161 0 1 990 40 161 0
40 161 0 1 990 40 161 0
40 161 0 1 756 40 161 0
40 161 0 1 901 40 161 0
40 161 0 1 1076 40 161 0
5 12 1497 2 1076 0 2 1497 744 5 10 0
40 161 0 1 548 40 161 0
40 161 0 1 548 40 161 0
40 161 0 1 1102 40 161 0
40 161 0 1 280 40 161 0
40 161 0 1 1096 40 161 0
40 161 0 1 1096 40 161 0
40 161 0 1 567 40 161 0
40 161 0 1 771 40 161 0
15 151 105 2 771 0 0 105 150 15 151 0
40 161 0 1 150 40 161 0
40 161 0 1 1033 40 161 0
40 161 0 1 745 40 161 0
40 161 0 1 553 40 161 0
40 161 0 1 1064 40 161 0
40 161 0 1 1044 40 161 0
40 161 0 1 952 40 161 0
40 161 0 1 952 40 161 0
40 161 0 1 140 40 161 0
40 161 0 1 643 40 161 0
40 161 0 1 1142 40 161 0
40 161 0 1 1142 40 161 0
40 161 0 1 106 40 161 0
40 161 0 1 61 40 161 0
15 56 1055 2 61 0 25 1055 62 15 31 0
40 161 0 1 62 40 161 0
40 161 0 1 92 40 161 0
40 161 0 1 31 40 161 0
40 161 0 1 708 40 161 0
40 161 0 1 502 40 161 0
40 161 0 1 98 40 161 0
40 161 0 1 828 40 161 0
40 161 0 1 828 40 161 0
40 161 0 1 689 40 161 0
40 161 0 1 265 40 161 0
40 161 0 1 714 40 161 0
40 161 0 1 1026 40 161 0
40 161 0 1 1020 40 161 0
40 161 0 1 458 40 161 0
40 161 0 1 458 40 161 0
40 161 0 1 285 40 161 0
40 161 0 1 88 40 161 0
40 161 0 1 88 40 161 0
40 161 0 1 1158 40 161 0
40 161 0 1 1035 40 161 0
40 161 0 1 183 40 161 0
40 161 0 1 1050 40 161 0
-1
7 56
30 199 0 1 826 30 199 0
30 199 0 1 178 30 199 0
0 156 436 1 178 0 156 436
30 199 0 1 990 30 199 0
30 199 0 1 756 30 199 0
30 199 0 1 901 30 199 0
30 199 0 1 1076 30 199 0
30 199 0 1 1076 30 199 0
30 199 0 1 744 30 199 0
30 199 0 1 548 30 199 0
30 199 0 1 1102 30 199 0
30 199 0 1 280 30 199 0
30 199 0 1 1096 30 199 0
30 199 0 1 1096 30 199 0
30 199 0 1 567 30 199 0
30 199 0 1 771 30 199 0
30 199 0 1 771 30 199 0
30 199 0 1 150 30 199 0
30 199 0 1 1033 30 199 0
30 199 0 1 745 30 199 0
30 199 0 1 553 30 199 0
30 199 0 1 1064 30 199 0
30 199 0 1 1044 30 199 0
30 199 0 1 1044 30 199 0
30 199 0 1 952 30 199 0
30 199 0 1 140 30 199 0
30 199 0 1 643 30 199 0
30 199 0 1 1142 30 199 0
30 199 0 1 1142 30 199 0
30 199 0 1 1110 30 199 0
30 199 0 1 106 30 199 0
30 199 0 1 61 30 199 0
30 199 0 1 62 30 199 0
30 199 0 1 92 30 199 0
30 199 0 1 31 30 199 0
30 199 0 1 708 30 199 0
30 199 0 1 502 30 199 0
30 199 0 1 98 30 199 0
30 199 0 1 98 30 199 0
30 199 0 1 828 30 199 0
30 199 0 1 689 30 199 0
30 199 0 1 265 30 199 0
30 199 0 1 714 30 199 0
30 199 0 1 1026 30 199 0
30 199 0 1 1020 30 199 0
30 199 0 1 1020 30 199 0
30 199 0 1 458 30 199 0
30 199 0 1 285 30 199 0
30 199 0 1 88 30 199 0
30 199 0 1 88 30 199 0
30 199 0 1 1158 30 199 0
30 199 0 1 1035 30 199 0
30 199 0 1 183 30 199 0
30 199 0 1 1050 30 199 0
30 199 0 1 1050 30 199 0
30 199 0 1 268 30 199 0
-1
8 55
10 143 0 1 826 10 143 0
10 143 0 1 178 10 143 0
10 143 0 1 178 10 143 0
10 143 0 1 990 10 143 0
10 143 0 1 756 10 143 0
10 143 0 1 901 10 143 0
10 143 0 1 1076 10 143 0
10 143 0 1 1076 10 143 0
10 143 0 1 744 10 143 0
10 143 0 1 548 10 143 0
10 143 0 1 1102 10 143 0
10 143 0 1 280 10 143 0
10 143 0 1 280 10 143 0
10 143 0 1 1096 10 143 0
10 143 0 1 567 10 143 0
10 143 0 1 771 10 143 0
10 143 0 1 771 10 143 0
10 143 0 1 150 10 143 0
10 143 0 1 1033 10 143 0
10 143 0 1 745 10 143 0
10 143 0 1 553 10 143 0
10 143 0 1 553 10 143 0
10 143 0 1 1064 10 143 0
10 143 0 1 1044 10 143 0
10 143 0 1 952 10 143 0
10 143 0 1 140 10 143 0
10 143 0 1 643 10 143 0
10 143 0 1 643 10 143 0
10 143 0 1 1142 10 143 0
10 143 0 1 1110 10 143 0
10 143 0 1 106 10 143 0
10 143 0 1 61 10 143 0
10 143 0 1 62 10 143 0
10 143 0 1 92 10 143 0
10 143 0 1 31 10 143 0
10 143 0 1 708 10 143 0
10 143 0 1 708 10 143 0
10 143 0 1 502 10 143 0
10 143 0 1 98 10 143 0
10 143 0 1 828 10 143 0
10 143 0 1 689 10 143 0
10 143 0 1 265 10 143 0
10 143 0 1 714 10 143 0
10 143 0 1 1026 10 143 0
10 116 270 2 1026 0 0 270 1020 10 116 0
10 143 0 1 1020 10 143 0
10 143 0 1 458 10 143 0
10 143 0 1 285 10 143 0
10 143 0 1 285 10 143 0
10 143 0 1 88 10 143 0
10 143 0 1 1158 10 143 0
10 143 0 1 1035 10 143 0
10 143 0 1 1035 10 143 0
10 143 0 1 1050 10 143 0
10 143 0 1 1050 10 143 0
-1
9 56
0 138 0 1 826 0 138 0
0 138 0 1 178 0 138 0
0 138 0 1 990 0 138 0
0 138 0 1 990 0 138 0
0 138 0 1 756 0 138 0
0 138 0 1 901 0 138 0
0 138 0 1 1076 0 138 0
0 138 0 1 1076 0 138 0
0 138 0 1 548 0 138 0
0 138 0 1 548 0 138 0
0 138 0 1 1102 0 138 0
0 138 0 1 280 0 138 0
0 138 0 1 1096 0 138 0
0 138 0 1 1096 0 138 0
0 138 0 1 567 0 138 0
0 138 0 1 771 0 138 0
0 11 1270 1 771 0 11 1270
0 138 0 1 150 0 138 0
0 138 0 1 1033 0 138 0
0 138 0 1 745 0 138 0
0 138 0 1 553 0 138 0
0 138 0 1 1064 0 138 0
0 138 0 1 1044 0 138 0
0 138 0 1 952 0 138 0
0 138 0 1 952 0 138 0
0 138 0 1 140 0 138 0
0 138 0 1 643 0 138 0
0 138 0 1 1142 0 138 0
0 138 0 1 1142 0 138 0
0 138 0 1 106 0 138 0
0 138 0 1 61 0 138 0
0 138 0 1 61 0 138 0
0 138 0 1 62 0 138 0
0 138 0 1 92 0 138 0
0 138 0 1 31 0 138 0
0 138 0 1 708 0 138 0
0 138 0 1 502 0 138 0
0 138 0 1 98 0 138 0
0 138 0 1 828 0 138 0
0 138 0 1 828 0 138 0
0 138 0 1 689 0 138 0
0 138 0 1 265 0 138 0
0 138 0 1 714 0 138 0
0 138 0 1 1026 0 138 0
0 138 0 1 1020 0 138 0
0 138 0 1 458 0 138 0
0 138 0 1 458 0 138 0
0 138 0 1 285 0 138 0
0 138 0 1 88 0 138 0
0 138 0 1 88 0 138 0
0 138 0 1 1158 0 138 0
0 138 0 1 1035 0 138 0
0 138 0 1 183 0 138 0
0 138 0 1 1050 0 138 0
0 138 0 1 1050 0 138 0
0 138 0 1 268 0 138 0
-1
10 55
30 228 0 1 826 30 228 0
30 228 0 1 178 30 228 0
30 228 0 1 990 30 228 0
30 228 0 1 990 30 228 0
30 228 0 1 756 30 228 0
30 228 0 1 901 30 228 0
30 228 0 1 1076 30 228 0
30 228 0 1 744 30 228 0
30 228 0 1 548 30 228 0
30 228 0 1 548 30 228 0
30 228 0 1 1102 30 228 0
30 228 0 1 280 30 228 0
30 228 0 1 1096 30 228 0
30 228 0 1 1096 30 228 0
30 228 0 1 567 30 228 0
30 228 0 1 771 30 228 0
30 228 0 1 150 30 228 0
30 228 0 1 150 30 228 0
30 228 0 1 1033 30 228 0
30 228 0 1 745 30 228 0
30 228 0 1 553 30 228 0
30 228 0 1 1064 30 228 0
30 228 0 1 1044 30 228 0
30 228 0 1 952 30 228 0
30 228 0 1 952 30 228 0
30 228 0 1 140 30 228 0
30 228 0 1 643 30 228 0
30 228 0 1 1142 30 228 0
10 91 1374 2 1142 0 64 1374 1110 10 27 0
30 228 0 1 106 30 228 0
30 228 0 1 61 30 228 0
30 228 0 1 62 30 228 0
30 228 0 1 92 30 228 0
30 228 0 1 92 30 228 0
30 228 0 1 31 30 228 0
30 228 0 1 708 30 228 0
30 228 0 1 502 30 228 0
30 228 0 1 98 30 228 0
30 228 0 1 828 30 228 0
30 228 0 1 828 30 228 0
30 228 0 1 689 30 228 0
5 137 915 2 265 0 13 915 714 5 124 0
30 228 0 1 714 30 228 0
30 228 0 1 1026 30 228 0
30 228 0 1 1020 30 228 0
30 228 0 1 458 30 228 0
30 228 0 1 458 30 228 0
30 228 0 1 285 30 228 0
30 228 0 1 88 30 228 0
35 107 1209 2 88 0 0 1209 1158 35 107 0
30 228 0 1 1158 30 228 0
30 228 0 1 1035 30 228 0
30 228 0 1 183 30 228 0
30 228 0 1 1050 30 228 0
30 228 0 1 268 30 228 0
-1
11 55
0 220 0 1 826 0 220 0
0 220 0 1 178 0 220 0
0 220 0 1 178 0 220 0
0 220 0 1 990 0 220 0
0 220 0 1 756 0 220 0
0 220 0 1 901 0 220 0
0 220 0 1 1076 0 220 0
0 220 0 1 1076 0 220 0
0 220 0 1 744 0 220 0
0 220 0 1 548 0 220 0
0 220 0 1 1102 0 220 0
0 220 0 1 280 0 220 0
45 144 751 2 280 0 0 751 1096 45 144 0
0 220 0 1 1096 0 220 0
0 220 0 1 567 0 220 0
0 220 0 1 771 0 220 0
0 220 0 1 771 0 220 0
0 220 0 1 150 0 220 0
0 220 0 1 1033 0 220 0
0 220 0 1 745 0 220 0
0 220 0 1 553 0 220 0
0 220 0 1 1064 0 220 0
0 220 0 1 1044 0 220 0
0 220 0 1 1044 0 220 0
0 220 0 1 952 0 220 0
0 220 0 1 140 0 220 0
0 220 0 1 643 0 220 0
0 220 0 1 1142 0 220 0
0 220 0 1 1142 0 220 0
0 220 0 1 1110 0 220 0
0 220 0 1 106 0 220 0
0 220 0 1 61 0 220 0
0 220 0 1 62 0 220 0
0 220 0 1 92 0 220 0
0 220 0 1 31 0 220 0
0 220 0 1 708 0 220 0
0 220 0 1 708 0 220 0
35 125 943 2 502 0 46 943 98 35 79 0
0 220 0 1 98 0 220 0
0 220 0 1 828 0 220 0
0 220 0 1 689 0 220 0
0 220 0 1 265 0 220 0
0 220 0 1 714 0 220 0
0 220 0 1 1026 0 220 0
0 220 0 1 1020 0 220 0
0 220 0 1 1020 0 220 0
0 220 0 1 458 0 220 0
0 220 0 1 285 0 220 0
0 220 0 1 285 0 220 0
0 220 0 1 88 0 220 0
0 220 0 1 1158 0 220 0
0 220 0 1 1035 0 220 0
0 220 0 1 183 0 220 0
0 220 0 1 1050 0 220 0
0 220 0 1 1050 0 220 0
-1
12 56
40 212 0 1 826 40 212 0
40 212 0 1 178 40 212 0
40 212 0 1 990 40 212 0
40 212 0 1 990 40 212 0
40 212 0 1 756 40 212 0
40 212 0 1 901 40 212 0
40 212 0 1 1076 40 212 0
40 212 0 1 1076 40 212 0
40 212 0 1 548 40 212 0
40 212 0 1 548 40 212 0
40 212 0 1 1102 40 212 0
40 212 0 1 280 40 212 0
40 212 0 1 1096 40 212 0
40 212 0 1 1096 40 212 0
40 212 0 1 567 40 212 0
40 212 0 1 771 40 212 0
40 212 0 1 771 40 212 0
40 212 0 1 150 40 212 0
40 212 0 1 1033 40 212 0
40 212 0 1 745 40 212 0
40 212 0 1 553 40 212 0
40 212 0 1 1064 40 212 0
40 212 0 1 1044 40 212 0
40 212 0 1 1044 40 212 0
40 212 0 1 952 40 212 0
40 212 0 1 140 40 212 0
40 212 0 1 643 40 212 0
40 212 0 1 1142 40 212 0
40 212 0 1 1142 40 212 0
40 212 0 1 1110 40 212 0
40 212 0 1 106 40 212 0
40 212 0 1 61 40 212 0
40 212 0 1 62 40 212 0
40 212 0 1 92 40 212 0
40 212 0 1 31 40 212 0
40 212 0 1 708 40 212 0
40 212 0 1 502 40 212 0
40 212 0 1 98 40 212 0
40 212 0 1 828 40 212 0
40 212 0 1 828 40 212 0
40 212 0 1 689 40 212 0
40 212 0 1 265 40 212 0
40 212 0 1 714 40 212 0
40 212 0 1 1026 40 212 0
40 212 0 1 1020 40 212 0
0 96 1168 1 1020 0 96 1168
40 212 0 1 458 40 212 0
40 212 0 1 285 40 212 0
40 212 0 1 88 40 212 0
40 212 0 1 88 40 212 0
40 212 0 1 1158 40 212 0
40 212 0 1 1035 40 212 0
40 212 0 1 183 40 212 0
40 212 0 1 1050 40 212 0
40 212 0 1 1050 40 212 0
40 212 0 1 268 40 212 0
-1
13 56
20 153 0 1 826 20 153 0
0 146 74 1 826 0 146 74
20 153 0 1 178 20 153 0
20 153 0 1 990 20 153 0
10 91 622 2 990 0 0 622 756 10 91 0
20 153 0 1 901 20 153 0
20 153 0 1 901 20 153 0
20 153 0 1 1076 20 153 0
20 153 0 1 744 20 153 0
20 153 0 1 548 20 153 0
20 153 0 1 1102 20 153 0
20 153 0 1 1102 20 153 0
20 153 0 1 280 20 153 0
20 153 0 1 1096 20 153 0
20 153 0 1 567 20 153 0
20 153 0 1 567 20 153 0
20 153 0 1 771 20 153 0
20 153 0 1 150 20 153 0
20 153 0 1 1033 20 153 0
20 153 0 1 745 20 153 0
20 153 0 1 745 20 153 0
20 153 0 1 553 20 153 0
20 153 0 1 1064 20 153 0
20 153 0 1 1044 20 153 0
20 153 0 1 952 20 153 0
20 153 0 1 140 20 153 0
20 153 0 1 643 20 153 0
20 153 0 1 643 20 153 0
20 153 0 1 1142 20 153 0
20 153 0 1 1110 20 153 0
20 153 0 1 106 20 153 0
20 153 0 1 61 20 153 0
20 153 0 1 62 20 153 0
20 153 0 1 92 20 153 0
20 153 0 1 92 20 153 0
20 153 0 1 708 20 153 0
20 153 0 1 708 20 153 0
20 153 0 1 502 20 153 0
20 153 0 1 98 20 153 0
20 153 0 1 828 20 153 0
20 153 0 1 689 20 153 0
20 153 0 1 265 20 153 0
20 153 0 1 714 20 153 0
20 153 0 1 714 20 153 0
20 153 0 1 1026 20 153 0
20 153 0 1 1020 20 153 0
20 153 0 1 458 20 153 0
20 153 0 1 285 20 153 0
20 153 0 1 285 20 153 0
20 153 0 1 88 20 153 0
20 153 0 1 1158 20 153 0
20 153 0 1 1035 20 153 0
20 153 0 1 1035 20 153 0
20 153 0 1 183 20 153 0
20 153 0 1 1050 20 153 0
20 153 0 1 268 20 153 0
-1
14 55
0 171 0 1 826 0 171 0
0 171 0 1 178 0 171 0
0 171 0 1 990 0 171 0
0 171 0 1 990 0 171 0
0 171 0 1 756 0 171 0
0 171 0 1 901 0 171 0
0 171 0 1 1076 0 171 0
0 171 0 1 744 0 171 0
0 171 0 1 548 0 171 0
0 171 0 1 548 0 171 0
0 171 0 1 1102 0 171 0
0 171 0 1 280 0 171 0
0 171 0 1 1096 0 171 0
0 171 0 1 1096 0 171 0
0 171 0 1 567 0 171 0
0 171 0 1 771 0 171 0
0 171 0 1 150 0 171 0
0 171 0 1 150 0 171 0
0 171 0 1 1033 0 171 0
0 171 0 1 745 0 171 0
0 171 0 1 553 0 171 0
0 171 0 1 1064 0 171 0
0 171 0 1 1044 0 171 0
0 171 0 1 952 0 171 0
0 171 0 1 952 0 171 0
0 171 0 1 140 0 171 0
0 171 0 1 643 0 171 0
0 171 0 1 1142 0 171 0
0 171 0 1 1142 0 171 0
0 171 0 1 106 0 171 0
0 171 0 1 61 0 171 0
0 171 0 1 62 0 171 0
0 171 0 1 62 0 171 0
0 171 0 1 92 0 171 0
0 171 0 1 31 0 171 0
0 171 0 1 708 0 171 0
0 171 0 1 502 0 171 0
0 171 0 1 98 0 171 0
0 171 0 1 828 0 171 0
0 171 0 1 828 0 171 0
0 171 0 1 689 0 171 0
0 171 0 1 265 0 171 0
0 171 0 1 714 0 171 0
0 171 0 1 1026 0 171 0
0 171 0 1 1020 0 171 0
0 171 0 1 458 0 171 0
0 171 0 1 458 0 171 0
0 171 0 1 285 0 171 0
0 171 0 1 88 0 171 0
0 171 0 1 88 0 171 0
0 171 0 1 1158 0 171 0
0 171 0 1 1035 0 171 0
0 171 0 1 183 0 171 0
0 171 0 1 1050 0 171 0
5 39 1319 2 1050 0 13 1319 268 5 26 0
-1
15 56
20 264 0 1 826 20 264 0
20 264 0 1 178 20 264 0
20 264 0 1 178 20 264 0
20 264 0 1 990 20 264 0
20 264 0 1 756 20 264 0
20 264 0 1 901 20 264 0
20 264 0 1 1076 20 264 0
20 264 0 1 1076 20 264 0
20 264 0 1 744 20 264 0
20 264 0 1 548 20 264 0
20 264 0 1 1102 20 264 0
20 264 0 1 280 20 264 0
20 264 0 1 280 20 264 0
20 264 0 1 1096 20 264 0
20 264 0 1 567 20 264 0
0 218 464 1 567 0 218 464
20 264 0 1 771 20 264 0
20 264 0 1 150 20 264 0
20 264 0 1 1033 20 264 0
20 264 0 1 745 20 264 0
20 264 0 1 745 20 264 0
20 264 0 1 553 20 264 0
20 264 0 1 1064 20 264 0
20 264 0 1 1044 20 264 0
20 264 0 1 952 20 264 0
20 264 0 1 140 20 264 0
20 264 0 1 643 20 264 0
20 264 0 1 643 20 264 0
20 264 0 1 1142 20 264 0
20 264 0 1 1110 20 264 0
20 264 0 1 106 20 264 0
20 264 0 1 61 20 264 0
20 264 0 1 62 20 264 0
20 264 0 1 92 20 264 0
20 264 0 1 31 20 264 0
20 264 0 1 708 20 264 0
20 264 0 1 708 20 264 0
20 264 0 1 502 20 264 0
20 264 0 1 98 20 264 0
20 264 0 1 828 20 264 0
20 264 0 1 689 20 264 0
20 264 0 1 265 20 264 0
20 264 0 1 714 20 264 0
0 229 354 1 714 0 229 354
20 264 0 1 1026 20 264 0
20 264 0 1 1020 20 264 0
20 264 0 1 458 20 264 0
20 264 0 1 285 20 264 0
20 264 0 1 285 20 264 0
20 264 0 1 88 20 264 0
20 264 0 1 1158 20 264 0
20 264 0 1 1035 20 264 0
20 264 0 1 1035 20 264 0
20 264 0 1 1050 20 264 0
20 264 0 1 1050 20 264 0
20 264 0 1 268 20 264 0
-1
16 54
30 275 0 1 826 30 275 0
30 275 0 1 178 30 275 0
30 275 0 1 178 30 275 0
30 275 0 1 990 30 275 0
30 275 0 1 756 30 275 0
30 275 0 1 901 30 275 0
30 275 0 1 1076 30 275 0
30 275 0 1 1076 30 275 0
30 275 0 1 744 30 275 0
30 275 0 1 548 30 275 0
30 275 0 1 1102 30 275 0
30 275 0 1 280 30 275 0
30 275 0 1 280 30 275 0
30 275 0 1 1096 30 275 0
30 275 0 1 567 30 275 0
10 181 944 2 567 0 0 944 771 10 181 0
30 275 0 1 771 30 275 0
30 275 0 1 150 30 275 0
30 275 0 1 1033 30 275 0
30 275 0 1 745 30 275 0
10 131 1444 2 745 0 109 1444 553 10 22 0
30 275 0 1 553 30 275 0
30 275 0 1 1064 30 275 0
30 275 0 1 1044 30 275 0
30 275 0 1 952 30 275 0
30 275 0 1 140 30 275 0
30 275 0 1 643 30 275 0
30 275 0 1 643 30 275 0
30 275 0 1 1142 30 275 0
30 275 0 1 1110 30 275 0
30 275 0 1 106 30 275 0
30 275 0 1 61 30 275 0
30 275 0 1 62 30 275 0
30 275 0 1 92 30 275 0
30 275 0 1 31 30 275 0
30 275 0 1 708 30 275 0
30 275 0 1 708 30 275 0
30 275 0 1 502 30 275 0
30 275 0 1 98 30 275 0
30 275 0 1 828 30 275 0
30 275 0 1 689 30 275 0
30 275 0 1 265 30 275 0
30 275 0 1 714 30 275 0
20 164 1112 2 714 0 0 1112 1026 20 164 0
0 202 736 1 1026 0 202 736
30 275 0 1 1020 30 275 0
30 275 0 1 458 30 275 0
30 275 0 1 285 30 275 0
30 275 0 1 285 30 275 0
30 275 0 1 88 30 275 0
30 275 0 1 1158 30 275 0
30 275 0 1 1035 30 275 0
30 275 0 1 1035 30 275 0
30 275 0 1 1050 30 275 0
-1
17 55
40 270 0 1 826 40 270 0
40 270 0 1 178 40 270 0
5 172 987 2 178 0 0 987 990 5 172 0
40 270 0 1 990 40 270 0
40 270 0 1 756 40 270 0
40 270 0 1 901 40 270 0
40 270 0 1 1076 40 270 0
40 270 0 1 1076 40 270 0
30 184 862 2 744 0 141 862 548 30 43 0
40 270 0 1 548 40 270 0
40 270 0 1 1102 40 270 0
40 270 0 1 280 40 270 0
40 270 0 1 1096 40 270 0
40 270 0 1 1096 40 270 0
40 270 0 1 567 40 270 0
40 270 0 1 771 40 270 0
40 270 0 1 771 40 270 0
40 270 0 1 150 40 270 0
40 270 0 1 1033 40 270 0
40 270 0 1 745 40 270 0
40 270 0 1 553 40 270 0
40 270 0 1 1064 40 270 0
40 270 0 1 1044 40 270 0
40 270 0 1 1044 40 270 0
40 270 0 1 952 40 270 0
40 270 0 1 140 40 270 0
40 270 0 1 643 40 270 0
40 270 0 1 1142 40 270 0
40 270 0 1 1142 40 270 0
40 270 0 1 1110 40 270 0
40 270 0 1 106 40 270 0
40 270 0 1 61 40 270 0
40 270 0 1 62 40 270 0
40 270 0 1 92 40 270 0
40 270 0 1 31 40 270 0
40 270 0 1 708 40 270 0
40 270 0 1 502 40 270 0
40 270 0 1 98 40 270 0
25 157 1133 2 98 0 147 1133 828 25 10 0
40 270 0 1 828 40 270 0
40 270 0 1 689 40 270 0
40 270 0 1 265 40 270 0
40 270 0 1 714 40 270 0
40 270 0 1 1026 40 270 0
40 270 0 1 1020 40 270 0
40 270 0 1 1020 40 270 0
40 270 0 1 458 40 270 0
40 270 0 1 285 40 270 0
40 270 0 1 88 40 270 0
40 270 0 1 88 40 270 0
40 270 0 1 1158 40 270 0
40 270 0 1 1035 40 270 0
40 270 0 1 183 40 270 0
40 270 0 1 1050 40 270 0
40 270 0 1 1050 40 270 0
-1
18 56
40 143 0 1 826 40 143 0
40 143 0 1 178 40 143 0
40 143 0 1 178 40 143 0
40 143 0 1 990 40 143 0
40 143 0 1 756 40 143 0
40 143 0 1 901 40 143 0
40 143 0 1 1076 40 143 0
40 143 0 1 1076 40 143 0
40 143 0 1 744 40 143 0
40 143 0 1 548 40 143 0
40 143 0 1 1102 40 143 0
40 143 0 1 280 40 143 0
40 143 0 1 280 40 143 0
40 143 0 1 1096 40 143 0
40 143 0 1 567 40 143 0
40 143 0 1 567 40 143 0
40 143 0 1 771 40 143 0
40 143 0 1 150 40 143 0
40 143 0 1 1033 40 143 0
40 143 0 1 745 40 143 0
40 143 0 1 745 40 143 0
40 143 0 1 553 40 143 0
40 143 0 1 1064 40 143 0
40 143 0 1 1044 40 143 0
40 143 0 1 952 40 143 0
40 143 0 1 140 40 143 0
40 143 0 1 643 40 143 0
40 143 0 1 643 40 143 0
40 143 0 1 1142 40 143 0
40 143 0 1 1110 40 143 0
40 143 0 1 106 40 143 0
40 143 0 1 61 40 143 0
40 143 0 1 62 40 143 0
40 143 0 1 92 40 143 0
40 143 0 1 31 40 143 0
40 143 0 1 708 40 143 0
40 143 0 1 708 40 143 0
40 143 0 1 502 40 143 0
40 143 0 1 98 40 143 0
40 143 0 1 828 40 143 0
40 143 0 1 689 40 143 0
40 143 0 1 265 40 143 0
40 143 0 1 714 40 143 0
40 143 0 1 714 40 143 0
40 143 0 1 1026 40 143 0
40 143 0 1 1020 40 143 0
40 143 0 1 458 40 143 0
40 143 0 1 285 40 143 0
40 143 0 1 285 40 143 0
40 143 0 1 88 40 143 0
40 143 0 1 1158 40 143 0
40 143 0 1 1035 40 143 0
40 143 0 1 1035 40 143 0
40 143 0 1 183 40 143 0
40 143 0 1 1050 40 143 0
40 143 0 1 268 40 143 0
-1
19 55
20 167 0 1 826 20 167 0
20 167 0 1 178 20 167 0
20 167 0 1 990 20 167 0
20 167 0 1 990 20 167 0
20 167 0 1 756 20 167 0
20 167 0 1 901 20 167 0
20 167 0 1 1076 20 167 0
20 167 0 1 744 20 167 0
20 167 0 1 548 20 167 0
20 167 0 1 548 20 167 0
20 167 0 1 1102 20 167 0
20 167 0 1 280 20 167 0
20 167 0 1 1096 20 167 0
10 26 1412 2 1096 0 0 1412 567 10 26 0
20 167 0 1 567 20 167 0
20 167 0 1 771 20 167 0
20 167 0 1 150 20 167 0
20 167 0 1 150 20 167 0
30 155 118 2 1033 0 0 118 745 30 155 0
20 167 0 1 745 20 167 0
20 167 0 1 553 20 167 0
20 167 0 1 1064 20 167 0
20 167 0 1 1044 20 167 0
20 167 0 1 952 20 167 0
20 167 0 1 952 20 167 0
20 167 0 1 140 20 167 0
20 167 0 1 643 20 167 0
20 167 0 1 1142 20 167 0
20 167 0 1 1110 20 167 0
20 167 0 1 106 20 167 0
20 167 0 1 61 20 167 0
20 167 0 1 62 20 167 0
20 167 0 1 92 20 167 0
20 167 0 1 92 20 167 0
20 167 0 1 31 20 167 0
20 167 0 1 708 20 167 0
20 167 0 1 502 20 167 0
20 167 0 1 98 20 167 0
20 167 0 1 828 20 167 0
20 167 0 1 828 20 167 0
5 167 3 1 689 5 167 3
20 167 0 1 714 20 167 0
20 167 0 1 714 20 167 0
20 167 0 1 1026 20 167 0
20 167 0 1 1020 20 167 0
20 167 0 1 458 20 167 0
20 167 0 1 458 20 167 0
20 167 0 1 285 20 167 0
20 167 0 1 88 20 167 0
20 167 0 1 1158 20 167 0
20 167 0 1 1158 20 167 0
20 167 0 1 1035 20 167 0
20 167 0 1 183 20 167 0
20 167 0 1 1050 20 167 0
20 167 0 1 268 20 167 0
-1
20 56
10 173 0 1 826 10 173 0
10 173 0 1 178 10 173 0
10 173 0 1 178 10 173 0
10 173 0 1 990 10 173 0
10 173 0 1 756 10 173 0
10 173 0 1 901 10 173 0
0 69 1042 1 901 0 69 1042
10 173 0 1 1076 10 173 0
10 173 0 1 744 10 173 0
10 173 0 1 548 10 173 0
10 173 0 1 1102 10 173 0
10 173 0 1 280 10 173 0
10 173 0 1 280 10 173 0
10 173 0 1 1096 10 173 0
10 173 0 1 567 10 173 0
10 173 0 1 567 10 173 0
10 173 0 1 771 10 173 0
10 173 0 1 150 10 173 0
10 173 0 1 1033 10 173 0
10 173 0 1 745 10 173 0
10 173 0 1 745 10 173 0
10 173 0 1 553 10 173 0
10 173 0 1 1064 10 173 0
10 173 0 1 1044 10 173 0
10 173 0 1 952 10 173 0
10 173 0 1 140 10 173 0
10 173 0 1 643 10 173 0
10 173 0 1 643 10 173 0
10 173 0 1 1142 10 173 0
10 173 0 1 1110 10 173 0
10 173 0 1 106 10 173 0
10 173 0 1 61 10 173 0
10 173 0 1 62 10 173 0
10 173 0 1 92 10 173 0
10 173 0 1 31 10 173 0
10 173 0 1 708 10 173 0
10 173 0 1 708 10 173 0
10 173 0 1 502 10 173 0
10 173 0 1 98 10 173 0
10 173 0 1 828 10 173 0
10 173 0 1 689 10 173 0
10 173 0 1 265 10 173 0
10 173 0 1 714 10 173 0
10 173 0 1 714 10 173 0
10 173 0 1 1026 10 173 0
10 173 0 1 1020 10 173 0
10 173 0 1 458 10 173 0
10 173 0 1 285 10 173 0
10 173 0 1 285 10 173 0
10 173 0 1 88 10 173 0
10 173 0 1 1158 10 173 0
10 173 0 1 1035 10 173 0
10 173 0 1 1035 10 173 0
10 173 0 1 183 10 173 0
10 173 0 1 1050 10 173 0
10 173 0 1 268 10 173 0
-1
21 56
10 288 0 1 826 10 288 0
10 288 0 1 178 10 288 0
10 288 0 1 178 10 288 0
10 288 0 1 990 10 288 0
10 288 0 1 756 10 288 0
10 288 0 1 901 10 288 0
10 288 0 1 1076 10 288 0
10 288 0 1 1076 10 288 0
10 288 0 1 744 10 288 0
10 288 0 1 548 10 288 0
10 288 0 1 1102 10 288 0
10 288 0 1 280 10 288 0
10 288 0 1 280 10 288 0
10 288 0 1 1096 10 288 0
10 288 0 1 567 10 288 0
10 288 0 1 771 10 288 0
10 288 0 1 771 10 288 0
10 288 0 1 150 10 288 0
10 288 0 1 1033 10 288 0
10 288 0 1 745 10 288 0
10 288 0 1 553 10 288 0
40 185 1024 2 553 0 58 1024 1064 40 127 0
10 288 0 1 1064 10 288 0
10 288 0 1 1044 10 288 0
10 288 0 1 952 10 288 0
10 288 0 1 140 10 288 0
10 288 0 1 643 10 288 0
10 288 0 1 643 10 288 0
10 288 0 1 1142 10 288 0
10 288 0 1 1110 10 288 0
10 288 0 1 106 10 288 0
10 288 0 1 61 10 288 0
10 288 0 1 62 10 288 0
10 288 0 1 92 10 288 0
10 288 0 1 31 10 288 0
10 288 0 1 708 10 288 0
10 288 0 1 708 10 288 0
10 288 0 1 502 10 288 0
10 288 0 1 98 10 288 0
10 288 0 1 828 10 288 0
10 288 0 1 689 10 288 0
10 288 0 1 265 10 288 0
10 288 0 1 714 10 288 0
10 288 0 1 1026 10 288 0
10 288 0 1 1020 10 288 0
10 288 0 1 1020 10 288 0
10 288 0 1 458 10 288 0
10 288 0 1 285 10 288 0
10 288 0 1 285 10 288 0
10 288 0 1 88 10 288 0
10 288 0 1 1158 10 288 0
10 288 0 1 1035 10 288 0
10 288 0 1 1035 10 288 0
10 288 0 1 1050 10 288 0
10 288 0 1 1050 10 288 0
10 288 0 1 268 10 288 0
-1
22 55
40 156 0 1 826 40 156 0
40 156 0 1 178 40 156 0
40 156 0 1 990 40 156 0
40 156 0 1 990 40 156 0
25 88 683 2 756 0 0 683 901 25 88 0
40 156 0 1 901 40 156 0
40 156 0 1 1076 40 156 0
40 156 0 1 744 40 156 0
40 156 0 1 548 40 156 0
40 156 0 1 1102 40 156 0
40 156 0 1 1102 40 156 0
40 156 0 1 280 40 156 0
40 156 0 1 1096 40 156 0
40 156 0 1 567 40 156 0
40 156 0 1 567 40 156 0
40 156 0 1 771 40 156 0
40 156 0 1 150 40 156 0
35 92 641 2 150 0 0 641 1033 35 92 0
40 156 0 1 745 40 156 0
40 156 0 1 745 40 156 0
40 156 0 1 553 40 156 0
40 156 0 1 1064 40 156 0
40 156 0 1 1044 40 156 0
40 156 0 1 952 40 156 0
40 156 0 1 952 40 156 0
40 156 0 1 140 40 156 0
40 156 0 1 643 40 156 0
40 156 0 1 1142 40 156 0
40 156 0 1 1110 40 156 0
40 156 0 1 106 40 156 0
40 156 0 1 61 40 156 0
40 156 0 1 62 40 156 0
40 156 0 1 92 40 156 0
40 156 0 1 92 40 156 0
40 156 0 1 31 40 156 0
40 156 0 1 708 40 156 0
40 156 0 1 502 40 156 0
40 156 0 1 98 40 156 0
40 156 0 1 828 40 156 0
40 156 0 1 689 40 156 0
40 156 0 1 265 40 156 0
40 156 0 1 714 40 156 0
40 156 0 1 714 40 156 0
40 156 0 1 1026 40 156 0
40 156 0 1 1020 40 156 0
40 156 0 1 458 40 156 0
40 156 0 1 285 40 156 0
40 156 0 1 285 40 156 0
40 156 0 1 88 40 156 0
40 156 0 1 1158 40 156 0
40 156 0 1 1035 40 156 0
40 156 0 1 1035 40 156 0
40 156 0 1 183 40 156 0
40 156 0 1 1050 40 156 0
40 156 0 1 268 40 156 0
-1
23 56
20 183 0 1 826 20 183 0
20 183 0 1 178 20 183 0
20 183 0 1 178 20 183 0
20 183 0 1 990 20 183 0
20 183 0 1 756 20 183 0
20 183 0 1 901 20 183 0
20 183 0 1 1076 20 183 0
20 183 0 1 1076 20 183 0
20 183 0 1 744 20 183 0
20 183 0 1 548 20 183 0
20 183 0 1 1102 20 183 0
20 183 0 1 280 20 183 0
20 183 0 1 1096 20 183 0
20 183 0 1 1096 20 183 0
20 183 0 1 567 20 183 0
20 183 0 1 771 20 183 0
20 183 0 1 771 20 183 0
20 183 0 1 150 20 183 0
20 183 0 1 1033 20 183 0
20 183 0 1 745 20 183 0
20 183 0 1 553 20 183 0
20 183 0 1 1064 20 183 0
20 183 0 1 1044 20 183 0
20 183 0 1 1044 20 183 0
20 183 0 1 952 20 183 0
20 183 0 1 140 20 183 0
20 183 0 1 643 20 183 0
20 183 0 1 1142 20 183 0
20 183 0 1 1142 20 183 0
20 183 0 1 1110 20 183 0
20 183 0 1 106 20 183 0
20 183 0 1 61 20 183 0
20 183 0 1 62 20 183 0
20 183 0 1 92 20 183 0
20 183 0 1 31 20 183 0
20 183 0 1 708 20 183 0
0 150 334 1 708 0 150 334
20 183 0 1 98 20 183 0
20 183 0 1 98 20 183 0
20 183 0 1 828 20 183 0
20 183 0 1 689 20 183 0
20 183 0 1 265 20 183 0
20 183 0 1 714 20 183 0
20 183 0 1 1026 20 183 0
20 183 0 1 1020 20 183 0
20 183 0 1 1020 20 183 0
20 183 0 1 458 20 183 0
20 183 0 1 285 20 183 0
0 128 554 1 285 0 128 554
20 183 0 1 88 20 183 0
20 183 0 1 1158 20 183 0
20 183 0 1 1035 20 183 0
20 183 0 1 183 20 183 0
20 183 0 1 1050 20 183 0
20 183 0 1 1050 20 183 0
20 183 0 1 268 20 183 0
-1
24 55
20 249 0 1 826 20 249 0
20 249 0 1 178 20 249 0
20 249 0 1 990 20 249 0
20 249 0 1 990 20 249 0
20 249 0 1 756 20 249 0
20 249 0 1 901 20 249 0
20 249 0 1 1076 20 249 0
20 249 0 1 744 20 249 0
20 249 0 1 548 20 249 0
20 249 0 1 548 20 249 0
20 249 0 1 1102 20 249 0
20 249 0 1 280 20 249 0
20 249 0 1 1096 20 249 0
20 249 0 1 567 20 249 0
20 249 0 1 567 20 249 0
20 249 0 1 771 20 249 0
20 249 0 1 150 20 249 0
20 249 0 1 150 20 249 0
20 249 0 1 745 20 249 0
20 249 0 1 745 20 249 0
20 249 0 1 553 20 249 0
20 249 0 1 1064 20 249 0
20 249 0 1 1044 20 249 0
20 249 0 1 952 20 249 0
20 249 0 1 952 20 249 0
20 249 0 1 140 20 249 0
20 249 0 1 643 20 249 0
20 249 0 1 1142 20 249 0
20 249 0 1 1110 20 249 0
20 249 0 1 106 20 249 0
20 249 0 1 61 20 249 0
20 249 0 1 62 20 249 0
20 249 0 1 92 20 249 0
20 249 0 1 92 20 249 0
20 249 0 1 31 20 249 0
20 249 0 1 708 20 249 0
20 249 0 1 502 20 249 0
20 249 0 1 98 20 249 0
20 249 0 1 828 20 249 0
20 249 0 1 828 20 249 0
35 159 897 2 689 0 0 897 265 35 159 0
20 249 0 1 714 20 249 0
20 249 0 1 714 20 249 0
20 249 0 1 1026 20 249 0
20 249 0 1 1020 20 249 0
20 249 0 1 458 20 249 0
20 249 0 1 458 20 249 0
20 249 0 1 285 20 249 0
20 249 0 1 88 20 249 0
20 249 0 1 1158 20 249 0
20 249 0 1 1158 20 249 0
20 249 0 1 1035 20 249 0
20 249 0 1 183 20 249 0
20 249 0 1 1050 20 249 0
20 249 0 1 268 20 249 0
-1
25 55
0 193 0 1 826 0 193 0
0 193 0 1 178 0 193 0
0 193 0 1 990 0 193 0
0 193 0 1 990 0 193 0
0 193 0 1 756 0 193 0
0 193 0 1 901 0 193 0
0 193 0 1 1076 0 193 0
0 193 0 1 744 0 193 0
0 193 0 1 548 0 193 0
0 193 0 1 548 0 193 0
0 193 0 1 1102 0 193 0
0 193 0 1 280 0 193 0
0 193 0 1 1096 0 193 0
0 193 0 1 567 0 193 0
0 193 0 1 567 0 193 0
0 193 0 1 771 0 193 0
0 193 0 1 150 0 193 0
0 193 0 1 150 0 193 0
0 193 0 1 745 0 193 0
0 193 0 1 745 0 193 0
0 193 0 1 553 0 193 0
0 193 0 1 1064 0 193 0
0 193 0 1 1044 0 193 0
0 193 0 1 952 0 193 0
0 193 0 1 952 0 193 0
0 193 0 1 140 0 193 0
0 193 0 1 643 0 193 0
0 193 0 1 1142 0 193 0
0 193 0 1 1110 0 193 0
0 193 0 1 106 0 193 0
0 193 0 1 61 0 193 0
0 193 0 1 62 0 193 0
0 193 0 1 92 0 193 0
0 193 0 1 92 0 193 0
0 193 0 1 31 0 193 0
0 193 0 1 708 0 193 0
0 193 0 1 502 0 193 0
0 193 0 1 98 0 193 0
0 193 0 1 828 0 193 0
0 171 220 1 828 0 171 220
0 193 0 1 265 0 193 0
0 193 0 1 714 0 193 0
0 193 0 1 714 0 193 0
0 193 0 1 1026 0 193 0
0 193 0 1 1020 0 193 0
0 193 0 1 458 0 193 0
0 193 0 1 458 0 193 0
0 193 0 1 285 0 193 0
0 193 0 1 88 0 193 0
0 193 0 1 1158 0 193 0
0 163 300 1 1158 0 163 300
0 193 0 1 1035 0 193 0
0 193 0 1 183 0 193 0
0 193 0 1 1050 0 193 0
0 193 0 1 268 0 193 0
-1
26 55
40 157 0 1 826 40 157 0
40 157 0 1 178 40 157 0
40 157 0 1 990 40 157 0
40 157 0 1 990 40 157 0
40 157 0 1 901 40 157 0
40 157 0 1 901 40 157 0
40 157 0 1 1076 40 157 0
40 157 0 1 744 40 157 0
40 157 0 1 548 40 157 0
40 157 0 1 1102 40 157 0
40 157 0 1 1102 40 157 0
40 157 0 1 280 40 157 0
40 157 0 1 1096 40 157 0
40 157 0 1 567 40 157 0
40 157 0 1 567 40 157 0
40 157 0 1 771 40 157 0
40 157 0 1 150 40 157 0
40 157 0 1 1033 40 157 0
40 157 0 1 745 40 157 0
40 157 0 1 745 40 157 0
40 157 0 1 553 40 157 0
40 157 0 1 1064 40 157 0
40 157 0 1 1044 40 157 0
40 157 0 1 952 40 157 0
40 157 0 1 952 40 157 0
40 157 0 1 140 40 157 0
40 157 0 1 643 40 157 0
40 157 0 1 1142 40 157 0
40 157 0 1 1110 40 157 0
40 157 0 1 106 40 157 0
40 157 0 1 61 40 157 0
40 157 0 1 62 40 157 0
40 157 0 1 92 40 157 0
40 157 0 1 92 40 157 0
0 114 438 1 31 0 114 438
40 157 0 1 708 40 157 0
40 157 0 1 502 40 157 0
40 157 0 1 98 40 157 0
40 157 0 1 828 40 157 0
40 157 0 1 689 40 157 0
40 157 0 1 265 40 157 0
40 157 0 1 714 40 157 0
40 157 0 1 714 40 157 0
40 157 0 1 1026 40 157 0
40 157 0 1 1020 40 157 0
40 157 0 1 458 40 157 0
40 157 0 1 285 40 157 0
40 157 0 1 285 40 157 0
40 157 0 1 88 40 157 0
40 157 0 1 1158 40 157 0
40 157 0 1 1035 40 157 0
40 157 0 1 1035 40 157 0
40 157 0 1 183 40 157 0
40 157 0 1 1050 40 157 0
40 157 0 1 268 40 157 0
-1
27 55
40 105 0 1 826 40 105 0
40 105 0 1 178 40 105 0
40 105 0 1 990 40 105 0
40 105 0 1 990 40 105 0
40 105 0 1 756 40 105 0
40 105 0 1 901 40 105 0
40 105 0 1 1076 40 105 0
40 105 0 1 1076 40 105 0
40 105 0 1 548 40 105 0
40 105 0 1 548 40 105 0
40 105 0 1 1102 40 105 0
40 105 0 1 280 40 105 0
40 105 0 1 1096 40 105 0
40 105 0 1 1096 40 105 0
40 105 0 1 567 40 105 0
40 105 0 1 771 40 105 0
40 105 0 1 771 40 105 0
40 105 0 1 150 40 105 0
40 105 0 1 1033 40 105 0
40 105 0 1 745 40 105 0
40 105 0 1 553 40 105 0
40 105 0 1 1064 40 105 0
40 105 0 1 1044 40 105 0
20 45 604 2 1044 0 0 604 952 20 45 0
40 105 0 1 952 40 105 0
40 105 0 1 140 40 105 0
40 105 0 1 643 40 105 0
40 105 0 1 1142 40 105 0
40 105 0 1 1142 40 105 0
40 105 0 1 106 40 105 0
40 105 0 1 61 40 105 0
40 105 0 1 61 40 105 0
40 105 0 1 62 40 105 0
40 105 0 1 92 40 105 0
40 105 0 1 31 40 105 0
40 105 0 1 708 40 105 0
40 105 0 1 502 40 105 0
40 105 0 1 98 40 105 0
40 105 0 1 828 40 105 0
40 105 0 1 828 40 105 0
40 105 0 1 689 40 105 0
40 105 0 1 265 40 105 0
40 105 0 1 714 40 105 0
40 105 0 1 1026 40 105 0
40 105 0 1 1020 40 105 0
40 105 0 1 458 40 105 0
40 105 0 1 458 40 105 0
40 105 0 1 285 40 105 0
40 105 0 1 88 40 105 0
40 105 0 1 88 40 105 0
40 105 0 1 1158 40 105 0
40 105 0 1 1035 40 105 0
40 105 0 1 183 40 105 0
40 105 0 1 1050 40 105 0
40 105 0 1 1050 40 105 0
-1
28 54
10 258 0 1 826 10 258 0
10 258 0 1 178 10 258 0
10 258 0 1 178 10 258 0
10 258 0 1 990 10 258 0
10 258 0 1 756 10 258 0
10 258 0 1 901 10 258 0
10 258 0 1 1076 10 258 0
10 258 0 1 1076 10 258 0
10 258 0 1 744 10 258 0
10 258 0 1 548 10 258 0
10 258 0 1 1102 10 258 0
10 258 0 1 280 10 258 0
0 206 522 1 280 0 206 522
10 258 0 1 1096 10 258 0
10 258 0 1 567 10 258 0
10 258 0 1 771 10 258 0
10 258 0 1 771 10 258 0
10 258 0 1 150 10 258 0
10 258 0 1 1033 10 258 0
10 258 0 1 745 10 258 0
10 258 0 1 553 10 258 0
10 258 0 1 1064 10 258 0
30 180 776 2 1064 0 0 776 1044 30 180 0
10 258 0 1 1044 10 258 0
10 258 0 1 952 10 258 0
10 258 0 1 140 10 258 0
10 258 0 1 643 10 258 0
25 125 1327 2 643 0 99 1327 1142 25 26 0
10 258 0 1 1142 10 258 0
10 258 0 1 1110 10 258 0
10 258 0 1 106 10 258 0
10 258 0 1 61 10 258 0
10 258 0 1 62 10 258 0
10 258 0 1 92 10 258 0
10 258 0 1 31 10 258 0
10 258 0 1 708 10 258 0
10 258 0 1 708 10 258 0
10 258 0 1 502 10 258 0
10 258 0 1 98 10 258 0
10 258 0 1 828 10 258 0
10 258 0 1 689 10 258 0
10 258 0 1 265 10 258 0
10 258 0 1 714 10 258 0
10 258 0 1 1026 10 258 0
10 258 0 1 1020 10 258 0
10 258 0 1 1020 10 258 0
10 258 0 1 458 10 258 0
10 258 0 1 285 10 258 0
10 258 0 1 285 10 258 0
10 258 0 1 88 10 258 0
10 258 0 1 1158 10 258 0
10 258 0 1 1035 10 258 0
45 113 1443 2 1035 0 111 1443 183 45 2 0
10 258 0 1 1050 10 258 0
-1
29 55
0 143 0 1 826 0 143 0
0 143 0 1 178 0 143 0
0 143 0 1 178 0 143 0
0 143 0 1 990 0 143 0
0 143 0 1 756 0 143 0
0 143 0 1 901 0 143 0
0 143 0 1 1076 0 143 0
0 143 0 1 1076 0 143 0
0 143 0 1 744 0 143 0
0 143 0 1 548 0 143 0
0 143 0 1 1102 0 143 0
0 143 0 1 280 0 143 0
0 143 0 1 280 0 143 0
0 143 0 1 1096 0 143 0
0 143 0 1 567 0 143 0
0 143 0 1 567 0 143 0
0 143 0 1 771 0 143 0
0 143 0 1 150 0 143 0
0 143 0 1 1033 0 143 0
0 143 0 1 745 0 143 0
0 143 0 1 745 0 143 0
0 143 0 1 553 0 143 0
0 143 0 1 1064 0 143 0
0 143 0 1 1044 0 143 0
0 143 0 1 952 0 143 0
0 143 0 1 140 0 143 0
0 143 0 1 643 0 143 0
0 143 0 1 643 0 143 0
0 143 0 1 1142 0 143 0
0 143 0 1 1110 0 143 0
0 143 0 1 106 0 143 0
0 143 0 1 61 0 143 0
0 143 0 1 62 0 143 0
0 143 0 1 92 0 143 0
0 143 0 1 31 0 143 0
0 143 0 1 708 0 143 0
0 143 0 1 708 0 143 0
0 143 0 1 502 0 143 0
0 143 0 1 98 0 143 0
0 143 0 1 828 0 143 0
0 143 0 1 689 0 143 0
0 143 0 1 265 0 143 0
0 143 0 1 714 0 143 0
0 143 0 1 714 0 143 0
0 143 0 1 1026 0 143 0
0 143 0 1 1020 0 143 0
0 143 0 1 458 0 143 0
0 143 0 1 285 0 143 0
0 143 0 1 285 0 143 0
0 143 0 1 88 0 143 0
0 143 0 1 1158 0 143 0
0 143 0 1 1035 0 143 0
0 143 0 1 1035 0 143 0
35 61 813 2 183 0 14 813 1050 35 47 0
0 143 0 1 1050 0 143 0
-1
30 55
0 282 0 1 826 0 282 0
0 282 0 1 178 0 282 0
0 282 0 1 178 0 282 0
0 282 0 1 990 0 282 0
0 282 0 1 756 0 282 0
0 282 0 1 901 0 282 0
0 282 0 1 901 0 282 0
0 282 0 1 1076 0 282 0
0 282 0 1 744 0 282 0
0 282 0 1 548 0 282 0
0 282 0 1 1102 0 282 0
10 190 918 2 1102 0 0 918 280 10 190 0
0 282 0 1 280 0 282 0
0 282 0 1 1096 0 282 0
0 282 0 1 567 0 282 0
0 282 0 1 567 0 282 0
0 282 0 1 771 0 282 0
0 282 0 1 150 0 282 0
0 282 0 1 1033 0 282 0
0 282 0 1 745 0 282 0
0 282 0 1 745 0 282 0
0 282 0 1 553 0 282 0
0 282 0 1 1064 0 282 0
0 282 0 1 1044 0 282 0
0 282 0 1 952 0 282 0
0 282 0 1 140 0 282 0
0 282 0 1 643 0 282 0
0 282 0 1 643 0 282 0
0 282 0 1 1142 0 282 0
0 282 0 1 1110 0 282 0
0 282 0 1 106 0 282 0
0 282 0 1 61 0 282 0
0 282 0 1 62 0 282 0
0 282 0 1 92 0 282 0
45 143 1381 2 92 0 0 1381 31 45 143 0
0 282 0 1 708 0 282 0
0 282 0 1 708 0 282 0
0 282 0 1 502 0 282 0
0 282 0 1 98 0 282 0
0 282 0 1 828 0 282 0
0 282 0 1 689 0 282 0
0 282 0 1 265 0 282 0
0 282 0 1 714 0 282 0
0 282 0 1 714 0 282 0
0 282 0 1 1026 0 282 0
0 282 0 1 1020 0 282 0
0 282 0 1 458 0 282 0
0 282 0 1 285 0 282 0
0 282 0 1 285 0 282 0
0 282 0 1 88 0 282 0
0 282 0 1 1158 0 282 0
0 282 0 1 1035 0 282 0
0 282 0 1 1035 0 282 0
0 282 0 1 183 0 282 0
0 282 0 1 1050 0 282 0
-1
31 56
40 223 0 1 826 40 223 0
40 223 0 1 178 40 223 0
40 223 0 1 178 40 223 0
40 223 0 1 990 40 223 0
40 223 0 1 756 40 223 0
40 223 0 1 901 40 223 0
35 210 131 2 901 0 0 131 1076 35 210 0
40 223 0 1 1076 40 223 0
40 223 0 1 744 40 223 0
40 223 0 1 548 40 223 0
40 223 0 1 1102 40 223 0
40 223 0 1 280 40 223 0
40 223 0 1 280 40 223 0
40 223 0 1 1096 40 223 0
40 223 0 1 567 40 223 0
40 223 0 1 567 40 223 0
40 223 0 1 771 40 223 0
40 223 0 1 150 40 223 0
40 223 0 1 1033 40 223 0
40 223 0 1 745 40 223 0
40 223 0 1 745 40 223 0
40 223 0 1 553 40 223 0
40 223 0 1 1064 40 223 0
40 223 0 1 1044 40 223 0
40 223 0 1 952 40 223 0
40 223 0 1 140 40 223 0
40 223 0 1 643 40 223 0
40 223 0 1 643 40 223 0
40 223 0 1 1142 40 223 0
40 223 0 1 1110 40 223 0
40 223 0 1 106 40 223 0
40 223 0 1 61 40 223 0
40 223 0 1 62 40 223 0
40 223 0 1 92 40 223 0
40 223 0 1 31 40 223 0
40 223 0 1 708 40 223 0
40 223 0 1 708 40 223 0
40 223 0 1 502 40 223 0
40 223 0 1 98 40 223 0
40 223 0 1 828 40 223 0
40 223 0 1 689 40 223 0
40 223 0 1 265 40 223 0
40 223 0 1 714 40 223 0
40 223 0 1 714 40 223 0
40 223 0 1 1026 40 223 0
40 223 0 1 1020 40 223 0
40 223 0 1 458 40 223 0
40 223 0 1 285 40 223 0
40 223 0 1 285 40 223 0
40 223 0 1 88 40 223 0
40 223 0 1 1158 40 223 0
40 223 0 1 1035 40 223 0
40 223 0 1 1035 40 223 0
40 223 0 1 183 40 223 0
40 223 0 1 1050 40 223 0
40 223 0 1 268 40 223 0
-1
32 55
40 190 0 1 826 40 190 0
5 91 997 2 826 0 0 997 178 5 91 0
40 190 0 1 178 40 190 0
40 190 0 1 990 40 190 0
40 190 0 1 756 40 190 0
40 190 0 1 901 40 190 0
40 190 0 1 901 40 190 0
40 190 0 1 1076 40 190 0
40 190 0 1 744 40 190 0
40 190 0 1 548 40 190 0
40 190 0 1 1102 40 190 0
0 168 228 1 1102 0 168 228
40 190 0 1 280 40 190 0
40 190 0 1 1096 40 190 0
40 190 0 1 567 40 190 0
40 190 0 1 567 40 190 0
40 190 0 1 771 40 190 0
40 190 0 1 150 40 190 0
40 190 0 1 1033 40 190 0
40 190 0 1 745 40 190 0
40 190 0 1 745 40 190 0
40 190 0 1 553 40 190 0
40 190 0 1 1064 40 190 0
40 190 0 1 1044 40 190 0
40 190 0 1 952 40 190 0
40 190 0 1 140 40 190 0
40 190 0 1 643 40 190 0
40 190 0 1 643 40 190 0
40 190 0 1 1142 40 190 0
40 190 0 1 1110 40 190 0
40 190 0 1 106 40 190 0
40 190 0 1 61 40 190 0
40 190 0 1 62 40 190 0
40 190 0 1 92 40 190 0
25 190 3 2 92 23 190 3 31 2 0 0
40 190 0 1 708 40 190 0
40 190 0 1 708 40 190 0
40 190 0 1 502 40 190 0
40 190 0 1 98 40 190 0
40 190 0 1 828 40 190 0
40 190 0 1 689 40 190 0
40 190 0 1 265 40 190 0
40 190 0 1 714 40 190 0
40 190 0 1 714 40 190 0
40 190 0 1 1026 40 190 0
40 190 0 1 1020 40 190 0
40 190 0 1 458 40 190 0
40 190 0 1 285 40 190 0
40 190 0 1 285 40 190 0
40 190 0 1 88 40 190 0
40 190 0 1 1158 40 190 0
40 190 0 1 1035 40 190 0
40 190 0 1 1035 40 190 0
40 190 0 1 183 40 190 0
40 190 0 1 1050 40 190 0
-1
33 55
40 160 0 1 826 40 160 0
40 160 0 1 178 40 160 0
40 160 0 1 990 40 160 0
40 160 0 1 990 40 160 0
40 160 0 1 756 40 160 0
40 160 0 1 901 40 160 0
40 160 0 1 1076 40 160 0
40 160 0 1 744 40 160 0
40 160 0 1 548 40 160 0
0 48 1128 1 548 0 48 1128
40 160 0 1 1102 40 160 0
40 160 0 1 280 40 160 0
40 160 0 1 1096 40 160 0
40 160 0 1 567 40 160 0
40 160 0 1 567 40 160 0
40 160 0 1 771 40 160 0
40 160 0 1 150 40 160 0
40 160 0 1 150 40 160 0
40 160 0 1 745 40 160 0
40 160 0 1 745 40 160 0
40 160 0 1 553 40 160 0
40 160 0 1 1064 40 160 0
40 160 0 1 1044 40 160 0
40 160 0 1 952 40 160 0
40 160 0 1 952 40 160 0
40 160 0 1 140 40 160 0
40 160 0 1 643 40 160 0
40 160 0 1 1142 40 160 0
40 160 0 1 1110 40 160 0
40 160 0 1 106 40 160 0
40 160 0 1 61 40 160 0
40 160 0 1 62 40 160 0
40 160 0 1 92 40 160 0
40 160 0 1 92 40 160 0
40 160 0 1 31 40 160 0
40 160 0 1 708 40 160 0
40 160 0 1 502 40 160 0
40 160 0 1 98 40 160 0
40 160 0 1 828 40 160 0
25 47 1133 2 828 0 0 1133 689 25 47 0
40 160 0 1 265 40 160 0
40 160 0 1 714 40 160 0
40 160 0 1 714 40 160 0
40 160 0 1 1026 40 160 0
40 160 0 1 1020 40 160 0
40 160 0 1 458 40 160 0
0 115 458 1 458 0 115 458
40 160 0 1 285 40 160 0
40 160 0 1 88 40 160 0
40 160 0 1 1158 40 160 0
5 77 837 2 1158 0 0 837 1035 5 77 0
40 160 0 1 1035 40 160 0
40 160 0 1 183 40 160 0
40 160 0 1 1050 40 160 0
40 160 0 1 268 40 160 0
-1
34 54
30 295 0 1 826 30 295 0
30 295 0 1 178 30 295 0
30 295 0 1 990 30 295 0
30 295 0 1 990 30 295 0
30 295 0 1 756 30 295 0
30 295 0 1 901 30 295 0
30 295 0 1 1076 30 295 0
30 295 0 1 1076 30 295 0
30 295 0 1 548 30 295 0
30 295 0 1 548 30 295 0
30 295 0 1 1102 30 295 0
30 295 0 1 280 30 295 0
30 295 0 1 1096 30 295 0
30 295 0 1 1096 30 295 0
30 295 0 1 567 30 295 0
30 295 0 1 771 30 295 0
30 295 0 1 771 30 295 0
30 295 0 1 150 30 295 0
30 295 0 1 1033 30 295 0
30 295 0 1 745 30 295 0
30 295 0 1 553 30 295 0
30 295 0 1 1064 30 295 0
30 295 0 1 1044 30 295 0
0 232 636 1 1044 0 232 636
30 295 0 1 952 30 295 0
30 295 0 1 140 30 295 0
30 295 0 1 643 30 295 0
30 295 0 1 1142 30 295 0
30 295 0 1 1142 30 295 0
20 214 812 2 1110 0 89 812 106 20 125 0
35 197 979 2 106 0 18 979 61 35 179 0
30 295 0 1 61 30 295 0
30 295 0 1 62 30 295 0
30 295 0 1 92 30 295 0
30 295 0 1 31 30 295 0
30 295 0 1 708 30 295 0
30 295 0 1 502 30 295 0
30 295 0 1 98 30 295 0
30 295 0 1 828 30 295 0
30 295 0 1 828 30 295 0
30 295 0 1 689 30 295 0
30 295 0 1 265 30 295 0
30 295 0 1 714 30 295 0
30 295 0 1 1026 30 295 0
30 295 0 1 1020 30 295 0
20 284 112 2 1020 0 0 112 458 20 284 0
30 295 0 1 458 30 295 0
30 295 0 1 285 30 295 0
30 295 0 1 88 30 295 0
30 295 0 1 88 30 295 0
30 295 0 1 1158 30 295 0
30 295 0 1 1035 30 295 0
30 295 0 1 183 30 295 0
30 295 0 1 1050 30 295 0
-1
35 56
20 123 0 1 826 20 123 0
20 123 0 1 178 20 123 0
20 123 0 1 178 20 123 0
20 123 0 1 990 20 123 0
20 123 0 1 756 20 123 0
20 123 0 1 901 20 123 0
20 123 0 1 1076 20 123 0
20 123 0 1 1076 20 123 0
20 123 0 1 744 20 123 0
20 123 0 1 548 20 123 0
20 123 0 1 1102 20 123 0
20 123 0 1 280 20 123 0
20 123 0 1 280 20 123 0
20 123 0 1 1096 20 123 0
20 123 0 1 567 20 123 0
20 123 0 1 771 20 123 0
20 123 0 1 771 20 123 0
20 123 0 1 150 20 123 0
20 123 0 1 1033 20 123 0
20 123 0 1 745 20 123 0
20 123 0 1 553 20 123 0
20 123 0 1 1064 20 123 0
0 97 264 1 1064 0 97 264
20 123 0 1 1044 20 123 0
20 123 0 1 952 20 123 0
20 123 0 1 140 20 123 0
20 123 0 1 643 20 123 0
20 123 0 1 643 20 123 0
20 123 0 1 1142 20 123 0
20 123 0 1 1110 20 123 0
20 123 0 1 106 20 123 0
20 123 0 1 61 20 123 0
20 123 0 1 62 20 123 0
20 123 0 1 92 20 123 0
20 123 0 1 31 20 123 0
20 123 0 1 708 20 123 0
20 123 0 1 708 20 123 0
20 123 0 1 502 20 123 0
20 123 0 1 98 20 123 0
20 123 0 1 828 20 123 0
20 123 0 1 689 20 123 0
20 123 0 1 265 20 123 0
20 123 0 1 714 20 123 0
20 123 0 1 1026 20 123 0
20 123 0 1 1020 20 123 0
20 123 0 1 1020 20 123 0
20 123 0 1 458 20 123 0
20 123 0 1 285 20 123 0
20 123 0 1 285 20 123 0
20 123 0 1 88 20 123 0
20 123 0 1 1158 20 123 0
20 123 0 1 1035 20 123 0
20 123 0 1 1035 20 123 0
20 123 0 1 1050 20 123 0
20 123 0 1 1050 20 123 0
20 123 0 1 268 20 123 0
-1
36 56
20 285 0 1 826 20 285 0
20 285 0 1 178 20 285 0
20 285 0 1 178 20 285 0
20 285 0 1 990 20 285 0
20 285 0 1 756 20 285 0
20 285 0 1 901 20 285 0
20 285 0 1 1076 20 285 0
20 285 0 1 1076 20 285 0
20 285 0 1 744 20 285 0
20 285 0 1 548 20 285 0
20 285 0 1 1102 20 285 0
20 285 0 1 280 20 285 0
20 285 0 1 1096 20 285 0
20 285 0 1 1096 20 285 0
20 285 0 1 567 20 285 0
20 285 0 1 771 20 285 0
20 285 0 1 771 20 285 0
20 285 0 1 150 20 285 0
20 285 0 1 1033 20 285 0
20 285 0 1 745 20 285 0
20 285 0 1 553 20 285 0
20 285 0 1 1064 20 285 0
20 285 0 1 1044 20 285 0
20 285 0 1 1044 20 285 0
20 285 0 1 952 20 285 0
20 285 0 1 140 20 285 0
20 285 0 1 643 20 285 0
20 285 0 1 1142 20 285 0
20 285 0 1 1142 20 285 0
20 285 0 1 1110 20 285 0
20 285 0 1 106 20 285 0
20 285 0 1 61 20 285 0
20 285 0 1 62 20 285 0
20 285 0 1 92 20 285 0
20 285 0 1 31 20 285 0
20 285 0 1 708 20 285 0
20 285 0 1 502 20 285 0
20 285 0 1 98 20 285 0
20 285 0 1 98 20 285 0
20 285 0 1 828 20 285 0
20 285 0 1 689 20 285 0
20 285 0 1 265 20 285 0
20 285 0 1 714 20 285 0
20 285 0 1 1026 20 285 0
20 285 0 1 1020 20 285 0
20 285 0 1 1020 20 285 0
20 285 0 1 458 20 285 0
20 285 0 1 285 20 285 0
20 285 0 1 88 20 285 0
20 285 0 1 88 20 285 0
20 285 0 1 1158 20 285 0
20 285 0 1 1035 20 285 0
20 285 0 1 183 20 285 0
20 285 0 1 1050 20 285 0
20 285 0 1 1050 20 285 0
20 285 0 1 268 20 285 0
-1
37 55
30 295 0 1 826 30 295 0
30 295 0 1 178 30 295 0
30 295 0 1 990 30 295 0
30 295 0 1 990 30 295 0
30 295 0 1 756 30 295 0
30 295 0 1 901 30 295 0
30 295 0 1 1076 30 295 0
30 295 0 1 744 30 295 0
30 295 0 1 548 30 295 0
30 295 0 1 548 30 295 0
30 295 0 1 1102 30 295 0
30 295 0 1 280 30 295 0
30 295 0 1 1096 30 295 0
30 295 0 1 1096 30 295 0
30 295 0 1 567 30 295 0
30 295 0 1 771 30 295 0
30 295 0 1 150 30 295 0
30 295 0 1 150 30 295 0
30 295 0 1 1033 30 295 0
30 295 0 1 745 30 295 0
30 295 0 1 553 30 295 0
30 295 0 1 1064 30 295 0
30 295 0 1 1044 30 295 0
30 295 0 1 952 30 295 0
30 295 0 1 952 30 295 0
30 295 0 1 140 30 295 0
30 295 0 1 643 30 295 0
30 295 0 1 1142 30 295 0
30 295 0 1 1142 30 295 0
30 295 0 1 106 30 295 0
30 295 0 1 61 30 295 0
30 295 0 1 62 30 295 0
20 193 1022 2 62 0 8 1022 92 20 185 0
30 295 0 1 92 30 295 0
30 295 0 1 31 30 295 0
30 295 0 1 708 30 295 0
30 295 0 1 502 30 295 0
30 295 0 1 98 30 295 0
30 295 0 1 828 30 295 0
30 295 0 1 828 30 295 0
30 295 0 1 689 30 295 0
30 295 0 1 265 30 295 0
30 295 0 1 714 30 295 0
30 295 0 1 1026 30 295 0
30 295 0 1 1020 30 295 0
30 295 0 1 458 30 295 0
30 295 0 1 458 30 295 0
30 295 0 1 285 30 295 0
30 295 0 1 88 30 295 0
30 295 0 1 88 30 295 0
30 295 0 1 1158 30 295 0
30 295 0 1 1035 30 295 0
30 295 0 1 183 30 295 0
30 295 0 1 1050 30 295 0
30 295 0 1 268 30 295 0
-1
38 55
20 248 0 1 826 20 248 0
20 248 0 1 178 20 248 0
20 248 0 1 990 20 248 0
20 248 0 1 990 20 248 0
20 248 0 1 756 20 248 0
20 248 0 1 901 20 248 0
20 248 0 1 1076 20 248 0
20 248 0 1 744 20 248 0
20 248 0 1 548 20 248 0
20 248 0 1 548 20 248 0
20 248 0 1 1102 20 248 0
20 248 0 1 280 20 248 0
20 248 0 1 1096 20 248 0
20 248 0 1 567 20 248 0
20 248 0 1 567 20 248 0
20 248 0 1 771 20 248 0
20 248 0 1 150 20 248 0
20 248 0 1 150 20 248 0
20 248 0 1 745 20 248 0
20 248 0 1 745 20 248 0
20 248 0 1 553 20 248 0
20 248 0 1 1064 20 248 0
20 248 0 1 1044 20 248 0
20 248 0 1 952 20 248 0
20 248 0 1 952 20 248 0
20 248 0 1 140 20 248 0
20 248 0 1 643 20 248 0
20 248 0 1 1142 20 248 0
20 248 0 1 1110 20 248 0
20 248 0 1 106 20 248 0
20 248 0 1 61 20 248 0
20 248 0 1 62 20 248 0
20 248 0 1 92 20 248 0
20 248 0 1 92 20 248 0
20 248 0 1 31 20 248 0
20 248 0 1 708 20 248 0
20 248 0 1 502 20 248 0
20 248 0 1 98 20 248 0
20 248 0 1 828 20 248 0
20 248 0 1 828 20 248 0
20 248 0 1 265 20 248 0
20 248 0 1 714 20 248 0
20 248 0 1 714 20 248 0
20 248 0 1 1026 20 248 0
20 248 0 1 1020 20 248 0
20 248 0 1 458 20 248 0
20 248 0 1 458 20 248 0
20 248 0 1 285 20 248 0
20 248 0 1 88 20 248 0
20 248 0 1 1158 20 248 0
20 248 0 1 1158 20 248 0
20 248 0 1 1035 20 248 0
20 248 0 1 183 20 248 0
20 248 0 1 1050 20 248 0
20 248 0 1 268 20 248 0
-1
39 55
10 221 0 1 826 10 221 0
10 221 0 1 178 10 221 0
10 221 0 1 990 10 221 0
10 221 0 1 990 10 221 0
10 221 0 1 756 10 221 0
10 221 0 1 901 10 221 0
10 221 0 1 1076 10 221 0
10 221 0 1 744 10 221 0
10 221 0 1 548 10 221 0
10 221 0 1 548 10 221 0
10 221 0 1 1102 10 221 0
10 221 0 1 280 10 221 0
10 221 0 1 1096 10 221 0
9 221 0 1 1096 9 221 0
10 221 0 1 567 10 221 0
10 221 0 1 771 10 221 0
10 221 0 1 150 10 221 0
10 221 0 1 150 10 221 0
0 149 722 1 1033 0 149 722
10 221 0 1 745 10 221 0
10 221 0 1 553 10 221 0
10 221 0 1 1064 10 221 0
10 221 0 1 1044 10 221 0
10 221 0 1 952 10 221 0
10 221 0 1 952 10 221 0
10 221 0 1 140 10 221 0
10 221 0 1 643 10 221 0
10 221 0 1 1142 10 221 0
10 221 0 1 1110 10 221 0
10 221 0 1 106 10 221 0
10 221 0 1 61 10 221 0
10 221 0 1 62 10 221 0
10 221 0 1 92 10 221 0
10 221 0 1 92 10 221 0
10 221 0 1 31 10 221 0
10 221 0 1 708 10 221 0
10 221 0 1 502 10 221 0
10 221 0 1 98 10 221 0
10 221 0 1 828 10 221 0
10 221 0 1 828 10 221 0
10 221 0 1 689 10 221 0
10 221 0 1 714 10 221 0
10 221 0 1 714 10 221 0
10 221 0 1 1026 10 221 0
10 221 0 1 1020 10 221 0
10 221 0 1 458 10 221 0
10 221 0 1 458 10 221 0
10 221 0 1 285 10 221 0
10 221 0 1 88 10 221 0
10 221 0 1 1158 10 221 0
10 221 0 1 1158 10 221 0
10 221 0 1 1035 10 221 0
10 221 0 1 183 10 221 0
10 221 0 1 1050 10 221 0
10 221 0 1 268 10 221 0
-1
40 55
30 183 0 1 826 30 183 0
30 183 0 1 826 30 183 0
30 183 0 1 178 30 183 0
30 183 0 1 990 30 183 0
0 96 876 1 990 0 96 876
30 183 0 1 901 30 183 0
30 183 0 1 901 30 183 0
30 183 0 1 1076 30 183 0
30 183 0 1 744 30 183 0
30 183 0 1 548 30 183 0
30 183 0 1 1102 30 183 0
30 183 0 1 1102 30 183 0
30 183 0 1 280 30 183 0
30 183 0 1 1096 30 183 0
30 183 0 1 567 30 183 0
30 183 0 1 567 30 183 0
30 183 0 1 771 30 183 0
30 183 0 1 150 30 183 0
30 183 0 1 1033 30 183 0
30 183 0 1 745 30 183 0
30 183 0 1 745 30 183 0
30 183 0 1 553 30 183 0
30 183 0 1 1064 30 183 0
30 183 0 1 1044 30 183 0
30 183 0 1 952 30 183 0
20 138 452 2 952 0 0 452 140 20 138 0
0 108 756 2 140 0 0 756 643 0 108 0
30 183 0 1 643 30 183 0
30 183 0 1 1142 30 183 0
30 183 0 1 1110 30 183 0
30 183 0 1 106 30 183 0
30 183 0 1 61 30 183 0
30 183 0 1 62 30 183 0
30 183 0 1 92 30 183 0
30 183 0 1 92 30 183 0
30 183 0 1 708 30 183 0
30 183 0 1 708 30 183 0
30 183 0 1 502 30 183 0
30 183 0 1 98 30 183 0
30 183 0 1 828 30 183 0
30 183 0 1 689 30 183 0
30 183 0 1 265 30 183 0
30 183 0 1 714 30 183 0
30 183 0 1 714 30 183 0
30 183 0 1 1026 30 183 0
30 183 0 1 1020 30 183 0
30 183 0 1 458 30 183 0
30 183 0 1 285 30 183 0
30 183 0 1 285 30 183 0
30 183 0 1 88 30 183 0
30 183 0 1 1158 30 183 0
30 183 0 1 1035 30 183 0
30 183 0 1 1035 30 183 0
30 183 0 1 183 30 183 0
30 183 0 1 1050 30 183 0
-1
