1 45
30 225 0 1 116 30 225 0
30 225 0 1 116 30 225 0
30 225 0 1 116 30 225 0
30 225 0 1 87 30 225 0
30 225 0 1 87 30 225 0
30 225 0 1 87 30 225 0
40 114 1108 2 87 0 109 1108 16 40 5 0
30 225 0 1 16 30 225 0
30 225 0 1 16 30 225 0
30 225 0 1 64 30 225 0
30 225 0 1 64 30 225 0
30 225 0 1 64 30 225 0
30 225 0 1 127 30 225 0
30 225 0 1 127 30 225 0
30 225 0 1 127 30 225 0
30 225 0 1 152 30 225 0
30 225 0 1 152 30 225 0
30 225 0 1 152 30 225 0
30 225 0 1 152 30 225 0
30 225 0 1 85 30 225 0
30 225 0 1 85 30 225 0
30 225 0 1 85 30 225 0
5 222 35 2 85 0 0 35 65 5 222 0
30 225 0 1 65 30 225 0
30 225 0 1 65 30 225 0
30 225 0 1 65 30 225 0
30 225 0 1 162 30 225 0
30 225 0 1 162 30 225 0
30 225 0 1 162 30 225 0
30 225 0 1 162 30 225 0
30 225 0 1 122 30 225 0
30 225 0 1 122 30 225 0
30 225 0 1 122 30 225 0
30 225 0 1 122 30 225 0
30 225 0 1 123 30 225 0
30 225 0 1 123 30 225 0
30 225 0 1 123 30 225 0
30 225 0 1 160 30 225 0
30 225 0 1 160 30 225 0
30 225 0 1 171 30 225 0
30 225 0 1 171 30 225 0
30 225 0 1 171 30 225 0
30 225 0 1 171 30 225 0
30 225 0 1 107 30 225 0
30 225 0 1 107 30 225 0
-1
2 45
20 240 0 1 116 20 240 0
20 240 0 1 116 20 240 0
20 240 0 1 116 20 240 0
20 240 0 1 87 20 240 0
20 240 0 1 87 20 240 0
20 240 0 1 87 20 240 0
20 240 0 1 16 20 240 0
20 240 0 1 16 20 240 0
20 240 0 1 16 20 240 0
20 240 0 1 64 20 240 0
20 240 0 1 64 20 240 0
20 240 0 1 64 20 240 0
20 240 0 1 127 20 240 0
20 240 0 1 127 20 240 0
20 240 0 1 127 20 240 0
20 240 0 1 152 20 240 0
20 240 0 1 152 20 240 0
20 240 0 1 152 20 240 0
20 240 0 1 152 20 240 0
20 240 0 1 85 20 240 0
20 240 0 1 85 20 240 0
20 240 0 1 85 20 240 0
20 240 0 1 65 20 240 0
20 240 0 1 65 20 240 0
20 240 0 1 65 20 240 0
20 240 0 1 65 20 240 0
20 240 0 1 162 20 240 0
20 240 0 1 162 20 240 0
20 240 0 1 162 20 240 0
20 240 0 1 162 20 240 0
20 240 0 1 122 20 240 0
20 240 0 1 122 20 240 0
20 240 0 1 122 20 240 0
10 184 562 2 122 0 0 562 123 10 184 0
20 240 0 1 123 20 240 0
20 240 0 1 123 20 240 0
20 240 0 1 160 20 240 0
20 240 0 1 160 20 240 0
20 240 0 1 160 20 240 0
20 240 0 1 171 20 240 0
20 240 0 1 171 20 240 0
20 240 0 1 171 20 240 0
20 240 0 1 107 20 240 0
20 240 0 1 107 20 240 0
20 240 0 1 107 20 240 0
-1
3 46
10 179 0 1 116 10 179 0
10 179 0 1 116 10 179 0
10 179 0 1 116 10 179 0
10 179 0 1 87 10 179 0
10 179 0 1 87 10 179 0
10 179 0 1 87 10 179 0
10 179 0 1 16 10 179 0
10 179 0 1 16 10 179 0
0 101 782 1 16 0 101 782
10 179 0 1 64 10 179 0
10 179 0 1 64 10 179 0
10 179 0 1 127 10 179 0
10 179 0 1 127 10 179 0
10 179 0 1 127 10 179 0
10 179 0 1 152 10 179 0
10 179 0 1 152 10 179 0
10 179 0 1 152 10 179 0
10 179 0 1 152 10 179 0
10 179 0 1 85 10 179 0
10 179 0 1 85 10 179 0
10 179 0 1 85 10 179 0
10 179 0 1 85 10 179 0
10 179 0 1 65 10 179 0
10 179 0 1 65 10 179 0
10 179 0 1 65 10 179 0
0 59 1202 1 65 0 59 1202
10 179 0 1 162 10 179 0
10 179 0 1 162 10 179 0
10 179 0 1 162 10 179 0
10 179 0 1 122 10 179 0
10 179 0 1 122 10 179 0
10 179 0 1 122 10 179 0
10 179 0 1 122 10 179 0
10 179 0 1 123 10 179 0
10 179 0 1 123 10 179 0
10 179 0 1 123 10 179 0
10 179 0 1 160 10 179 0
10 179 0 1 160 10 179 0
10 179 0 1 171 10 179 0
10 179 0 1 171 10 179 0
10 179 0 1 171 10 179 0
10 179 0 1 171 10 179 0
10 179 0 1 107 10 179 0
10 179 0 1 107 10 179 0
10 179 0 1 107 10 179 0
10 179 0 1 107 10 179 0
-1
4 45
0 236 0 1 116 0 236 0
0 236 0 1 116 0 236 0
0 236 0 1 116 0 236 0
0 236 0 1 87 0 236 0
0 236 0 1 87 0 236 0
0 236 0 1 87 0 236 0
0 236 0 1 16 0 236 0
0 236 0 1 16 0 236 0
0 236 0 1 16 0 236 0
0 236 0 1 64 0 236 0
0 236 0 1 64 0 236 0
0 236 0 1 127 0 236 0
0 236 0 1 127 0 236 0
0 236 0 1 127 0 236 0
0 236 0 1 152 0 236 0
0 236 0 1 152 0 236 0
0 236 0 1 152 0 236 0
0 236 0 1 152 0 236 0
0 236 0 1 85 0 236 0
0 236 0 1 85 0 236 0
0 236 0 1 85 0 236 0
0 236 0 1 85 0 236 0
0 236 0 1 65 0 236 0
0 236 0 1 65 0 236 0
0 236 0 1 65 0 236 0
0 236 0 1 65 0 236 0
0 236 0 1 162 0 236 0
0 236 0 1 162 0 236 0
0 236 0 1 162 0 236 0
0 236 0 1 122 0 236 0
0 236 0 1 122 0 236 0
0 236 0 1 122 0 236 0
0 236 0 1 122 0 236 0
0 236 0 1 123 0 236 0
0 236 0 1 123 0 236 0
0 236 0 1 123 0 236 0
0 236 0 1 160 0 236 0
0 236 0 1 160 0 236 0
0 162 740 2 160 0 0 740 171 0 162 0
0 236 0 1 171 0 236 0
0 236 0 1 171 0 236 0
0 236 0 1 171 0 236 0
0 236 0 1 107 0 236 0
0 236 0 1 107 0 236 0
0 236 0 1 107 0 236 0
-1
5 46
0 186 0 1 116 0 186 0
0 186 0 1 116 0 186 0
0 186 0 1 116 0 186 0
0 186 0 1 87 0 186 0
0 186 0 1 87 0 186 0
0 186 0 1 87 0 186 0
0 186 0 1 16 0 186 0
0 186 0 1 16 0 186 0
0 186 0 1 16 0 186 0
0 186 0 1 64 0 186 0
0 186 0 1 64 0 186 0
0 186 0 1 64 0 186 0
0 186 0 1 127 0 186 0
0 186 0 1 127 0 186 0
0 186 0 1 127 0 186 0
0 186 0 1 152 0 186 0
0 186 0 1 152 0 186 0
0 186 0 1 152 0 186 0
0 186 0 1 152 0 186 0
0 186 0 1 85 0 186 0
0 186 0 1 85 0 186 0
0 186 0 1 85 0 186 0
0 186 0 1 65 0 186 0
0 186 0 1 65 0 186 0
0 186 0 1 65 0 186 0
0 186 0 1 65 0 186 0
0 186 0 1 162 0 186 0
0 186 0 1 162 0 186 0
0 186 0 1 162 0 186 0
0 186 0 1 162 0 186 0
0 186 0 1 122 0 186 0
0 186 0 1 122 0 186 0
0 186 0 1 122 0 186 0
0 186 0 1 122 0 186 0
0 186 0 1 123 0 186 0
0 186 0 1 123 0 186 0
35 84 1013 2 123 0 0 1013 160 35 84 0
0 186 0 1 160 0 186 0
0 186 0 1 160 0 186 0
0 186 0 1 171 0 186 0
0 186 0 1 171 0 186 0
0 186 0 1 171 0 186 0
0 166 200 1 171 0 166 200
0 186 0 1 107 0 186 0
0 186 0 1 107 0 186 0
0 186 0 1 107 0 186 0
-1
6 46
30 201 0 1 116 30 201 0
30 201 0 1 116 30 201 0
30 201 0 1 116 30 201 0
30 201 0 1 87 30 201 0
30 201 0 1 87 30 201 0
30 201 0 1 87 30 201 0
30 201 0 1 16 30 201 0
30 201 0 1 16 30 201 0
30 201 0 1 16 30 201 0
30 201 0 1 64 30 201 0
30 201 0 1 64 30 201 0
30 201 0 1 64 30 201 0
30 201 0 1 127 30 201 0
30 201 0 1 127 30 201 0
30 201 0 1 127 30 201 0
30 201 0 1 152 30 201 0
30 201 0 1 152 30 201 0
30 201 0 1 152 30 201 0
30 201 0 1 152 30 201 0
30 201 0 1 85 30 201 0
30 201 0 1 85 30 201 0
30 201 0 1 85 30 201 0
30 201 0 1 65 30 201 0
30 201 0 1 65 30 201 0
30 201 0 1 65 30 201 0
30 201 0 1 65 30 201 0
30 201 0 1 162 30 201 0
30 201 0 1 162 30 201 0
30 201 0 1 162 30 201 0
30 201 0 1 162 30 201 0
30 201 0 1 122 30 201 0
30 201 0 1 122 30 201 0
30 201 0 1 122 30 201 0
30 201 0 1 122 30 201 0
30 201 0 1 123 30 201 0
30 201 0 1 123 30 201 0
0 199 26 1 123 0 199 26
30 201 0 1 160 30 201 0
30 201 0 1 160 30 201 0
30 201 0 1 171 30 201 0
30 201 0 1 171 30 201 0
30 201 0 1 171 30 201 0
30 201 0 1 171 30 201 0
30 201 0 1 107 30 201 0
30 201 0 1 107 30 201 0
30 201 0 1 107 30 201 0
-1
7 46
40 187 0 1 116 40 187 0
40 187 0 1 116 40 187 0
40 187 0 1 116 40 187 0
40 187 0 1 87 40 187 0
40 187 0 1 87 40 187 0
40 187 0 1 87 40 187 0
40 187 0 1 16 40 187 0
40 187 0 1 16 40 187 0
40 187 0 1 16 40 187 0
40 187 0 1 64 40 187 0
40 187 0 1 64 40 187 0
40 187 0 1 127 40 187 0
40 187 0 1 127 40 187 0
40 187 0 1 127 40 187 0
40 187 0 1 127 40 187 0
40 187 0 1 152 40 187 0
40 187 0 1 152 40 187 0
40 187 0 1 152 40 187 0
40 187 0 1 85 40 187 0
40 187 0 1 85 40 187 0
40 187 0 1 85 40 187 0
40 187 0 1 85 40 187 0
40 187 0 1 65 40 187 0
40 187 0 1 65 40 187 0
40 187 0 1 65 40 187 0
40 187 0 1 65 40 187 0
40 187 0 1 162 40 187 0
40 187 0 1 162 40 187 0
40 187 0 1 162 40 187 0
40 187 0 1 162 40 187 0
40 187 0 1 122 40 187 0
40 187 0 1 122 40 187 0
40 187 0 1 122 40 187 0
40 187 0 1 123 40 187 0
40 187 0 1 123 40 187 0
40 187 0 1 123 40 187 0
40 187 0 1 160 40 187 0
40 187 0 1 160 40 187 0
40 187 0 1 160 40 187 0
40 187 0 1 171 40 187 0
40 187 0 1 171 40 187 0
40 187 0 1 171 40 187 0
40 187 0 1 107 40 187 0
40 187 0 1 107 40 187 0
40 187 0 1 107 40 187 0
40 187 0 1 107 40 187 0
-1
8 45
30 121 0 1 116 30 121 0
30 121 0 1 116 30 121 0
30 121 0 1 116 30 121 0
30 121 0 1 87 30 121 0
30 121 0 1 87 30 121 0
30 121 0 1 87 30 121 0
30 121 0 1 16 30 121 0
30 121 0 1 16 30 121 0
30 121 0 1 16 30 121 0
30 121 0 1 64 30 121 0
30 121 0 1 64 30 121 0
30 121 0 1 64 30 121 0
30 121 0 1 127 30 121 0
30 121 0 1 127 30 121 0
30 121 0 1 127 30 121 0
30 121 0 1 152 30 121 0
30 121 0 1 152 30 121 0
30 121 0 1 152 30 121 0
30 121 0 1 152 30 121 0
30 121 0 1 85 30 121 0
30 121 0 1 85 30 121 0
30 121 0 1 85 30 121 0
30 121 0 1 65 30 121 0
30 121 0 1 65 30 121 0
30 121 0 1 65 30 121 0
30 121 0 1 65 30 121 0
30 121 0 1 162 30 121 0
30 121 0 1 162 30 121 0
30 121 0 1 162 30 121 0
30 121 0 1 162 30 121 0
30 121 0 1 122 30 121 0
30 121 0 1 122 30 121 0
30 121 0 1 122 30 121 0
0 48 736 1 122 0 48 736
30 121 0 1 123 30 121 0
30 121 0 1 123 30 121 0
30 121 0 1 160 30 121 0
30 121 0 1 160 30 121 0
30 121 0 1 160 30 121 0
30 121 0 1 171 30 121 0
30 121 0 1 171 30 121 0
30 121 0 1 171 30 121 0
0 18 1036 2 171 0 0 1036 107 0 18 0
30 121 0 1 107 30 121 0
30 121 0 1 107 30 121 0
-1
9 46
10 166 0 1 116 10 166 0
10 166 0 1 116 10 166 0
10 166 0 1 116 10 166 0
10 166 0 1 87 10 166 0
10 166 0 1 87 10 166 0
10 166 0 1 87 10 166 0
10 166 0 1 16 10 166 0
10 166 0 1 16 10 166 0
10 166 0 1 16 10 166 0
10 166 0 1 64 10 166 0
10 166 0 1 64 10 166 0
10 166 0 1 127 10 166 0
10 166 0 1 127 10 166 0
10 166 0 1 127 10 166 0
10 166 0 1 127 10 166 0
10 166 0 1 152 10 166 0
10 166 0 1 152 10 166 0
10 166 0 1 152 10 166 0
10 166 0 1 85 10 166 0
10 166 0 1 85 10 166 0
10 166 0 1 85 10 166 0
10 166 0 1 85 10 166 0
10 166 0 1 65 10 166 0
10 166 0 1 65 10 166 0
10 166 0 1 65 10 166 0
10 166 0 1 65 10 166 0
10 166 0 1 162 10 166 0
10 166 0 1 162 10 166 0
10 166 0 1 162 10 166 0
0 86 802 1 162 0 86 802
10 166 0 1 122 10 166 0
10 166 0 1 122 10 166 0
10 166 0 1 122 10 166 0
10 166 0 1 123 10 166 0
10 166 0 1 123 10 166 0
10 166 0 1 123 10 166 0
10 166 0 1 160 10 166 0
10 166 0 1 160 10 166 0
10 166 0 1 160 10 166 0
10 166 0 1 171 10 166 0
10 166 0 1 171 10 166 0
10 166 0 1 171 10 166 0
10 166 0 1 107 10 166 0
10 166 0 1 107 10 166 0
10 166 0 1 107 10 166 0
10 166 0 1 107 10 166 0
-1
10 45
30 266 0 1 116 30 266 0
30 266 0 1 116 30 266 0
30 266 0 1 116 30 266 0
30 266 0 1 87 30 266 0
30 266 0 1 87 30 266 0
30 266 0 1 87 30 266 0
30 266 0 1 16 30 266 0
30 266 0 1 16 30 266 0
30 266 0 1 16 30 266 0
30 266 0 1 64 30 266 0
30 266 0 1 64 30 266 0
25 176 901 2 64 0 166 901 127 25 10 0
30 266 0 1 127 30 266 0
30 266 0 1 127 30 266 0
30 266 0 1 127 30 266 0
30 266 0 1 152 30 266 0
30 266 0 1 152 30 266 0
30 266 0 1 152 30 266 0
0 141 1256 1 152 0 141 1256
30 266 0 1 85 30 266 0
30 266 0 1 85 30 266 0
30 266 0 1 85 30 266 0
30 266 0 1 65 30 266 0
30 266 0 1 65 30 266 0
30 266 0 1 65 30 266 0
30 266 0 1 65 30 266 0
30 266 0 1 162 30 266 0
30 266 0 1 162 30 266 0
30 266 0 1 162 30 266 0
30 266 0 1 162 30 266 0
30 266 0 1 122 30 266 0
30 266 0 1 122 30 266 0
30 266 0 1 122 30 266 0
30 266 0 1 123 30 266 0
30 266 0 1 123 30 266 0
30 266 0 1 123 30 266 0
30 266 0 1 160 30 266 0
30 266 0 1 160 30 266 0
30 266 0 1 160 30 266 0
30 266 0 1 171 30 266 0
30 266 0 1 171 30 266 0
30 266 0 1 171 30 266 0
30 266 0 1 107 30 266 0
30 266 0 1 107 30 266 0
30 266 0 1 107 30 266 0
-1
11 45
0 196 0 1 116 0 196 0
0 196 0 1 116 0 196 0
0 161 350 1 116 0 161 350
0 196 0 1 87 0 196 0
0 196 0 1 87 0 196 0
0 196 0 1 87 0 196 0
0 196 0 1 16 0 196 0
0 196 0 1 16 0 196 0
25 172 235 2 16 0 0 235 64 25 172 0
0 196 0 1 64 0 196 0
0 196 0 1 64 0 196 0
0 196 0 1 127 0 196 0
0 196 0 1 127 0 196 0
0 196 0 1 127 0 196 0
0 196 0 1 152 0 196 0
0 196 0 1 152 0 196 0
0 196 0 1 152 0 196 0
0 196 0 1 152 0 196 0
0 196 0 1 85 0 196 0
0 196 0 1 85 0 196 0
0 196 0 1 85 0 196 0
0 181 150 1 85 0 181 150
0 196 0 1 65 0 196 0
0 196 0 1 65 0 196 0
0 196 0 1 65 0 196 0
35 176 193 2 65 0 0 193 162 35 176 0
0 196 0 1 162 0 196 0
0 196 0 1 162 0 196 0
0 196 0 1 162 0 196 0
0 196 0 1 122 0 196 0
0 196 0 1 122 0 196 0
0 196 0 1 122 0 196 0
0 196 0 1 122 0 196 0
0 196 0 1 123 0 196 0
0 196 0 1 123 0 196 0
0 196 0 1 123 0 196 0
0 196 0 1 160 0 196 0
0 196 0 1 160 0 196 0
0 196 0 1 171 0 196 0
0 196 0 1 171 0 196 0
0 196 0 1 171 0 196 0
0 196 0 1 171 0 196 0
0 196 0 1 107 0 196 0
0 196 0 1 107 0 196 0
0 196 0 1 107 0 196 0
-1
12 45
30 109 0 1 116 30 109 0
30 109 0 1 116 30 109 0
40 37 718 2 116 0 0 718 87 40 37 0
30 109 0 1 87 30 109 0
30 109 0 1 87 30 109 0
30 109 0 1 87 30 109 0
30 109 0 1 16 30 109 0
30 109 0 1 16 30 109 0
30 109 0 1 64 30 109 0
30 109 0 1 64 30 109 0
30 109 0 1 64 30 109 0
30 109 0 1 127 30 109 0
30 109 0 1 127 30 109 0
30 109 0 1 127 30 109 0
30 109 0 1 152 30 109 0
30 109 0 1 152 30 109 0
30 109 0 1 152 30 109 0
30 109 0 1 152 30 109 0
30 109 0 1 85 30 109 0
30 109 0 1 85 30 109 0
30 109 0 1 85 30 109 0
0 0 1096 1 85 0 0 1096
30 109 0 1 65 30 109 0
30 109 0 1 65 30 109 0
30 109 0 1 65 30 109 0
30 109 0 1 162 30 109 0
30 109 0 1 162 30 109 0
30 109 0 1 162 30 109 0
30 109 0 1 162 30 109 0
30 109 0 1 122 30 109 0
30 109 0 1 122 30 109 0
30 109 0 1 122 30 109 0
30 109 0 1 122 30 109 0
30 109 0 1 123 30 109 0
30 109 0 1 123 30 109 0
30 109 0 1 123 30 109 0
30 109 0 1 160 30 109 0
30 109 0 1 160 30 109 0
30 109 0 1 171 30 109 0
30 109 0 1 171 30 109 0
30 109 0 1 171 30 109 0
30 109 0 1 171 30 109 0
30 109 0 1 107 30 109 0
30 109 0 1 107 30 109 0
30 109 0 1 107 30 109 0
-1
13 45
10 240 0 1 116 10 240 0
10 240 0 1 116 10 240 0
10 240 0 1 116 10 240 0
10 240 0 1 87 10 240 0
10 240 0 1 87 10 240 0
10 240 0 1 87 10 240 0
10 240 0 1 16 10 240 0
10 240 0 1 16 10 240 0
10 240 0 1 16 10 240 0
10 240 0 1 64 10 240 0
10 240 0 1 64 10 240 0
10 240 0 1 127 10 240 0
10 240 0 1 127 10 240 0
10 240 0 1 127 10 240 0
10 240 0 1 127 10 240 0
10 240 0 1 152 10 240 0
10 240 0 1 152 10 240 0
10 240 0 1 152 10 240 0
30 234 56 2 152 0 0 56 85 30 234 0
10 240 0 1 85 10 240 0
10 240 0 1 85 10 240 0
10 240 0 1 85 10 240 0
10 240 0 1 65 10 240 0
10 240 0 1 65 10 240 0
10 240 0 1 65 10 240 0
10 240 0 1 65 10 240 0
10 240 0 1 162 10 240 0
10 240 0 1 162 10 240 0
10 240 0 1 162 10 240 0
10 240 0 1 162 10 240 0
10 240 0 1 122 10 240 0
10 240 0 1 122 10 240 0
10 240 0 1 122 10 240 0
10 240 0 1 123 10 240 0
10 240 0 1 123 10 240 0
10 240 0 1 123 10 240 0
10 240 0 1 160 10 240 0
10 240 0 1 160 10 240 0
10 240 0 1 160 10 240 0
10 240 0 1 171 10 240 0
10 240 0 1 171 10 240 0
10 240 0 1 171 10 240 0
10 240 0 1 107 10 240 0
10 240 0 1 107 10 240 0
10 240 0 1 107 10 240 0
-1
14 46
30 220 0 1 116 30 220 0
30 220 0 1 116 30 220 0
30 220 0 1 116 30 220 0
30 220 0 1 87 30 220 0
30 220 0 1 87 30 220 0
30 220 0 1 87 30 220 0
30 220 0 1 16 30 220 0
30 220 0 1 16 30 220 0
30 220 0 1 16 30 220 0
30 220 0 1 64 30 220 0
30 220 0 1 64 30 220 0
30 220 0 1 127 30 220 0
30 220 0 1 127 30 220 0
30 220 0 1 127 30 220 0
30 220 0 1 127 30 220 0
30 220 0 1 152 30 220 0
30 220 0 1 152 30 220 0
30 220 0 1 152 30 220 0
30 220 0 1 85 30 220 0
30 220 0 1 85 30 220 0
30 220 0 1 85 30 220 0
30 220 0 1 85 30 220 0
30 220 0 1 65 30 220 0
30 220 0 1 65 30 220 0
30 220 0 1 65 30 220 0
30 220 0 1 65 30 220 0
30 220 0 1 162 30 220 0
30 220 0 1 162 30 220 0
30 220 0 1 162 30 220 0
30 166 540 2 162 0 0 540 122 30 166 0
30 220 0 1 122 30 220 0
30 220 0 1 122 30 220 0
30 220 0 1 122 30 220 0
30 220 0 1 123 30 220 0
30 220 0 1 123 30 220 0
30 220 0 1 123 30 220 0
30 220 0 1 160 30 220 0
30 220 0 1 160 30 220 0
30 220 0 1 160 30 220 0
30 220 0 1 171 30 220 0
30 220 0 1 171 30 220 0
30 220 0 1 171 30 220 0
30 220 0 1 107 30 220 0
30 220 0 1 107 30 220 0
30 220 0 1 107 30 220 0
30 220 0 1 107 30 220 0
-1
15 45
30 190 0 1 116 30 190 0
30 190 0 1 116 30 190 0
30 190 0 1 116 30 190 0
30 190 0 1 87 30 190 0
30 190 0 1 87 30 190 0
30 190 0 1 87 30 190 0
30 190 0 1 16 30 190 0
30 190 0 1 16 30 190 0
30 190 0 1 16 30 190 0
30 190 0 1 64 30 190 0
30 190 0 1 64 30 190 0
30 190 0 1 127 30 190 0
30 190 0 1 127 30 190 0
30 190 0 1 127 30 190 0
35 70 1199 2 127 0 67 1199 152 35 3 0
30 190 0 1 152 30 190 0
30 190 0 1 152 30 190 0
30 190 0 1 152 30 190 0
30 190 0 1 85 30 190 0
30 190 0 1 85 30 190 0
30 190 0 1 85 30 190 0
30 190 0 1 85 30 190 0
30 190 0 1 65 30 190 0
30 190 0 1 65 30 190 0
30 190 0 1 65 30 190 0
30 190 0 1 65 30 190 0
30 190 0 1 162 30 190 0
30 190 0 1 162 30 190 0
30 190 0 1 162 30 190 0
30 190 0 1 122 30 190 0
30 190 0 1 122 30 190 0
30 190 0 1 122 30 190 0
30 190 0 1 122 30 190 0
30 190 0 1 123 30 190 0
30 190 0 1 123 30 190 0
30 190 0 1 123 30 190 0
30 190 0 1 160 30 190 0
30 190 0 1 160 30 190 0
0 171 196 1 160 0 171 196
30 190 0 1 171 30 190 0
30 190 0 1 171 30 190 0
30 190 0 1 171 30 190 0
30 190 0 1 107 30 190 0
30 190 0 1 107 30 190 0
30 190 0 1 107 30 190 0
-1
