1 17
20 149 0 1 9 20 149 0
20 149 0 1 9 20 149 0
20 149 0 1 9 20 149 0
20 149 0 1 9 20 149 0
20 149 0 1 9 20 149 0
20 149 0 1 9 20 149 0
20 149 0 1 9 20 149 0
20 149 0 1 9 20 149 0
20 149 0 1 9 20 149 0
20 149 0 1 9 20 149 0
20 149 0 1 9 20 149 0
20 107 420 2 9 0 0 420 6 20 107 0
20 149 0 1 6 20 149 0
20 149 0 1 6 20 149 0
20 149 0 1 6 20 149 0
20 149 0 1 6 20 149 0
20 149 0 1 6 20 149 0
-1
2 18
20 166 0 1 9 20 166 0
20 166 0 1 9 20 166 0
20 166 0 1 9 20 166 0
20 166 0 1 9 20 166 0
20 166 0 1 9 20 166 0
20 166 0 1 9 20 166 0
20 166 0 1 9 20 166 0
20 166 0 1 9 20 166 0
20 166 0 1 9 20 166 0
20 166 0 1 9 20 166 0
20 166 0 1 9 20 166 0
0 74 924 1 9 0 74 924
20 166 0 1 6 20 166 0
20 166 0 1 6 20 166 0
20 166 0 1 6 20 166 0
20 166 0 1 6 20 166 0
20 166 0 1 6 20 166 0
20 166 0 1 6 20 166 0
-1
3 18
30 233 0 1 9 30 233 0
30 233 0 1 9 30 233 0
30 233 0 1 9 30 233 0
30 233 0 1 9 30 233 0
30 233 0 1 9 30 233 0
30 233 0 1 9 30 233 0
30 233 0 1 9 30 233 0
30 233 0 1 9 30 233 0
30 233 0 1 9 30 233 0
30 233 0 1 9 30 233 0
30 233 0 1 9 30 233 0
30 233 0 1 9 30 233 0
30 233 0 1 6 30 233 0
30 233 0 1 6 30 233 0
30 233 0 1 6 30 233 0
30 233 0 1 6 30 233 0
30 233 0 1 6 30 233 0
30 233 0 1 6 30 233 0
-1
4 18
20 152 0 1 9 20 152 0
20 152 0 1 9 20 152 0
20 152 0 1 9 20 152 0
20 152 0 1 9 20 152 0
20 152 0 1 9 20 152 0
20 152 0 1 9 20 152 0
20 152 0 1 9 20 152 0
20 152 0 1 9 20 152 0
20 152 0 1 9 20 152 0
20 152 0 1 9 20 152 0
20 152 0 1 9 20 152 0
20 152 0 1 6 20 152 0
20 152 0 1 6 20 152 0
20 152 0 1 6 20 152 0
20 152 0 1 6 20 152 0
20 152 0 1 6 20 152 0
20 152 0 1 6 20 152 0
20 152 0 1 6 20 152 0
-1
5 18
30 249 0 1 9 30 249 0
30 249 0 1 9 30 249 0
30 249 0 1 9 30 249 0
30 249 0 1 9 30 249 0
30 249 0 1 9 30 249 0
30 249 0 1 9 30 249 0
30 249 0 1 9 30 249 0
30 249 0 1 9 30 249 0
30 249 0 1 9 30 249 0
30 249 0 1 9 30 249 0
30 249 0 1 9 30 249 0
30 249 0 1 6 30 249 0
30 249 0 1 6 30 249 0
30 249 0 1 6 30 249 0
30 249 0 1 6 30 249 0
30 249 0 1 6 30 249 0
30 249 0 1 6 30 249 0
30 249 0 1 6 30 249 0
-1
