1 18
0 8333 1 1 23 0 8333 1
0 8053 1245 2 23 0 278 1245 153 0 7775 0
0 7999 1485 2 153 0 2978 1484 189 0 5021 1
0 8140 859 2 189 0 116 859 77 0 8024 0
0 8333 1 1 150 0 8333 1
0 8143 845 1 1 0 8143 845
1 8210 545 2 31 0 2331 545 36 1 5879 0
0 8070 1170 2 36 0 2038 1169 163 0 6032 1
0 8155 792 2 178 0 5698 790 95 0 2457 2
0 8333 1 1 193 0 8333 1
0 8029 1352 2 193 0 1223 1350 98 0 6806 2
1 7916 1852 3 98 0 734 1125 52 0 6543 727 39 1 639 0
0 8206 565 2 39 0 1842 565 34 0 6364 0
0 7911 1877 3 34 0 2436 1267 146 0 5472 608 195 0 3 2
1 8220 500 2 195 0 1912 500 57 1 6308 0
0 8113 979 2 90 0 7011 979 155 0 1102 0
0 7942 1739 3 155 0 5491 1140 84 0 2248 597 183 0 203 2
0 8138 868 2 183 0 3062 650 137 0 5076 218
-1
2 24
1 416 0 1 95 1 416 0
1 416 0 1 95 1 416 0
1 416 0 1 95 1 416 0
1 416 0 1 95 1 416 0
1 416 0 1 95 1 416 0
1 416 0 1 95 1 416 0
1 416 0 1 95 1 416 0
1 416 0 1 95 1 416 0
0 207 931 2 95 0 1 931 84 0 206 0
1 416 0 1 84 1 416 0
1 416 0 1 84 1 416 0
1 416 0 1 84 1 416 0
1 416 0 1 84 1 416 0
1 416 0 1 84 1 416 0
1 416 0 1 84 1 416 0
1 416 0 1 84 1 416 0
1 416 0 1 70 1 416 0
1 416 0 1 70 1 416 0
1 416 0 1 70 1 416 0
1 416 0 1 70 1 416 0
1 416 0 1 70 1 416 0
1 416 0 1 70 1 416 0
1 416 0 1 70 1 416 0
1 416 0 1 70 1 416 0
-1
3 32
1 1465 0 1 63 1 1465 0
1 1465 0 1 63 1 1465 0
1 1179 1272 2 63 0 104 1271 100 1 1075 1
1 1465 0 1 100 1 1465 0
0 1234 1030 2 100 0 1135 1030 30 0 99 0
1 1465 0 1 30 1 1465 0
1 1465 0 1 30 1 1465 0
1 1465 0 1 93 1 1465 0
1 1465 0 1 93 1 1465 0
1 1465 0 1 50 1 1465 0
1 1465 0 1 50 1 1465 0
0 1222 1083 2 50 0 166 1083 134 0 1056 0
1 1465 0 1 134 1 1465 0
0 1246 977 2 134 0 651 975 7 0 595 2
1 1465 0 1 7 1 1465 0
1 1465 0 1 106 1 1465 0
1 1465 0 1 106 1 1465 0
1 1465 0 1 188 1 1465 0
1 1465 0 1 188 1 1465 0
1 1465 0 1 22 1 1465 0
1 1465 0 1 22 1 1465 0
1 1465 0 1 22 1 1465 0
1 1465 0 1 101 1 1465 0
0 1301 732 2 101 0 664 732 185 0 637 0
1 1465 0 1 185 1 1465 0
1 1465 0 1 160 1 1465 0
1 1465 0 1 160 1 1465 0
1 1465 0 1 26 1 1465 0
1 1465 0 1 26 1 1465 0
1 1465 0 1 26 1 1465 0
1 1465 0 1 80 1 1465 0
1 1465 0 1 80 1 1465 0
-1
4 24
0 1083 1 1 23 0 1083 1
0 1083 1 1 153 0 1083 1
0 1083 1 1 189 0 1083 1
0 832 1117 2 77 0 482 1115 150 0 350 2
0 824 1152 2 150 0 174 1151 1 0 650 1
0 1083 1 1 31 0 1083 1
0 1083 1 1 36 0 1083 1
0 1083 1 1 178 0 1083 1
0 1083 1 1 95 0 1083 1
0 1083 1 1 193 0 1083 1
0 1083 1 1 98 0 1083 1
0 1083 1 1 39 0 1083 1
0 1083 1 1 34 0 1083 1
0 1083 1 1 195 0 1083 1
0 1083 1 1 90 0 1083 1
0 1083 1 1 155 0 1083 1
0 1083 1 1 183 0 1083 1
0 1083 1 1 111 0 1083 1
0 1083 1 1 111 0 1083 1
0 1083 1 1 111 0 1083 1
0 1083 1 1 111 0 1083 1
0 1083 1 1 6 0 1083 1
0 874 930 2 6 0 0 930 115 0 874 0
0 1083 1 1 115 0 1083 1
-1
5 27
0 857 2 1 164 0 857 2
0 857 2 1 164 0 857 2
0 857 2 1 164 0 857 2
0 857 2 1 164 0 857 2
0 857 2 1 164 0 857 2
0 596 1162 2 164 0 543 1162 113 0 53 0
0 857 2 1 113 0 857 2
0 857 2 1 113 0 857 2
0 857 2 1 113 0 857 2
0 857 2 1 113 0 857 2
0 857 2 1 113 0 857 2
0 857 2 1 113 0 857 2
0 857 2 1 113 0 857 2
0 857 2 1 113 0 857 2
0 857 2 1 113 0 857 2
0 459 1771 2 113 0 118 858 182 0 341 913
0 857 2 1 70 0 857 2
0 857 2 1 70 0 857 2
0 857 2 1 70 0 857 2
0 857 2 1 70 0 857 2
0 857 2 1 70 0 857 2
0 857 2 1 70 0 857 2
0 857 2 1 70 0 857 2
0 857 2 1 70 0 857 2
1 522 1488 3 70 0 410 1162 190 0 0 325 40 1 112 1
0 857 2 1 40 0 857 2
0 857 2 1 40 0 857 2
-1
6 23
0 1529 0 1 23 0 1529 0
0 1529 0 1 153 0 1529 0
0 1529 0 1 189 0 1529 0
0 1529 0 1 77 0 1529 0
0 1529 0 1 150 0 1529 0
1 1499 131 2 1 0 0 131 31 1 1499 0
0 1529 0 1 36 0 1529 0
0 1353 782 2 163 0 1006 781 178 0 347 1
0 1529 0 1 95 0 1529 0
0 1529 0 1 193 0 1529 0
0 1529 0 1 98 0 1529 0
0 1529 0 1 39 0 1529 0
0 1529 0 1 34 0 1529 0
0 1529 0 1 195 0 1529 0
1 1355 771 2 57 0 630 771 90 1 725 0
0 1529 0 1 155 0 1529 0
0 1529 0 1 183 0 1529 0
0 1451 347 2 137 0 0 346 111 0 1451 1
0 1529 0 1 111 0 1529 0
0 1529 0 1 111 0 1529 0
0 1529 0 1 111 0 1529 0
0 1240 1285 2 111 0 1231 1284 6 0 9 1
0 1529 0 1 6 0 1529 0
-1
7 36
0 749 0 1 5 0 749 0
0 749 0 1 143 0 749 0
0 749 0 1 143 0 749 0
0 544 911 2 143 0 119 911 99 0 425 0
0 749 0 1 99 0 749 0
0 749 0 1 99 0 749 0
0 749 0 1 177 0 749 0
0 749 0 1 177 0 749 0
0 749 0 1 177 0 749 0
0 749 0 1 149 0 749 0
0 749 0 1 149 0 749 0
0 749 0 1 149 0 749 0
0 470 1240 1 149 0 470 1240
0 749 0 1 179 0 749 0
0 749 0 1 91 0 749 0
0 749 0 1 91 0 749 0
0 749 0 1 132 0 749 0
1 629 531 2 132 0 612 530 58 1 17 1
0 749 0 1 58 0 749 0
0 749 0 1 58 0 749 0
0 500 1107 2 58 0 170 1106 6 0 330 1
0 749 0 1 6 0 749 0
0 749 0 1 38 0 749 0
0 749 0 1 38 0 749 0
0 749 0 1 4 0 749 0
0 749 0 1 4 0 749 0
0 749 0 1 4 0 749 0
0 749 0 1 4 0 749 0
0 749 0 1 122 0 749 0
0 749 0 1 122 0 749 0
0 561 836 1 122 0 561 836
0 749 0 1 172 0 749 0
0 584 734 2 172 0 363 734 141 0 221 0
0 749 0 1 112 0 749 0
0 749 0 1 112 0 749 0
0 70 939 1 112 0 70 939
-1
8 35
0 1403 1 1 5 0 1403 1
0 1276 565 2 5 0 203 564 143 0 1073 1
0 1403 1 1 143 0 1403 1
0 1403 1 1 143 0 1403 1
0 1403 1 1 99 0 1403 1
0 1403 1 1 99 0 1403 1
1 1181 985 2 99 0 59 985 177 1 1122 0
0 1403 1 1 177 0 1403 1
0 1403 1 1 177 0 1403 1
0 1403 1 1 149 0 1403 1
0 1403 1 1 149 0 1403 1
0 1403 1 1 149 0 1403 1
0 1403 1 1 149 0 1403 1
0 1403 1 1 179 0 1403 1
0 1401 10 2 179 0 0 8 91 0 1401 2
0 1403 1 1 91 0 1403 1
0 1214 841 2 91 0 564 841 132 0 650 0
0 1403 1 1 132 0 1403 1
0 1403 1 1 58 0 1403 1
0 1403 1 1 58 0 1403 1
0 1403 1 1 58 0 1403 1
0 1403 1 1 6 0 1403 1
0 1383 90 1 6 0 1383 90
0 1403 1 1 38 0 1403 1
0 1234 752 2 38 0 1146 752 4 0 88 0
0 1403 1 1 4 0 1403 1
0 1403 1 1 4 0 1403 1
0 1403 1 1 4 0 1403 1
1 1071 1474 2 4 0 531 1473 122 1 540 1
0 1403 1 1 122 0 1403 1
0 1403 1 1 122 0 1403 1
0 1403 1 1 172 0 1403 1
0 1403 1 1 172 0 1403 1
0 1403 1 1 112 0 1403 1
0 1403 1 1 112 0 1403 1
-1
9 34
0 1454 0 1 15 0 1454 0
0 1454 0 1 15 0 1454 0
0 1454 0 1 88 0 1454 0
0 1454 0 1 88 0 1454 0
0 1454 0 1 46 0 1454 0
0 1454 0 1 46 0 1454 0
0 1454 0 1 168 0 1454 0
0 1454 0 1 168 0 1454 0
0 1454 0 1 130 0 1454 0
1 1334 531 2 130 0 471 530 200 1 863 1
0 1454 0 1 200 0 1454 0
0 1454 0 1 200 0 1454 0
0 1454 0 1 121 0 1454 0
0 1454 0 1 121 0 1454 0
0 1454 0 1 121 0 1454 0
0 1454 0 1 191 0 1454 0
0 1454 0 1 191 0 1454 0
0 1454 0 1 191 0 1454 0
0 1119 1489 2 191 0 208 1489 156 0 911 0
0 1454 0 1 156 0 1454 0
1 1246 922 2 156 0 388 921 19 1 858 1
0 1454 0 1 19 0 1454 0
0 1454 0 1 118 0 1454 0
0 1387 298 1 118 0 1387 298
0 1454 0 1 32 0 1454 0
0 1454 0 1 32 0 1454 0
0 1454 0 1 32 0 1454 0
0 1454 0 1 115 0 1454 0
0 1454 0 1 115 0 1454 0
0 1454 0 1 109 0 1454 0
0 1454 0 1 109 0 1454 0
0 1454 0 1 109 0 1454 0
0 1454 0 1 20 0 1454 0
0 1454 0 1 20 0 1454 0
-1
10 27
0 1162 2 1 164 0 1162 2
0 1162 2 1 164 0 1162 2
0 1162 2 1 164 0 1162 2
0 1162 2 1 164 0 1162 2
0 1162 2 1 164 0 1162 2
0 1162 2 1 182 0 1162 2
0 1162 2 1 182 0 1162 2
0 1162 2 1 182 0 1162 2
0 1162 2 1 182 0 1162 2
0 1162 2 1 182 0 1162 2
0 1162 2 1 182 0 1162 2
0 1162 2 1 182 0 1162 2
0 1162 2 1 182 0 1162 2
0 1162 2 1 182 0 1162 2
0 1162 2 1 182 0 1162 2
0 1073 397 2 182 0 0 396 155 0 1073 1
0 1162 2 1 190 0 1162 2
0 1162 2 1 190 0 1162 2
0 1162 2 1 190 0 1162 2
0 1162 2 1 190 0 1162 2
0 1162 2 1 190 0 1162 2
0 1162 2 1 190 0 1162 2
0 1162 2 1 190 0 1162 2
0 1010 677 1 190 0 1010 677
0 1162 2 1 40 0 1162 2
0 1162 2 1 40 0 1162 2
0 664 526 1 40 0 664 526
-1
11 33
0 1417 2 1 63 0 1417 2
0 1417 2 1 63 0 1417 2
0 1417 2 1 63 0 1417 2
0 1417 2 1 100 0 1417 2
0 1417 2 1 100 0 1417 2
0 1417 2 1 30 0 1417 2
0 1417 2 1 30 0 1417 2
0 1417 2 1 30 0 1417 2
0 1417 2 1 93 0 1417 2
0 1417 2 1 93 0 1417 2
0 1417 2 1 50 0 1417 2
0 1417 2 1 50 0 1417 2
0 1417 2 1 134 0 1417 2
0 1417 2 1 134 0 1417 2
0 1417 2 1 7 0 1417 2
0 1266 673 2 7 0 1204 672 106 0 62 1
0 1417 2 1 106 0 1417 2
1 1235 808 2 106 0 75 807 188 1 1160 1
0 1417 2 1 188 0 1417 2
1 1185 1030 2 188 0 974 1029 22 1 211 1
0 1417 2 1 22 0 1417 2
0 1417 2 1 22 0 1417 2
0 1106 1384 2 22 0 833 1382 101 0 273 2
0 1417 2 1 101 0 1417 2
0 1417 2 1 185 0 1417 2
0 1417 2 1 185 0 1417 2
0 1417 2 1 160 0 1417 2
0 1417 2 1 160 0 1417 2
0 1417 2 1 26 0 1417 2
0 1417 2 1 26 0 1417 2
0 1181 1051 1 26 0 1181 1051
0 1417 2 1 80 0 1417 2
0 1225 855 2 80 0 635 855 142 0 590 0
-1
12 33
0 1377 2 1 15 0 1377 2
0 1217 713 2 15 0 741 713 88 0 476 0
0 1377 2 1 88 0 1377 2
0 1377 2 1 88 0 1377 2
0 1377 2 1 46 0 1377 2
0 1205 766 2 46 0 465 764 168 0 740 2
0 1377 2 1 168 0 1377 2
0 1377 2 1 168 0 1377 2
0 1377 2 1 130 0 1377 2
0 1377 2 1 200 0 1377 2
0 1377 2 1 200 0 1377 2
0 1377 2 1 200 0 1377 2
0 1377 2 1 121 0 1377 2
0 1377 2 1 121 0 1377 2
0 1377 2 1 121 0 1377 2
0 1377 2 1 191 0 1377 2
0 1377 2 1 191 0 1377 2
0 1377 2 1 191 0 1377 2
0 1377 2 1 156 0 1377 2
0 1377 2 1 156 0 1377 2
0 1377 2 1 19 0 1377 2
0 1377 2 1 19 0 1377 2
0 1377 2 1 118 0 1377 2
0 1286 406 2 118 0 0 404 32 0 1286 2
0 1377 2 1 32 0 1377 2
0 1377 2 1 32 0 1377 2
0 1049 1459 2 32 0 556 1459 20 0 493 0
0 1377 2 1 115 0 1377 2
0 1377 2 1 115 0 1377 2
0 1377 2 1 109 0 1377 2
0 1377 2 1 109 0 1377 2
0 1088 1286 2 109 0 816 1285 20 0 272 1
0 1377 2 1 20 0 1377 2
-1
13 32
1 1401 0 1 63 1 1401 0
1 1401 0 1 63 1 1401 0
1 1401 0 1 63 1 1401 0
1 1401 0 1 100 1 1401 0
1 1401 0 1 100 1 1401 0
1 1401 0 1 30 1 1401 0
1 1401 0 1 30 1 1401 0
0 1147 1131 2 30 0 138 1130 93 0 1009 1
1 1401 0 1 93 1 1401 0
1 1194 920 2 93 0 148 920 50 1 1046 0
1 1401 0 1 50 1 1401 0
1 1401 0 1 50 1 1401 0
1 1401 0 1 134 1 1401 0
1 1401 0 1 134 1 1401 0
1 1401 0 1 7 1 1401 0
1 1401 0 1 106 1 1401 0
1 1401 0 1 106 1 1401 0
1 1401 0 1 188 1 1401 0
1 1401 0 1 188 1 1401 0
1 1401 0 1 22 1 1401 0
1 1401 0 1 22 1 1401 0
1 1401 0 1 22 1 1401 0
1 1401 0 1 101 1 1401 0
1 1401 0 1 101 1 1401 0
1 1401 0 1 185 1 1401 0
1 1227 773 2 185 0 654 773 160 1 573 0
1 1401 0 1 160 1 1401 0
0 1201 891 2 160 0 304 890 26 0 897 1
1 1401 0 1 26 1 1401 0
1 1401 0 1 26 1 1401 0
0 1336 291 2 26 0 0 290 80 0 1336 1
1 1401 0 1 80 1 1401 0
-1
14 37
0 1365 0 1 5 0 1365 0
0 1365 0 1 5 0 1365 0
0 1365 0 1 143 0 1365 0
0 1365 0 1 143 0 1365 0
0 1365 0 1 99 0 1365 0
0 1365 0 1 99 0 1365 0
0 1365 0 1 99 0 1365 0
0 1365 0 1 177 0 1365 0
0 1365 0 1 177 0 1365 0
1 1115 1108 2 177 0 1084 1108 149 1 31 0
0 1365 0 1 149 0 1365 0
0 1365 0 1 149 0 1365 0
0 1365 0 1 149 0 1365 0
0 1333 142 2 149 0 0 140 179 0 1333 2
0 1249 515 1 179 0 1249 515
0 1365 0 1 91 0 1365 0
0 1365 0 1 91 0 1365 0
0 1365 0 1 132 0 1365 0
0 1365 0 1 58 0 1365 0
0 1365 0 1 58 0 1365 0
0 1365 0 1 58 0 1365 0
0 1365 0 1 6 0 1365 0
0 1365 0 1 6 0 1365 0
0 1365 0 1 38 0 1365 0
0 1365 0 1 38 0 1365 0
0 1365 0 1 4 0 1365 0
0 1365 0 1 4 0 1365 0
0 1365 0 1 4 0 1365 0
0 1365 0 1 4 0 1365 0
0 1365 0 1 122 0 1365 0
0 1365 0 1 122 0 1365 0
0 1350 66 2 122 0 0 65 172 0 1350 1
0 1365 0 1 172 0 1365 0
0 1365 0 1 112 0 1365 0
0 1365 0 1 112 0 1365 0
0 1365 0 1 112 0 1365 0
0 1365 0 1 141 0 1365 0
-1
15 33
0 1418 1 1 15 0 1418 1
0 1418 1 1 88 0 1418 1
0 1418 1 1 88 0 1418 1
0 1184 1041 2 88 0 440 1040 46 0 744 1
0 1418 1 1 46 0 1418 1
0 1418 1 1 168 0 1418 1
0 1418 1 1 168 0 1418 1
0 1162 1139 2 168 0 1085 1139 130 0 77 0
0 1418 1 1 130 0 1418 1
0 1418 1 1 200 0 1418 1
0 1418 1 1 200 0 1418 1
1 1138 1243 2 200 0 520 1242 121 1 618 1
0 1418 1 1 121 0 1418 1
0 1418 1 1 121 0 1418 1
0 1107 1383 2 121 0 580 1383 191 0 527 0
0 1418 1 1 191 0 1418 1
0 1418 1 1 191 0 1418 1
0 1418 1 1 191 0 1418 1
0 1418 1 1 156 0 1418 1
0 1418 1 1 156 0 1418 1
0 1418 1 1 19 0 1418 1
0 1244 774 2 19 0 535 774 118 0 709 0
0 1418 1 1 118 0 1418 1
0 1418 1 1 32 0 1418 1
0 1418 1 1 32 0 1418 1
0 1418 1 1 32 0 1418 1
0 1418 1 1 115 0 1418 1
0 1418 1 1 115 0 1418 1
0 1151 1188 2 115 0 291 1187 109 0 860 1
0 1418 1 1 109 0 1418 1
0 1418 1 1 109 0 1418 1
0 1418 1 1 20 0 1418 1
0 1418 1 1 20 0 1418 1
-1
