1 37
1 6451 0 1 885 1 6451 0
0 6135 1363 2 885 0 4323 1362 999 0 1812 1
1 6223 982 2 999 0 5543 981 729 1 680 1
1 6286 711 2 729 0 4244 711 944 1 2042 0
1 6331 517 2 944 0 1118 516 456 1 5213 1
0 6135 1363 2 456 0 5579 1363 249 0 556 0
1 6451 0 1 249 1 6451 0
1 6118 1434 2 249 0 2923 1433 448 1 3195 1
1 6249 870 2 448 0 3160 870 806 1 3089 0
1 6451 0 1 806 1 6451 0
1 6451 0 1 57 1 6451 0
2 6241 903 2 57 0 0 903 747 2 6241 0
1 6160 1253 2 747 0 3551 1253 1095 1 2609 0
1 6451 0 1 1095 1 6451 0
0 6121 1423 2 1095 0 779 1423 838 0 5342 0
0 6288 704 1 838 0 6288 704
0 6299 657 2 218 0 4605 656 741 0 1694 1
0 6282 730 2 741 0 3393 729 294 0 2889 1
1 6327 534 2 294 0 443 534 463 1 5884 0
0 6240 911 2 463 0 84 828 911 0 6156 83
1 6451 0 1 936 1 6451 0
0 6135 1363 2 936 0 2979 1362 1050 0 3156 1
2 6189 1127 2 1050 0 5513 1127 47 2 676 0
2 6246 881 2 47 0 5768 881 228 2 478 0
1 6306 625 2 228 0 3662 625 140 1 2644 0
0 6210 1040 2 140 0 5223 1039 737 0 987 1
1 6229 956 2 737 0 6134 955 647 1 95 1
1 6451 0 1 647 1 6451 0
0 6111 1466 2 647 0 3689 1466 1137 0 2422 0
1 6229 956 2 1137 0 4690 955 710 1 1539 1
0 6290 695 2 710 0 3241 695 509 0 3049 0
1 6192 1116 2 509 0 5512 1116 162 1 680 0
1 6285 715 2 162 0 4262 714 297 1 2023 1
2 6174 1191 2 297 0 105 1191 472 2 6069 0
0 6164 1238 2 472 0 3588 1238 935 0 2576 0
1 6451 0 1 935 1 6451 0
1 6126 1400 2 935 0 606 1400 799 1 5520 0
-1
2 66
1 322 0 1 307 1 322 0
1 322 0 1 307 1 322 0
1 322 0 1 307 1 322 0
1 322 0 1 307 1 322 0
1 322 0 1 307 1 322 0
1 108 922 2 307 0 0 922 802 1 108 0
1 322 0 1 802 1 322 0
1 322 0 1 802 1 322 0
1 322 0 1 802 1 322 0
1 322 0 1 802 1 322 0
1 322 0 1 680 1 322 0
1 322 0 1 680 1 322 0
1 322 0 1 680 1 322 0
1 322 0 1 680 1 322 0
1 322 0 1 948 1 322 0
1 322 0 1 948 1 322 0
1 322 0 1 948 1 322 0
1 322 0 1 948 1 322 0
1 322 0 1 948 1 322 0
1 322 0 1 948 1 322 0
1 322 0 1 948 1 322 0
1 322 0 1 948 1 322 0
1 2 1378 2 948 0 0 1377 611 1 2 1
1 322 0 1 611 1 322 0
1 322 0 1 611 1 322 0
1 322 0 1 611 1 322 0
1 322 0 1 611 1 322 0
0 320 11 1 611 0 320 11
1 322 0 1 26 1 322 0
1 322 0 1 26 1 322 0
1 322 0 1 26 1 322 0
1 322 0 1 26 1 322 0
1 322 0 1 626 1 322 0
1 322 0 1 626 1 322 0
1 322 0 1 626 1 322 0
1 322 0 1 626 1 322 0
1 322 0 1 626 1 322 0
1 322 0 1 626 1 322 0
1 322 0 1 772 1 322 0
1 322 0 1 772 1 322 0
1 322 0 1 772 1 322 0
1 322 0 1 772 1 322 0
1 322 0 1 772 1 322 0
1 322 0 1 787 1 322 0
1 322 0 1 787 1 322 0
1 322 0 1 787 1 322 0
1 322 0 1 787 1 322 0
1 322 0 1 787 1 322 0
1 322 0 1 4 1 322 0
1 322 0 1 4 1 322 0
1 322 0 1 4 1 322 0
1 322 0 1 4 1 322 0
1 322 0 1 4 1 322 0
1 322 0 1 4 1 322 0
1 159 702 2 4 0 0 701 837 1 159 1
1 322 0 1 837 1 322 0
1 322 0 1 837 1 322 0
1 322 0 1 837 1 322 0
1 322 0 1 837 1 322 0
1 322 0 1 837 1 322 0
1 322 0 1 837 1 322 0
0 220 441 1 837 0 220 441
1 322 0 1 583 1 322 0
1 322 0 1 583 1 322 0
1 322 0 1 583 1 322 0
1 322 0 1 583 1 322 0
-1
3 58
0 778 0 1 435 0 778 0
0 778 0 1 435 0 778 0
0 778 0 1 1169 0 778 0
0 778 0 1 1169 0 778 0
0 778 0 1 373 0 778 0
0 778 0 1 373 0 778 0
0 778 0 1 373 0 778 0
0 778 0 1 440 0 778 0
0 778 0 1 440 0 778 0
0 778 0 1 440 0 778 0
0 778 0 1 440 0 778 0
0 778 0 1 689 0 778 0
0 742 155 1 689 0 742 155
0 778 0 1 683 0 778 0
0 640 594 2 683 0 341 593 603 0 299 1
0 778 0 1 603 0 778 0
0 778 0 1 603 0 778 0
0 778 0 1 603 0 778 0
0 778 0 1 613 0 778 0
0 778 0 1 613 0 778 0
0 778 0 1 180 0 778 0
0 778 0 1 180 0 778 0
0 778 0 1 180 0 778 0
0 778 0 1 180 0 778 0
1 446 1427 2 180 0 114 1427 54 1 332 0
0 778 0 1 54 0 778 0
0 778 0 1 54 0 778 0
0 778 0 1 1193 0 778 0
0 778 0 1 1193 0 778 0
0 644 577 1 1193 0 644 577
0 778 0 1 436 0 778 0
0 778 0 1 26 0 778 0
0 778 0 1 607 0 778 0
0 778 0 1 607 0 778 0
1 558 945 2 607 0 490 945 507 1 68 0
0 778 0 1 507 0 778 0
0 778 0 1 507 0 778 0
0 664 491 1 507 0 664 491
0 778 0 1 475 0 778 0
0 778 0 1 475 0 778 0
0 778 0 1 227 0 778 0
0 778 0 1 227 0 778 0
0 725 228 1 227 0 725 228
0 778 0 1 113 0 778 0
0 778 0 1 485 0 778 0
0 778 0 1 485 0 778 0
0 778 0 1 485 0 778 0
1 540 1023 2 485 0 303 1022 633 1 237 1
0 778 0 1 633 0 778 0
0 625 659 2 633 0 618 659 503 0 7 0
0 778 0 1 503 0 778 0
0 778 0 1 503 0 778 0
2 557 948 2 503 0 510 948 942 2 47 0
0 778 0 1 942 0 778 0
0 778 0 1 942 0 778 0
0 778 0 1 942 0 778 0
0 778 0 1 942 0 778 0
0 778 0 1 740 0 778 0
-1
4 53
1 1078 1 1 805 1 1078 1
1 1078 1 1 805 1 1078 1
1 1078 1 1 805 1 1078 1
1 1078 1 1 805 1 1078 1
0 785 1264 2 805 0 309 1263 696 0 476 1
1 1078 1 1 696 1 1078 1
1 1078 1 1 696 1 1078 1
1 1078 1 1 696 1 1078 1
1 1078 1 1 257 1 1078 1
1 1078 1 1 257 1 1078 1
1 1078 1 1 257 1 1078 1
1 1078 1 1 257 1 1078 1
1 1078 1 1 257 1 1078 1
1 1078 1 1 1142 1 1078 1
1 1078 1 1 1142 1 1078 1
1 1078 1 1 1142 1 1078 1
1 1078 1 1 1142 1 1078 1
1 1078 1 1 1142 1 1078 1
1 1078 1 1 234 1 1078 1
1 1078 1 1 234 1 1078 1
1 1078 1 1 234 1 1078 1
0 836 1045 2 234 0 681 1044 512 0 155 1
1 1078 1 1 512 1 1078 1
1 1078 1 1 512 1 1078 1
1 1078 1 1 512 1 1078 1
1 815 1133 2 512 0 597 1133 1037 1 218 0
1 1078 1 1 1037 1 1078 1
0 942 588 1 1037 0 942 588
1 1078 1 1 268 1 1078 1
1 1078 1 1 268 1 1078 1
1 1078 1 1 268 1 1078 1
1 1078 1 1 268 1 1078 1
0 776 1303 1 268 0 776 1303
1 1078 1 1 84 1 1078 1
0 958 519 2 84 0 509 519 1132 0 449 0
1 1078 1 1 1132 1 1078 1
0 937 610 2 1132 0 849 610 965 0 88 0
1 1078 1 1 965 1 1078 1
1 1078 1 1 965 1 1078 1
1 826 1086 2 965 0 712 1086 969 1 114 0
1 1078 1 1 969 1 1078 1
1 1078 1 1 969 1 1078 1
1 1078 1 1 969 1 1078 1
1 1078 1 1 191 1 1078 1
1 1078 1 1 191 1 1078 1
1 1078 1 1 191 1 1078 1
1 842 1017 2 191 0 268 1016 147 1 574 1
1 1078 1 1 147 1 1078 1
1 1078 1 1 147 1 1078 1
2 804 1179 2 147 0 138 1179 1149 2 666 0
1 1078 1 1 1149 1 1078 1
1 1078 1 1 1149 1 1078 1
1 1078 1 1 1149 1 1078 1
-1
5 46
1 835 0 1 287 1 835 0
1 835 0 1 287 1 835 0
1 835 0 1 287 1 835 0
0 663 742 2 287 0 414 742 51 0 249 0
1 835 0 1 51 1 835 0
1 835 0 1 51 1 835 0
1 835 0 1 51 1 835 0
1 835 0 1 51 1 835 0
1 615 947 2 51 0 235 947 790 1 380 0
1 835 0 1 790 1 835 0
1 835 0 1 790 1 835 0
1 835 0 1 790 1 835 0
0 651 794 2 790 0 501 794 438 0 150 0
0 494 1470 2 438 0 399 1469 828 0 95 1
1 835 0 1 828 1 835 0
1 835 0 1 828 1 835 0
1 835 0 1 828 1 835 0
1 835 0 1 828 1 835 0
1 835 0 1 182 1 835 0
1 835 0 1 182 1 835 0
1 835 0 1 182 1 835 0
0 664 738 2 182 0 369 737 1104 0 295 1
1 835 0 1 1104 1 835 0
1 835 0 1 1104 1 835 0
1 835 0 1 1104 1 835 0
1 835 0 1 1104 1 835 0
1 835 0 1 1104 1 835 0
1 835 0 1 1104 1 835 0
0 516 1375 2 1104 0 500 1375 297 0 16 0
1 835 0 1 297 1 835 0
1 835 0 1 297 1 835 0
1 835 0 1 297 1 835 0
1 835 0 1 297 1 835 0
1 835 0 1 1134 1 835 0
1 835 0 1 1134 1 835 0
1 835 0 1 1032 1 835 0
1 835 0 1 1032 1 835 0
1 835 0 1 1032 1 835 0
0 582 1091 2 1032 0 372 1091 44 0 210 0
1 835 0 1 44 1 835 0
1 835 0 1 44 1 835 0
1 835 0 1 44 1 835 0
0 668 721 2 44 0 6 720 653 0 662 1
1 835 0 1 653 1 835 0
1 835 0 1 653 1 835 0
1 835 0 1 653 1 835 0
-1
6 111
1 645 1 1 776 1 645 1
1 645 1 1 776 1 645 1
1 645 1 1 776 1 645 1
1 645 1 1 776 1 645 1
1 645 1 1 776 1 645 1
1 645 1 1 776 1 645 1
1 645 1 1 776 1 645 1
1 645 1 1 776 1 645 1
1 645 1 1 776 1 645 1
1 645 1 1 776 1 645 1
1 645 1 1 776 1 645 1
1 645 1 1 776 1 645 1
1 645 1 1 776 1 645 1
1 645 1 1 776 1 645 1
1 645 1 1 776 1 645 1
1 645 1 1 776 1 645 1
1 645 1 1 776 1 645 1
1 645 1 1 776 1 645 1
1 645 1 1 776 1 645 1
1 645 1 1 776 1 645 1
0 517 554 1 776 0 517 554
0 432 920 2 776 0 0 919 1129 0 432 1
1 645 1 1 1129 1 645 1
1 645 1 1 1129 1 645 1
1 645 1 1 1129 1 645 1
1 645 1 1 1129 1 645 1
1 645 1 1 1129 1 645 1
1 645 1 1 1129 1 645 1
1 645 1 1 1129 1 645 1
0 509 589 1 1129 0 509 589
1 643 10 2 1129 0 0 10 913 1 643 0
1 645 1 1 913 1 645 1
1 645 1 1 913 1 645 1
1 645 1 1 913 1 645 1
1 645 1 1 913 1 645 1
1 645 1 1 913 1 645 1
1 645 1 1 913 1 645 1
1 645 1 1 913 1 645 1
1 645 1 1 913 1 645 1
1 645 1 1 913 1 645 1
1 645 1 1 913 1 645 1
1 645 1 1 913 1 645 1
1 645 1 1 913 1 645 1
1 645 1 1 913 1 645 1
0 570 326 1 913 0 570 326
1 476 729 2 913 0 0 729 972 1 476 0
1 645 1 1 972 1 645 1
1 645 1 1 972 1 645 1
1 645 1 1 972 1 645 1
1 645 1 1 972 1 645 1
1 645 1 1 972 1 645 1
1 645 1 1 972 1 645 1
1 645 1 1 972 1 645 1
1 645 1 1 972 1 645 1
1 645 1 1 972 1 645 1
1 645 1 1 972 1 645 1
1 645 1 1 972 1 645 1
1 645 1 1 972 1 645 1
1 645 1 1 972 1 645 1
1 645 1 1 972 1 645 1
1 645 1 1 972 1 645 1
0 453 830 1 972 0 453 830
0 568 335 2 972 0 0 335 253 0 568 0
1 645 1 1 253 1 645 1
1 645 1 1 253 1 645 1
1 645 1 1 253 1 645 1
1 645 1 1 253 1 645 1
1 645 1 1 253 1 645 1
1 645 1 1 253 1 645 1
1 645 1 1 253 1 645 1
1 645 1 1 253 1 645 1
1 645 1 1 253 1 645 1
1 645 1 1 253 1 645 1
1 645 1 1 253 1 645 1
1 645 1 1 253 1 645 1
1 645 1 1 253 1 645 1
1 645 1 1 253 1 645 1
2 396 1072 2 253 0 162 1072 1069 2 234 0
1 645 1 1 1069 1 645 1
1 645 1 1 1069 1 645 1
1 645 1 1 1069 1 645 1
1 645 1 1 1069 1 645 1
1 645 1 1 1069 1 645 1
1 645 1 1 1069 1 645 1
1 645 1 1 1069 1 645 1
1 645 1 1 1069 1 645 1
1 645 1 1 1069 1 645 1
1 645 1 1 1069 1 645 1
1 645 1 1 1069 1 645 1
0 506 601 1 1069 0 506 601
1 585 260 2 1069 0 0 260 954 1 585 0
1 645 1 1 954 1 645 1
1 645 1 1 954 1 645 1
1 645 1 1 954 1 645 1
1 645 1 1 954 1 645 1
1 645 1 1 954 1 645 1
1 645 1 1 954 1 645 1
1 645 1 1 954 1 645 1
1 645 1 1 954 1 645 1
1 645 1 1 954 1 645 1
1 645 1 1 954 1 645 1
1 645 1 1 954 1 645 1
1 645 1 1 954 1 645 1
1 645 1 1 954 1 645 1
1 645 1 1 954 1 645 1
1 645 1 1 954 1 645 1
0 407 1028 1 954 0 407 1028
0 612 145 2 954 0 0 144 42 0 612 1
1 645 1 1 42 1 645 1
1 645 1 1 42 1 645 1
1 645 1 1 42 1 645 1
-1
7 67
0 889 0 1 473 0 889 0
0 889 0 1 473 0 889 0
0 889 0 1 473 0 889 0
0 889 0 1 473 0 889 0
0 889 0 1 89 0 889 0
0 889 0 1 89 0 889 0
0 889 0 1 89 0 889 0
1 676 915 2 89 0 349 914 1081 1 327 1
0 889 0 1 1081 0 889 0
0 889 0 1 1081 0 889 0
0 889 0 1 1081 0 889 0
0 769 516 1 1081 0 769 516
0 889 0 1 150 0 889 0
0 889 0 1 150 0 889 0
0 889 0 1 150 0 889 0
0 889 0 1 150 0 889 0
0 889 0 1 150 0 889 0
0 889 0 1 152 0 889 0
0 889 0 1 152 0 889 0
1 749 601 2 152 0 453 600 1135 1 296 1
0 889 0 1 1135 0 889 0
0 889 0 1 1135 0 889 0
0 889 0 1 1135 0 889 0
0 889 0 1 1135 0 889 0
0 808 348 2 1135 0 0 348 119 0 808 0
0 889 0 1 119 0 889 0
0 889 0 1 119 0 889 0
0 889 0 1 119 0 889 0
0 889 0 1 119 0 889 0
0 889 0 1 119 0 889 0
0 889 0 1 466 0 889 0
0 889 0 1 466 0 889 0
0 889 0 1 466 0 889 0
1 693 842 2 466 0 625 842 267 1 68 0
0 889 0 1 267 0 889 0
0 889 0 1 267 0 889 0
0 889 0 1 267 0 889 0
0 675 921 2 267 0 29 921 718 0 646 0
0 889 0 1 718 0 889 0
0 889 0 1 718 0 889 0
0 889 0 1 718 0 889 0
0 853 155 2 718 0 0 154 325 0 853 1
0 889 0 1 325 0 889 0
1 689 859 2 325 0 104 858 291 1 585 1
0 889 0 1 291 0 889 0
0 889 0 1 291 0 889 0
0 889 0 1 291 0 889 0
0 889 0 1 291 0 889 0
0 889 0 1 177 0 889 0
0 889 0 1 177 0 889 0
0 889 0 1 478 0 889 0
0 889 0 1 478 0 889 0
0 889 0 1 478 0 889 0
0 889 0 1 1039 0 889 0
0 889 0 1 1039 0 889 0
0 889 0 1 1039 0 889 0
0 889 0 1 1039 0 889 0
0 889 0 1 492 0 889 0
0 889 0 1 492 0 889 0
0 889 0 1 492 0 889 0
0 749 602 1 492 0 749 602
0 889 0 1 372 0 889 0
0 889 0 1 372 0 889 0
0 889 0 1 372 0 889 0
0 889 0 1 372 0 889 0
0 889 0 1 1006 0 889 0
0 889 0 1 1006 0 889 0
-1
8 58
2 1090 0 1 435 2 1090 0
2 1090 0 1 435 2 1090 0
2 1090 0 1 1169 2 1090 0
2 1090 0 1 1169 2 1090 0
2 1090 0 1 373 2 1090 0
2 1090 0 1 373 2 1090 0
2 1090 0 1 373 2 1090 0
2 1090 0 1 440 2 1090 0
2 1090 0 1 440 2 1090 0
2 1090 0 1 440 2 1090 0
2 1090 0 1 440 2 1090 0
2 1090 0 1 689 2 1090 0
2 1090 0 1 689 2 1090 0
2 1090 0 1 683 2 1090 0
2 1090 0 1 683 2 1090 0
2 1090 0 1 603 2 1090 0
2 1090 0 1 603 2 1090 0
2 1090 0 1 603 2 1090 0
1 815 1186 2 603 0 530 1186 613 1 285 0
2 1090 0 1 613 2 1090 0
1 1004 372 2 613 0 0 372 180 1 1004 0
2 1090 0 1 180 2 1090 0
2 1090 0 1 180 2 1090 0
2 1090 0 1 180 2 1090 0
2 1090 0 1 180 2 1090 0
2 1090 0 1 54 2 1090 0
2 1090 0 1 54 2 1090 0
2 888 870 2 54 0 574 870 1193 2 314 0
2 1090 0 1 1193 2 1090 0
2 1090 0 1 1193 2 1090 0
2 1090 0 1 436 2 1090 0
0 975 499 2 436 0 541 499 26 0 434 0
2 1090 0 1 607 2 1090 0
2 1090 0 1 607 2 1090 0
2 1090 0 1 607 2 1090 0
2 1090 0 1 507 2 1090 0
2 1090 0 1 507 2 1090 0
2 1090 0 1 507 2 1090 0
2 1090 0 1 475 2 1090 0
2 1090 0 1 475 2 1090 0
1 898 829 2 475 0 529 828 227 1 369 1
2 1090 0 1 227 2 1090 0
2 1090 0 1 227 2 1090 0
2 1090 0 1 113 2 1090 0
1 968 527 2 113 0 858 526 485 1 110 1
2 1090 0 1 485 2 1090 0
2 1090 0 1 485 2 1090 0
2 1090 0 1 485 2 1090 0
2 1090 0 1 633 2 1090 0
2 1090 0 1 633 2 1090 0
2 1090 0 1 503 2 1090 0
2 1090 0 1 503 2 1090 0
2 1090 0 1 503 2 1090 0
2 1090 0 1 942 2 1090 0
2 1090 0 1 942 2 1090 0
2 1090 0 1 942 2 1090 0
2 1090 0 1 942 2 1090 0
1 749 1470 2 942 0 387 1469 740 1 362 1
-1
9 68
0 849 0 1 473 0 849 0
0 849 0 1 473 0 849 0
0 849 0 1 473 0 849 0
1 647 868 2 473 0 104 867 89 1 543 1
0 849 0 1 89 0 849 0
0 849 0 1 89 0 849 0
0 849 0 1 89 0 849 0
0 849 0 1 1081 0 849 0
0 849 0 1 1081 0 849 0
0 849 0 1 1081 0 849 0
0 849 0 1 1081 0 849 0
1 729 515 2 1081 0 0 515 150 1 729 0
0 849 0 1 150 0 849 0
0 849 0 1 150 0 849 0
0 849 0 1 150 0 849 0
0 849 0 1 150 0 849 0
0 667 783 1 150 0 667 783
0 849 0 1 152 0 849 0
0 849 0 1 152 0 849 0
0 849 0 1 1135 0 849 0
0 849 0 1 1135 0 849 0
0 849 0 1 1135 0 849 0
0 849 0 1 1135 0 849 0
0 849 0 1 1135 0 849 0
0 849 0 1 119 0 849 0
0 849 0 1 119 0 849 0
0 849 0 1 119 0 849 0
0 849 0 1 119 0 849 0
0 849 0 1 119 0 849 0
0 849 0 1 119 0 849 0
0 849 0 1 466 0 849 0
0 849 0 1 466 0 849 0
0 849 0 1 466 0 849 0
0 849 0 1 267 0 849 0
0 849 0 1 267 0 849 0
0 849 0 1 267 0 849 0
0 849 0 1 267 0 849 0
0 849 0 1 718 0 849 0
0 849 0 1 718 0 849 0
0 849 0 1 718 0 849 0
0 849 0 1 718 0 849 0
0 849 0 1 325 0 849 0
0 849 0 1 325 0 849 0
0 849 0 1 291 0 849 0
0 849 0 1 291 0 849 0
0 849 0 1 291 0 849 0
0 849 0 1 291 0 849 0
0 849 0 1 291 0 849 0
0 849 0 1 177 0 849 0
0 849 0 1 177 0 849 0
0 849 0 1 478 0 849 0
0 849 0 1 478 0 849 0
0 681 723 2 478 0 546 723 1039 0 135 0
0 849 0 1 1039 0 849 0
0 849 0 1 1039 0 849 0
0 849 0 1 1039 0 849 0
0 849 0 1 1039 0 849 0
0 849 0 1 492 0 849 0
0 849 0 1 492 0 849 0
0 849 0 1 492 0 849 0
0 780 297 2 492 0 0 297 372 0 780 0
0 849 0 1 372 0 849 0
0 849 0 1 372 0 849 0
0 849 0 1 372 0 849 0
0 601 1067 1 372 0 601 1067
0 849 0 1 1006 0 849 0
0 849 0 1 1006 0 849 0
0 635 633 1 1006 0 635 633
-1
10 68
1 1069 1 1 320 1 1069 1
1 1069 1 1 320 1 1069 1
1 1069 1 1 320 1 1069 1
1 1069 1 1 320 1 1069 1
1 1069 1 1 320 1 1069 1
1 1069 1 1 320 1 1069 1
1 1069 1 1 320 1 1069 1
1 1069 1 1 320 1 1069 1
1 1069 1 1 320 1 1069 1
0 818 1083 2 320 0 198 1083 24 0 620 0
1 1069 1 1 24 1 1069 1
1 1069 1 1 24 1 1069 1
1 1069 1 1 24 1 1069 1
1 1069 1 1 24 1 1069 1
1 1069 1 1 24 1 1069 1
1 1069 1 1 24 1 1069 1
0 871 855 1 24 0 871 855
1 1065 18 2 24 0 0 18 494 1 1065 0
1 1069 1 1 494 1 1069 1
1 1069 1 1 494 1 1069 1
1 1069 1 1 929 1 1069 1
1 1069 1 1 929 1 1069 1
1 1069 1 1 929 1 1069 1
1 1069 1 1 929 1 1069 1
1 1069 1 1 929 1 1069 1
1 1069 1 1 929 1 1069 1
1 1069 1 1 929 1 1069 1
0 869 864 2 929 0 349 864 558 0 520 0
1 1069 1 1 558 1 1069 1
1 1069 1 1 1029 1 1069 1
1 1069 1 1 1029 1 1069 1
1 1069 1 1 1029 1 1069 1
1 1069 1 1 1029 1 1069 1
1 1069 1 1 1029 1 1069 1
1 1069 1 1 1029 1 1069 1
1 1069 1 1 1029 1 1069 1
1 1069 1 1 1032 1 1069 1
1 1069 1 1 1032 1 1069 1
1 1069 1 1 1032 1 1069 1
1 1069 1 1 1101 1 1069 1
1 1069 1 1 1101 1 1069 1
1 1069 1 1 1101 1 1069 1
1 1069 1 1 1101 1 1069 1
1 1069 1 1 1101 1 1069 1
1 1069 1 1 1101 1 1069 1
1 1069 1 1 1101 1 1069 1
2 862 890 2 1101 0 583 890 917 2 279 0
1 1069 1 1 945 1 1069 1
1 1069 1 1 945 1 1069 1
1 1069 1 1 945 1 1069 1
1 1069 1 1 945 1 1069 1
1 1069 1 1 945 1 1069 1
1 1069 1 1 945 1 1069 1
1 1069 1 1 945 1 1069 1
1 1069 1 1 945 1 1069 1
2 849 946 2 945 0 26 946 565 2 823 0
1 1069 1 1 565 1 1069 1
1 1069 1 1 565 1 1069 1
1 1069 1 1 565 1 1069 1
1 1069 1 1 565 1 1069 1
1 814 1099 2 565 0 143 1098 740 1 671 1
1 1069 1 1 740 1 1069 1
1 1069 1 1 740 1 1069 1
1 1069 1 1 740 1 1069 1
1 1069 1 1 740 1 1069 1
1 1069 1 1 740 1 1069 1
1 1069 1 1 740 1 1069 1
0 816 1092 2 740 0 606 1092 583 0 210 0
-1
11 55
1 1180 1 1 845 1 1180 1
1 1180 1 1 845 1 1180 1
0 1060 519 2 845 0 236 518 155 0 824 1
1 1180 1 1 155 1 1180 1
1 1180 1 1 155 1 1180 1
1 1180 1 1 155 1 1180 1
1 1180 1 1 155 1 1180 1
1 1180 1 1 155 1 1180 1
1 1180 1 1 155 1 1180 1
1 1180 1 1 155 1 1180 1
1 1180 1 1 155 1 1180 1
1 1180 1 1 459 1 1180 1
1 1180 1 1 459 1 1180 1
1 1180 1 1 459 1 1180 1
1 1180 1 1 459 1 1180 1
1 1180 1 1 459 1 1180 1
1 1180 1 1 459 1 1180 1
1 1180 1 1 459 1 1180 1
1 1180 1 1 459 1 1180 1
1 1180 1 1 459 1 1180 1
1 840 1464 2 459 0 65 1464 1190 1 775 0
1 1180 1 1 1190 1 1180 1
1 1180 1 1 1190 1 1180 1
1 1180 1 1 93 1 1180 1
1 1180 1 1 93 1 1180 1
1 1180 1 1 93 1 1180 1
0 985 842 2 93 0 51 841 344 0 934 1
1 1180 1 1 344 1 1180 1
1 1180 1 1 344 1 1180 1
1 1180 1 1 344 1 1180 1
0 1064 502 2 344 0 77 502 1036 0 987 0
1 1180 1 1 1036 1 1180 1
1 1180 1 1 1036 1 1180 1
1 1180 1 1 1036 1 1180 1
1 1180 1 1 1036 1 1180 1
1 1180 1 1 1036 1 1180 1
1 961 943 2 1036 0 0 943 1188 1 961 0
1 1180 1 1 1188 1 1180 1
1 1180 1 1 1188 1 1180 1
0 1119 265 2 1188 0 0 264 965 0 1119 1
1 1180 1 1 891 1 1180 1
1 1180 1 1 891 1 1180 1
1 1180 1 1 891 1 1180 1
1 1180 1 1 891 1 1180 1
1 1180 1 1 891 1 1180 1
1 1173 31 2 891 0 0 30 203 1 1173 1
1 1180 1 1 203 1 1180 1
1 1180 1 1 203 1 1180 1
1 1180 1 1 203 1 1180 1
1 1180 1 1 203 1 1180 1
1 1180 1 1 203 1 1180 1
1 1180 1 1 203 1 1180 1
1 1180 1 1 1149 1 1180 1
0 841 1462 2 1149 0 589 1461 837 0 252 1
1 1180 1 1 837 1 1180 1
-1
12 44
1 1260 1 1 600 1 1260 1
1 1260 1 1 867 1 1260 1
1 1260 1 1 867 1 1260 1
1 1260 1 1 867 1 1260 1
1 1260 1 1 1030 1 1260 1
0 959 1298 2 1030 0 0 1298 562 0 959 0
1 1260 1 1 562 1 1260 1
1 1260 1 1 732 1 1260 1
1 1260 1 1 732 1 1260 1
1 1260 1 1 817 1 1260 1
1 1260 1 1 817 1 1260 1
2 999 1123 2 817 0 243 1123 390 2 756 0
1 1260 1 1 390 1 1260 1
1 1260 1 1 1185 1 1260 1
1 1260 1 1 1185 1 1260 1
1 1260 1 1 1185 1 1260 1
1 948 1344 2 1185 0 717 1344 195 1 231 0
1 1260 1 1 195 1 1260 1
1 1260 1 1 443 1 1260 1
1 1260 1 1 443 1 1260 1
1 1260 1 1 443 1 1260 1
1 1260 1 1 77 1 1260 1
1 1260 1 1 77 1 1260 1
1 1260 1 1 797 1 1260 1
1 1260 1 1 797 1 1260 1
1 1260 1 1 1117 1 1260 1
1 1260 1 1 1117 1 1260 1
1 1260 1 1 1117 1 1260 1
1 1260 1 1 1194 1 1260 1
1 1260 1 1 1194 1 1260 1
1 1260 1 1 201 1 1260 1
1 1260 1 1 201 1 1260 1
1 1260 1 1 122 1 1260 1
1 1260 1 1 122 1 1260 1
0 971 1247 2 122 0 397 1246 35 0 574 1
1 1260 1 1 35 1 1260 1
1 1260 1 1 35 1 1260 1
1 1260 1 1 35 1 1260 1
1 1260 1 1 1049 1 1260 1
1 1260 1 1 1049 1 1260 1
2 949 1338 2 1049 0 662 1338 869 2 287 0
1 1260 1 1 869 1 1260 1
1 1260 1 1 869 1 1260 1
0 1100 691 1 869 0 1100 691
-1
13 45
0 598 0 1 600 0 598 0
0 598 0 1 867 0 598 0
0 598 0 1 867 0 598 0
0 598 0 1 867 0 598 0
0 405 831 1 867 0 405 831
0 598 0 1 1030 0 598 0
0 598 0 1 562 0 598 0
0 598 0 1 562 0 598 0
0 598 0 1 732 0 598 0
0 598 0 1 817 0 598 0
0 598 0 1 817 0 598 0
0 598 0 1 817 0 598 0
0 598 0 1 390 0 598 0
1 520 334 2 390 0 0 333 652 1 520 1
0 598 0 1 1185 0 598 0
0 598 0 1 1185 0 598 0
0 598 0 1 1185 0 598 0
0 598 0 1 195 0 598 0
0 598 0 1 195 0 598 0
0 598 0 1 443 0 598 0
0 598 0 1 443 0 598 0
0 598 0 1 77 0 598 0
0 598 0 1 77 0 598 0
0 598 0 1 797 0 598 0
0 598 0 1 797 0 598 0
0 598 0 1 797 0 598 0
0 598 0 1 1117 0 598 0
0 598 0 1 1117 0 598 0
0 598 0 1 1194 0 598 0
0 598 0 1 1194 0 598 0
0 598 0 1 201 0 598 0
0 598 0 1 201 0 598 0
0 598 0 1 122 0 598 0
0 598 0 1 122 0 598 0
0 598 0 1 122 0 598 0
0 598 0 1 35 0 598 0
0 598 0 1 35 0 598 0
0 598 0 1 35 0 598 0
0 258 1464 2 35 0 136 1463 1049 0 122 1
0 598 0 1 1049 0 598 0
0 598 0 1 1049 0 598 0
0 598 0 1 869 0 598 0
0 598 0 1 869 0 598 0
0 598 0 1 869 0 598 0
1 517 347 2 869 0 0 347 142 1 517 0
-1
14 59
1 1157 0 1 879 1 1157 0
1 1157 0 1 879 1 1157 0
1 1157 0 1 879 1 1157 0
1 1157 0 1 879 1 1157 0
0 930 979 2 879 0 503 979 722 0 427 0
1 1157 0 1 722 1 1157 0
1 1157 0 1 722 1 1157 0
1 1157 0 1 722 1 1157 0
0 961 845 2 722 0 28 845 429 0 933 0
1 1157 0 1 429 1 1157 0
1 1157 0 1 429 1 1157 0
1 1157 0 1 429 1 1157 0
1 1157 0 1 429 1 1157 0
0 883 1181 2 429 0 469 1181 269 0 414 0
1 1157 0 1 269 1 1157 0
1 1157 0 1 269 1 1157 0
1 1157 0 1 269 1 1157 0
1 1157 0 1 269 1 1157 0
1 1157 0 1 269 1 1157 0
1 842 1356 2 269 0 477 1355 792 1 365 1
1 1157 0 1 792 1 1157 0
1 1157 0 1 792 1 1157 0
1 1157 0 1 792 1 1157 0
1 1157 0 1 792 1 1157 0
1 1157 0 1 154 1 1157 0
1 1157 0 1 154 1 1157 0
1 1157 0 1 154 1 1157 0
1 1157 0 1 154 1 1157 0
1 1157 0 1 262 1 1157 0
1 1157 0 1 262 1 1157 0
1 1157 0 1 262 1 1157 0
1 976 779 2 262 0 337 778 26 1 639 1
1 1157 0 1 434 1 1157 0
1 1157 0 1 434 1 1157 0
1 1157 0 1 434 1 1157 0
0 977 776 2 434 0 600 759 168 0 377 17
1 1157 0 1 282 1 1157 0
1 1157 0 1 282 1 1157 0
1 1157 0 1 282 1 1157 0
1 1157 0 1 282 1 1157 0
1 1157 0 1 282 1 1157 0
0 857 1293 2 282 0 618 1293 305 0 239 0
1 1157 0 1 305 1 1157 0
1 1157 0 1 305 1 1157 0
0 813 1482 2 305 0 61 1482 181 0 752 0
1 1157 0 1 181 1 1157 0
1 1157 0 1 181 1 1157 0
1 1157 0 1 291 1 1157 0
1 1157 0 1 177 1 1157 0
0 822 1444 2 177 0 781 1443 634 0 41 1
1 1157 0 1 634 1 1157 0
0 980 763 1 634 0 980 763
1 1157 0 1 1044 1 1157 0
1 1157 0 1 1044 1 1157 0
1 1157 0 1 1044 1 1157 0
0 881 1190 2 1044 0 61 1190 1039 0 820 0
1 847 1334 2 1039 0 167 1334 777 1 680 0
1 1157 0 1 777 1 1157 0
1 1157 0 1 777 1 1157 0
-1
15 46
1 702 0 1 600 1 702 0
1 702 0 1 1030 1 702 0
1 702 0 1 1030 1 702 0
1 702 0 1 1030 1 702 0
1 702 0 1 1030 1 702 0
1 702 0 1 1030 1 702 0
1 702 0 1 562 1 702 0
0 472 992 2 562 0 107 992 1052 0 365 0
1 702 0 1 1052 1 702 0
1 702 0 1 1052 1 702 0
1 702 0 1 1052 1 702 0
1 702 0 1 652 1 702 0
1 702 0 1 652 1 702 0
0 647 239 1 652 0 647 239
1 702 0 1 873 1 702 0
1 702 0 1 873 1 702 0
1 702 0 1 873 1 702 0
1 702 0 1 873 1 702 0
1 702 0 1 579 1 702 0
1 702 0 1 579 1 702 0
1 702 0 1 579 1 702 0
1 702 0 1 579 1 702 0
1 702 0 1 579 1 702 0
0 559 618 2 579 0 0 617 1037 0 559 1
1 702 0 1 1037 1 702 0
1 702 0 1 1037 1 702 0
1 702 0 1 1037 1 702 0
1 702 0 1 1037 1 702 0
1 702 0 1 676 1 702 0
1 702 0 1 676 1 702 0
1 702 0 1 676 1 702 0
1 702 0 1 676 1 702 0
1 702 0 1 676 1 702 0
1 702 0 1 676 1 702 0
2 456 1058 2 676 0 354 1058 122 2 102 0
1 702 0 1 243 1 702 0
1 702 0 1 243 1 702 0
1 702 0 1 243 1 702 0
1 702 0 1 243 1 702 0
0 543 687 2 243 0 62 686 1049 0 481 1
1 702 0 1 1049 1 702 0
1 702 0 1 1031 1 702 0
1 702 0 1 1031 1 702 0
1 702 0 1 265 1 702 0
1 702 0 1 265 1 702 0
1 702 0 1 265 1 702 0
-1
16 57
2 1161 0 1 907 2 1161 0
2 1161 0 1 907 2 1161 0
2 1161 0 1 907 2 1161 0
0 875 1235 1 907 0 875 1235
2 1161 0 1 457 2 1161 0
2 1161 0 1 457 2 1161 0
2 1161 0 1 457 2 1161 0
2 853 1326 2 457 0 729 1326 421 2 124 0
2 1161 0 1 421 2 1161 0
2 1161 0 1 421 2 1161 0
2 1161 0 1 421 2 1161 0
2 1161 0 1 858 2 1161 0
2 1161 0 1 858 2 1161 0
2 1161 0 1 765 2 1161 0
2 1161 0 1 765 2 1161 0
2 1161 0 1 765 2 1161 0
2 1161 0 1 765 2 1161 0
0 828 1437 2 765 0 0 1437 494 0 828 0
2 1161 0 1 494 2 1161 0
2 1161 0 1 494 2 1161 0
2 1161 0 1 886 2 1161 0
0 1101 262 1 886 0 1101 262
2 1161 0 1 694 2 1161 0
2 1020 607 2 694 0 498 607 956 2 522 0
2 1161 0 1 956 2 1161 0
2 1161 0 1 956 2 1161 0
0 924 1024 2 956 0 558 1023 558 0 366 1
2 1161 0 1 558 2 1161 0
2 1161 0 1 558 2 1161 0
2 1161 0 1 1138 2 1161 0
2 1161 0 1 1138 2 1161 0
0 987 753 2 1138 0 402 752 514 0 585 1
2 1161 0 1 514 2 1161 0
2 1161 0 1 514 2 1161 0
2 1161 0 1 514 2 1161 0
2 1161 0 1 1029 2 1161 0
2 1161 0 1 341 2 1161 0
2 1161 0 1 341 2 1161 0
2 1161 0 1 341 2 1161 0
0 1012 645 1 341 0 1012 645
2 1161 0 1 1144 2 1161 0
2 1161 0 1 1144 2 1161 0
2 1161 0 1 1144 2 1161 0
2 1161 0 1 917 2 1161 0
2 1161 0 1 917 2 1161 0
2 1161 0 1 917 2 1161 0
0 1136 111 1 917 0 1136 111
2 1161 0 1 431 2 1161 0
2 1149 52 2 431 0 0 52 147 2 1149 0
2 1161 0 1 151 2 1161 0
2 1161 0 1 151 2 1161 0
2 1161 0 1 151 2 1161 0
2 1161 0 1 151 2 1161 0
0 850 1343 2 151 0 0 1342 349 0 850 1
2 1161 0 1 349 2 1161 0
0 804 1541 2 349 0 88 662 725 0 716 879
2 1161 0 1 565 2 1161 0
-1
17 44
1 855 0 1 600 1 855 0
1 855 0 1 867 1 855 0
1 855 0 1 867 1 855 0
1 855 0 1 867 1 855 0
1 738 504 2 867 0 0 504 1030 1 738 0
1 855 0 1 1030 1 855 0
1 855 0 1 562 1 855 0
1 855 0 1 562 1 855 0
1 855 0 1 732 1 855 0
1 855 0 1 817 1 855 0
1 855 0 1 817 1 855 0
1 855 0 1 817 1 855 0
1 855 0 1 390 1 855 0
1 855 0 1 652 1 855 0
1 855 0 1 1185 1 855 0
1 855 0 1 1185 1 855 0
1 855 0 1 1185 1 855 0
1 855 0 1 195 1 855 0
0 677 768 2 195 0 565 768 443 0 112 0
1 855 0 1 443 1 855 0
1 855 0 1 443 1 855 0
1 855 0 1 77 1 855 0
1 855 0 1 77 1 855 0
1 855 0 1 797 1 855 0
1 855 0 1 797 1 855 0
1 606 1072 2 797 0 589 1072 1117 1 17 0
1 855 0 1 1117 1 855 0
1 855 0 1 1117 1 855 0
1 855 0 1 1194 1 855 0
1 855 0 1 1194 1 855 0
1 855 0 1 201 1 855 0
1 855 0 1 201 1 855 0
1 855 0 1 122 1 855 0
1 855 0 1 122 1 855 0
1 855 0 1 122 1 855 0
1 855 0 1 35 1 855 0
1 855 0 1 35 1 855 0
1 855 0 1 35 1 855 0
1 855 0 1 1049 1 855 0
1 855 0 1 1049 1 855 0
1 855 0 1 1049 1 855 0
1 855 0 1 869 1 855 0
1 855 0 1 869 1 855 0
1 855 0 1 869 1 855 0
-1
18 55
0 1268 1 1 1163 0 1268 1
0 1268 1 1 1163 0 1268 1
0 1268 1 1 1163 0 1268 1
1 1148 516 2 1163 0 0 515 543 1 1148 1
0 1268 1 1 543 0 1268 1
0 1268 1 1 543 0 1268 1
0 1268 1 1 543 0 1268 1
1 1037 994 2 543 0 549 994 306 1 488 0
0 1268 1 1 306 0 1268 1
0 1268 1 1 306 0 1268 1
0 1268 1 1 306 0 1268 1
0 1268 1 1 306 0 1268 1
0 998 1164 2 306 0 601 1164 384 0 397 0
0 1268 1 1 384 0 1268 1
0 1268 1 1 384 0 1268 1
0 1268 1 1 384 0 1268 1
0 1268 1 1 1186 0 1268 1
0 1268 1 1 1186 0 1268 1
0 1268 1 1 1186 0 1268 1
0 1268 1 1 1186 0 1268 1
0 1268 1 1 1186 0 1268 1
0 1057 910 2 1186 0 0 909 854 0 1057 1
0 1268 1 1 854 0 1268 1
1 1146 525 2 854 0 669 524 957 1 477 1
0 1268 1 1 957 0 1268 1
0 1268 1 1 957 0 1268 1
0 1268 1 1 957 0 1268 1
1 1058 904 2 957 0 410 904 937 1 648 0
0 1268 1 1 937 0 1268 1
0 1268 1 1 937 0 1268 1
0 1268 1 1 12 0 1268 1
0 1268 1 1 12 0 1268 1
0 1268 1 1 12 0 1268 1
0 1268 1 1 279 0 1268 1
0 1268 1 1 279 0 1268 1
0 1268 1 1 279 0 1268 1
0 1268 1 1 1105 0 1268 1
0 1268 1 1 1105 0 1268 1
2 1134 575 2 1105 0 423 575 743 2 711 0
0 1268 1 1 743 0 1268 1
0 1268 1 1 743 0 1268 1
0 1268 1 1 743 0 1268 1
0 1268 1 1 743 0 1268 1
0 1034 1009 1 743 0 1034 1009
0 1268 1 1 1108 0 1268 1
0 1268 1 1 1108 0 1268 1
0 1268 1 1 1108 0 1268 1
0 1268 1 1 1108 0 1268 1
0 1268 1 1 738 0 1268 1
0 1268 1 1 738 0 1268 1
1 1001 1149 2 738 0 716 1149 1158 1 285 0
0 1268 1 1 1158 0 1268 1
0 1268 1 1 1158 0 1268 1
0 1268 1 1 1158 0 1268 1
0 1268 1 1 1158 0 1268 1
-1
19 96
0 632 1 1 158 0 632 1
0 632 1 1 158 0 632 1
0 632 1 1 158 0 632 1
0 632 1 1 158 0 632 1
0 632 1 1 158 0 632 1
0 632 1 1 158 0 632 1
0 632 1 1 158 0 632 1
0 632 1 1 158 0 632 1
1 502 559 2 158 0 47 559 549 1 455 0
0 632 1 1 549 0 632 1
0 632 1 1 549 0 632 1
0 632 1 1 549 0 632 1
0 632 1 1 549 0 632 1
0 632 1 1 549 0 632 1
0 632 1 1 549 0 632 1
0 632 1 1 549 0 632 1
0 632 1 1 549 0 632 1
0 632 1 1 549 0 632 1
0 632 1 1 549 0 632 1
0 632 1 1 549 0 632 1
0 632 1 1 549 0 632 1
0 632 1 1 549 0 632 1
0 632 1 1 549 0 632 1
0 632 1 1 549 0 632 1
0 632 1 1 549 0 632 1
0 632 1 1 549 0 632 1
0 632 1 1 549 0 632 1
1 327 1312 2 549 0 129 1311 771 1 198 1
0 632 1 1 771 0 632 1
0 632 1 1 771 0 632 1
0 632 1 1 771 0 632 1
0 632 1 1 771 0 632 1
0 632 1 1 771 0 632 1
0 632 1 1 771 0 632 1
0 632 1 1 771 0 632 1
0 632 1 1 771 0 632 1
0 632 1 1 771 0 632 1
0 632 1 1 771 0 632 1
0 632 1 1 771 0 632 1
0 448 793 2 771 0 94 793 489 0 354 0
0 632 1 1 489 0 632 1
0 632 1 1 489 0 632 1
0 632 1 1 489 0 632 1
0 632 1 1 489 0 632 1
0 632 1 1 489 0 632 1
0 632 1 1 489 0 632 1
0 632 1 1 489 0 632 1
0 632 1 1 489 0 632 1
0 632 1 1 489 0 632 1
0 632 1 1 489 0 632 1
0 632 1 1 489 0 632 1
0 632 1 1 489 0 632 1
0 632 1 1 489 0 632 1
0 632 1 1 489 0 632 1
0 632 1 1 489 0 632 1
0 632 1 1 489 0 632 1
0 469 702 1 489 0 469 702
2 516 497 2 489 0 0 497 270 2 516 0
0 632 1 1 270 0 632 1
0 632 1 1 270 0 632 1
0 632 1 1 270 0 632 1
0 632 1 1 270 0 632 1
0 632 1 1 270 0 632 1
0 632 1 1 270 0 632 1
0 632 1 1 270 0 632 1
0 632 1 1 270 0 632 1
0 632 1 1 270 0 632 1
0 632 1 1 270 0 632 1
0 632 1 1 270 0 632 1
0 632 1 1 270 0 632 1
0 592 173 1 270 0 592 173
2 450 781 2 270 0 0 781 39 2 450 0
0 632 1 1 39 0 632 1
0 632 1 1 39 0 632 1
0 632 1 1 39 0 632 1
0 632 1 1 39 0 632 1
0 632 1 1 39 0 632 1
0 632 1 1 39 0 632 1
0 632 1 1 39 0 632 1
0 632 1 1 39 0 632 1
0 632 1 1 39 0 632 1
0 632 1 1 39 0 632 1
0 632 1 1 39 0 632 1
0 632 1 1 39 0 632 1
1 418 920 2 39 0 352 920 416 1 66 0
0 632 1 1 416 0 632 1
0 632 1 1 416 0 632 1
0 632 1 1 416 0 632 1
0 632 1 1 416 0 632 1
0 632 1 1 416 0 632 1
0 632 1 1 416 0 632 1
0 632 1 1 416 0 632 1
0 632 1 1 416 0 632 1
0 632 1 1 416 0 632 1
0 632 1 1 416 0 632 1
0 632 1 1 416 0 632 1
-1
20 57
1 1136 1 1 907 1 1136 1
1 1136 1 1 907 1 1136 1
1 1136 1 1 907 1 1136 1
1 1136 1 1 907 1 1136 1
1 1111 109 2 907 0 0 109 457 1 1111 0
1 1136 1 1 457 1 1136 1
1 1136 1 1 457 1 1136 1
1 1136 1 1 457 1 1136 1
1 1136 1 1 421 1 1136 1
1 1136 1 1 421 1 1136 1
1 1136 1 1 421 1 1136 1
1 1136 1 1 421 1 1136 1
1 1136 1 1 858 1 1136 1
1 1136 1 1 858 1 1136 1
1 1136 1 1 765 1 1136 1
1 1136 1 1 765 1 1136 1
1 1136 1 1 765 1 1136 1
1 1136 1 1 765 1 1136 1
1 1136 1 1 494 1 1136 1
1 1136 1 1 494 1 1136 1
0 1024 485 1 494 0 1024 485
1 1136 1 1 886 1 1136 1
0 1073 274 2 886 0 0 273 694 0 1073 1
1 1136 1 1 694 1 1136 1
1 1136 1 1 956 1 1136 1
1 1136 1 1 956 1 1136 1
1 1136 1 1 956 1 1136 1
1 1136 1 1 558 1 1136 1
1 1136 1 1 558 1 1136 1
1 1136 1 1 558 1 1136 1
1 1136 1 1 1138 1 1136 1
1 1136 1 1 1138 1 1136 1
1 1136 1 1 514 1 1136 1
1 1136 1 1 514 1 1136 1
1 1136 1 1 514 1 1136 1
1 1136 1 1 514 1 1136 1
1 1136 1 1 1029 1 1136 1
1 1136 1 1 341 1 1136 1
1 1136 1 1 341 1 1136 1
1 1136 1 1 341 1 1136 1
1 1020 501 2 341 0 0 500 1144 1 1020 1
1 1136 1 1 1144 1 1136 1
1 1136 1 1 1144 1 1136 1
1 890 1060 2 1144 0 359 1059 917 1 531 1
1 1136 1 1 917 1 1136 1
1 1136 1 1 917 1 1136 1
1 1136 1 1 917 1 1136 1
0 852 1226 2 917 0 0 1226 431 0 852 0
1 1136 1 1 431 1 1136 1
1 1136 1 1 147 1 1136 1
1 1136 1 1 151 1 1136 1
1 1136 1 1 151 1 1136 1
1 1136 1 1 151 1 1136 1
1 1136 1 1 151 1 1136 1
1 1136 1 1 349 1 1136 1
1 1136 1 1 349 1 1136 1
0 1101 154 2 725 0 0 153 565 0 1101 1
-1
21 42
1 1086 0 1 600 1 1086 0
0 931 669 2 600 0 700 669 867 0 231 0
1 1086 0 1 867 1 1086 0
1 1086 0 1 867 1 1086 0
1 1086 0 1 867 1 1086 0
1 1086 0 1 1030 1 1086 0
1 1086 0 1 562 1 1086 0
1 1086 0 1 562 1 1086 0
1 1086 0 1 732 1 1086 0
2 952 575 2 732 0 130 575 817 2 822 0
1 1086 0 1 817 1 1086 0
1 1086 0 1 817 1 1086 0
1 1086 0 1 390 1 1086 0
0 1020 286 1 390 0 1020 286
1 1086 0 1 1185 1 1086 0
1 1086 0 1 1185 1 1086 0
1 1086 0 1 1185 1 1086 0
1 1086 0 1 195 1 1086 0
1 1086 0 1 195 1 1086 0
1 1086 0 1 443 1 1086 0
1 1086 0 1 443 1 1086 0
0 842 1052 2 443 0 509 1051 77 0 333 1
1 1086 0 1 77 1 1086 0
1 909 762 2 77 0 26 761 797 1 883 1
1 1086 0 1 797 1 1086 0
1 1086 0 1 797 1 1086 0
1 1086 0 1 1117 1 1086 0
1 1086 0 1 1117 1 1086 0
1 840 1059 2 1117 0 24 1059 1194 1 816 0
1 1086 0 1 1194 1 1086 0
1 893 831 2 1194 0 154 830 201 1 739 1
1 1086 0 1 201 1 1086 0
1 898 809 2 201 0 51 809 122 1 847 0
1 1086 0 1 122 1 1086 0
1 1086 0 1 122 1 1086 0
1 1086 0 1 35 1 1086 0
1 1086 0 1 35 1 1086 0
1 1086 0 1 35 1 1086 0
1 1086 0 1 35 1 1086 0
1 1086 0 1 1049 1 1086 0
1 1086 0 1 1049 1 1086 0
1 1086 0 1 869 1 1086 0
-1
22 65
1 1125 1 1 307 1 1125 1
1 1125 1 1 307 1 1125 1
1 1125 1 1 307 1 1125 1
1 1125 1 1 307 1 1125 1
1 1125 1 1 307 1 1125 1
0 1125 3 1 307 0 1125 3
1 1125 1 1 802 1 1125 1
1 1125 1 1 802 1 1125 1
1 1125 1 1 802 1 1125 1
1 1125 1 1 802 1 1125 1
2 970 667 2 802 0 134 667 680 2 836 0
1 1125 1 1 680 1 1125 1
1 1125 1 1 680 1 1125 1
1 1125 1 1 680 1 1125 1
0 982 619 2 680 0 90 619 948 0 892 0
1 1125 1 1 948 1 1125 1
1 1125 1 1 948 1 1125 1
1 1125 1 1 948 1 1125 1
1 1125 1 1 948 1 1125 1
1 1125 1 1 948 1 1125 1
1 1125 1 1 948 1 1125 1
1 1125 1 1 948 1 1125 1
0 1125 3 1 948 0 1125 3
1 1125 1 1 611 1 1125 1
1 1125 1 1 611 1 1125 1
1 1125 1 1 611 1 1125 1
1 1125 1 1 611 1 1125 1
1 1125 1 1 611 1 1125 1
1 942 789 2 611 0 0 788 26 1 942 1
1 1125 1 1 26 1 1125 1
1 1125 1 1 26 1 1125 1
1 1125 1 1 26 1 1125 1
0 897 985 2 26 0 517 984 626 0 380 1
1 1125 1 1 626 1 1125 1
1 1125 1 1 626 1 1125 1
1 1125 1 1 626 1 1125 1
1 1125 1 1 626 1 1125 1
1 1125 1 1 626 1 1125 1
1 791 1439 3 626 0 728 958 507 0 0 481 772 1 63 0
1 1125 1 1 772 1 1125 1
1 1125 1 1 772 1 1125 1
1 1125 1 1 772 1 1125 1
1 1125 1 1 772 1 1125 1
0 959 718 2 772 0 315 718 787 0 644 0
1 1125 1 1 787 1 1125 1
1 1125 1 1 787 1 1125 1
1 1125 1 1 787 1 1125 1
1 1125 1 1 787 1 1125 1
0 929 847 2 787 0 896 847 4 0 33 0
1 1125 1 1 4 1 1125 1
1 1125 1 1 4 1 1125 1
1 1125 1 1 4 1 1125 1
1 1125 1 1 4 1 1125 1
1 1125 1 1 4 1 1125 1
0 1066 257 1 4 0 1066 257
1 1125 1 1 837 1 1125 1
1 1125 1 1 837 1 1125 1
1 1125 1 1 837 1 1125 1
1 1125 1 1 837 1 1125 1
1 1125 1 1 837 1 1125 1
1 1125 1 1 837 1 1125 1
1 1125 1 1 837 1 1125 1
0 890 1015 2 837 0 0 1015 583 0 890 0
1 1125 1 1 583 1 1125 1
1 1125 1 1 583 1 1125 1
-1
23 67
2 883 0 1 610 2 883 0
2 883 0 1 610 2 883 0
2 883 0 1 610 2 883 0
2 883 0 1 610 2 883 0
2 883 0 1 610 2 883 0
2 883 0 1 610 2 883 0
2 883 0 1 610 2 883 0
2 883 0 1 610 2 883 0
0 750 576 1 610 0 750 576
1 815 294 2 610 0 0 294 614 1 815 0
2 883 0 1 614 2 883 0
2 883 0 1 614 2 883 0
2 883 0 1 614 2 883 0
2 883 0 1 614 2 883 0
2 883 0 1 614 2 883 0
2 883 0 1 614 2 883 0
2 883 0 1 614 2 883 0
2 883 0 1 614 2 883 0
2 883 0 1 614 2 883 0
2 883 0 1 614 2 883 0
2 883 0 1 614 2 883 0
2 883 0 1 614 2 883 0
2 587 1274 2 614 0 30 1274 168 2 557 0
2 883 0 1 168 2 883 0
2 883 0 1 168 2 883 0
2 883 0 1 168 2 883 0
2 883 0 1 168 2 883 0
2 883 0 1 168 2 883 0
2 883 0 1 168 2 883 0
2 883 0 1 168 2 883 0
2 883 0 1 168 2 883 0
2 883 0 1 168 2 883 0
2 883 0 1 168 2 883 0
2 883 0 1 168 2 883 0
2 883 0 1 168 2 883 0
2 883 0 1 305 2 883 0
2 883 0 1 305 2 883 0
2 883 0 1 305 2 883 0
2 883 0 1 305 2 883 0
2 883 0 1 305 2 883 0
2 883 0 1 305 2 883 0
2 883 0 1 305 2 883 0
2 883 0 1 305 2 883 0
2 883 0 1 305 2 883 0
2 883 0 1 181 2 883 0
2 883 0 1 181 2 883 0
2 883 0 1 634 2 883 0
2 883 0 1 634 2 883 0
2 883 0 1 634 2 883 0
2 883 0 1 634 2 883 0
2 883 0 1 634 2 883 0
2 883 0 1 1044 2 883 0
2 883 0 1 1044 2 883 0
2 883 0 1 1044 2 883 0
2 883 0 1 1044 2 883 0
2 883 0 1 1039 2 883 0
2 883 0 1 777 2 883 0
2 883 0 1 777 2 883 0
2 883 0 1 777 2 883 0
2 883 0 1 777 2 883 0
1 622 1125 2 777 0 0 1125 374 1 622 0
2 883 0 1 374 2 883 0
2 883 0 1 374 2 883 0
2 883 0 1 374 2 883 0
2 883 0 1 374 2 883 0
2 883 0 1 374 2 883 0
2 883 0 1 374 2 883 0
-1
24 56
0 879 1 1 1163 0 879 1
0 879 1 1 1163 0 879 1
0 879 1 1 1163 0 879 1
0 813 285 1 1163 0 813 285
0 879 1 1 543 0 879 1
0 879 1 1 543 0 879 1
0 879 1 1 543 0 879 1
0 879 1 1 543 0 879 1
0 879 1 1 306 0 879 1
0 879 1 1 306 0 879 1
0 879 1 1 306 0 879 1
0 879 1 1 306 0 879 1
0 879 1 1 306 0 879 1
0 879 1 1 384 0 879 1
0 879 1 1 384 0 879 1
0 879 1 1 384 0 879 1
1 687 826 2 384 0 641 825 1186 1 46 1
0 879 1 1 1186 0 879 1
0 879 1 1 1186 0 879 1
0 879 1 1 1186 0 879 1
0 879 1 1 1186 0 879 1
0 816 272 1 1186 0 816 272
0 879 1 1 854 0 879 1
0 879 1 1 854 0 879 1
0 879 1 1 957 0 879 1
0 879 1 1 957 0 879 1
0 879 1 1 957 0 879 1
0 879 1 1 957 0 879 1
0 879 1 1 937 0 879 1
0 879 1 1 937 0 879 1
1 737 611 2 937 0 592 611 12 1 145 0
0 879 1 1 12 0 879 1
0 879 1 1 12 0 879 1
0 719 690 2 12 0 547 690 279 0 172 0
0 879 1 1 279 0 879 1
0 879 1 1 279 0 879 1
1 726 658 2 279 0 233 658 1105 1 493 0
0 879 1 1 1105 0 879 1
0 879 1 1 1105 0 879 1
0 879 1 1 743 0 879 1
0 879 1 1 743 0 879 1
0 879 1 1 743 0 879 1
0 879 1 1 743 0 879 1
0 879 1 1 743 0 879 1
0 826 229 2 743 0 0 228 1108 0 826 1
0 879 1 1 1108 0 879 1
0 879 1 1 1108 0 879 1
0 879 1 1 1108 0 879 1
0 648 996 2 1108 0 501 996 738 0 147 0
0 879 1 1 738 0 879 1
0 879 1 1 738 0 879 1
0 879 1 1 1158 0 879 1
0 879 1 1 1158 0 879 1
0 879 1 1 1158 0 879 1
0 879 1 1 1158 0 879 1
0 879 1 1 1158 0 879 1
-1
25 85
1 684 0 1 1089 1 684 0
1 684 0 1 1089 1 684 0
1 684 0 1 1089 1 684 0
1 684 0 1 1089 1 684 0
1 684 0 1 1089 1 684 0
1 684 0 1 1089 1 684 0
1 684 0 1 1089 1 684 0
1 684 0 1 1089 1 684 0
0 435 1074 2 1089 0 9 1073 378 0 426 1
1 684 0 1 378 1 684 0
1 684 0 1 378 1 684 0
1 684 0 1 378 1 684 0
1 684 0 1 378 1 684 0
1 684 0 1 378 1 684 0
1 684 0 1 378 1 684 0
1 684 0 1 378 1 684 0
1 684 0 1 378 1 684 0
0 457 979 1 378 0 457 979
1 684 0 1 769 1 684 0
1 684 0 1 769 1 684 0
1 684 0 1 769 1 684 0
1 684 0 1 769 1 684 0
1 684 0 1 769 1 684 0
1 684 0 1 769 1 684 0
1 684 0 1 769 1 684 0
1 684 0 1 128 1 684 0
1 684 0 1 128 1 684 0
1 684 0 1 128 1 684 0
1 684 0 1 128 1 684 0
1 684 0 1 128 1 684 0
0 634 217 2 128 0 0 217 574 0 634 0
1 684 0 1 574 1 684 0
1 684 0 1 574 1 684 0
1 684 0 1 574 1 684 0
1 684 0 1 574 1 684 0
1 684 0 1 357 1 684 0
1 684 0 1 357 1 684 0
1 684 0 1 357 1 684 0
1 684 0 1 357 1 684 0
1 684 0 1 357 1 684 0
1 684 0 1 357 1 684 0
1 684 0 1 357 1 684 0
2 453 993 2 357 0 138 993 192 2 315 0
1 684 0 1 192 1 684 0
1 684 0 1 192 1 684 0
1 684 0 1 192 1 684 0
1 684 0 1 192 1 684 0
1 684 0 1 1112 1 684 0
1 684 0 1 1112 1 684 0
1 684 0 1 1112 1 684 0
1 684 0 1 1112 1 684 0
1 684 0 1 1112 1 684 0
1 684 0 1 1112 1 684 0
1 684 0 1 1112 1 684 0
0 583 437 1 1112 0 583 437
1 684 0 1 490 1 684 0
1 684 0 1 490 1 684 0
1 684 0 1 490 1 684 0
1 684 0 1 490 1 684 0
1 684 0 1 490 1 684 0
1 684 0 1 490 1 684 0
1 684 0 1 490 1 684 0
1 684 0 1 490 1 684 0
1 684 0 1 490 1 684 0
1 684 0 1 490 1 684 0
1 357 1408 2 490 0 205 1407 265 1 152 1
1 684 0 1 265 1 684 0
1 684 0 1 265 1 684 0
1 684 0 1 265 1 684 0
1 684 0 1 265 1 684 0
1 684 0 1 265 1 684 0
0 602 355 2 265 0 0 355 1145 0 602 0
1 684 0 1 1145 1 684 0
0 435 1074 1 1145 0 435 1074
1 684 0 1 202 1 684 0
1 684 0 1 202 1 684 0
1 684 0 1 202 1 684 0
1 684 0 1 202 1 684 0
0 597 376 1 202 0 597 376
1 684 0 1 43 1 684 0
1 684 0 1 43 1 684 0
1 684 0 1 43 1 684 0
1 684 0 1 43 1 684 0
1 684 0 1 43 1 684 0
1 684 0 1 43 1 684 0
-1
26 83
1 529 1 1 1089 1 529 1
1 529 1 1 1089 1 529 1
1 529 1 1 1089 1 529 1
1 529 1 1 1089 1 529 1
1 529 1 1 1089 1 529 1
1 529 1 1 1089 1 529 1
1 529 1 1 1089 1 529 1
1 529 1 1 1089 1 529 1
1 529 1 1 378 1 529 1
1 529 1 1 378 1 529 1
1 529 1 1 378 1 529 1
1 529 1 1 378 1 529 1
1 529 1 1 378 1 529 1
1 529 1 1 378 1 529 1
1 529 1 1 378 1 529 1
1 529 1 1 378 1 529 1
1 529 1 1 378 1 529 1
0 472 248 2 378 0 0 248 769 0 472 0
1 529 1 1 769 1 529 1
1 529 1 1 769 1 529 1
1 529 1 1 769 1 529 1
1 529 1 1 769 1 529 1
1 529 1 1 769 1 529 1
1 529 1 1 769 1 529 1
0 312 937 2 769 0 31 936 128 0 281 1
1 529 1 1 128 1 529 1
1 529 1 1 128 1 529 1
1 529 1 1 128 1 529 1
1 529 1 1 128 1 529 1
0 420 472 1 128 0 420 472
1 529 1 1 574 1 529 1
1 529 1 1 574 1 529 1
1 529 1 1 574 1 529 1
1 529 1 1 574 1 529 1
2 387 610 2 574 0 32 610 357 2 355 0
1 529 1 1 357 1 529 1
1 529 1 1 357 1 529 1
1 529 1 1 357 1 529 1
1 529 1 1 357 1 529 1
1 529 1 1 357 1 529 1
1 529 1 1 357 1 529 1
1 529 1 1 357 1 529 1
1 529 1 1 192 1 529 1
1 529 1 1 192 1 529 1
1 529 1 1 192 1 529 1
1 529 1 1 192 1 529 1
0 387 614 2 192 0 385 614 1112 0 2 0
1 529 1 1 1112 1 529 1
1 529 1 1 1112 1 529 1
1 529 1 1 1112 1 529 1
1 529 1 1 1112 1 529 1
1 529 1 1 1112 1 529 1
1 529 1 1 1112 1 529 1
1 529 1 1 1112 1 529 1
0 398 566 2 1112 0 0 566 490 0 398 0
1 529 1 1 490 1 529 1
1 529 1 1 490 1 529 1
1 529 1 1 490 1 529 1
1 529 1 1 490 1 529 1
1 529 1 1 490 1 529 1
1 529 1 1 490 1 529 1
1 529 1 1 490 1 529 1
1 529 1 1 490 1 529 1
1 529 1 1 490 1 529 1
1 529 1 1 490 1 529 1
1 529 1 1 265 1 529 1
1 529 1 1 265 1 529 1
1 529 1 1 265 1 529 1
1 529 1 1 265 1 529 1
1 529 1 1 265 1 529 1
0 331 855 1 265 0 331 855
1 529 1 1 1145 1 529 1
1 529 1 1 1145 1 529 1
0 510 84 2 1145 0 0 84 202 0 510 0
1 529 1 1 202 1 529 1
1 529 1 1 202 1 529 1
1 529 1 1 202 1 529 1
1 529 1 1 202 1 529 1
2 463 283 2 202 0 0 283 43 2 463 0
1 529 1 1 43 1 529 1
1 529 1 1 43 1 529 1
1 529 1 1 43 1 529 1
1 529 1 1 43 1 529 1
-1
27 54
1 1026 0 1 805 1 1026 0
1 1026 0 1 805 1 1026 0
1 1026 0 1 805 1 1026 0
1 1026 0 1 805 1 1026 0
1 1026 0 1 696 1 1026 0
1 1026 0 1 696 1 1026 0
1 1026 0 1 696 1 1026 0
0 856 733 1 696 0 856 733
1 1026 0 1 257 1 1026 0
1 1026 0 1 257 1 1026 0
1 1026 0 1 257 1 1026 0
1 1026 0 1 257 1 1026 0
0 919 462 1 257 0 919 462
1 1026 0 1 1142 1 1026 0
1 1026 0 1 1142 1 1026 0
1 1026 0 1 1142 1 1026 0
1 1026 0 1 1142 1 1026 0
1 708 1369 2 1142 0 412 1368 234 1 296 1
1 1026 0 1 234 1 1026 0
1 1026 0 1 234 1 1026 0
1 1026 0 1 234 1 1026 0
1 1026 0 1 512 1 1026 0
1 1026 0 1 512 1 1026 0
1 1026 0 1 512 1 1026 0
1 1026 0 1 512 1 1026 0
1 1026 0 1 1037 1 1026 0
1 1026 0 1 1037 1 1026 0
1 1026 0 1 268 1 1026 0
1 1026 0 1 268 1 1026 0
1 1026 0 1 268 1 1026 0
1 1026 0 1 268 1 1026 0
1 1026 0 1 268 1 1026 0
0 997 126 2 268 0 0 126 84 0 997 0
1 1026 0 1 84 1 1026 0
1 1026 0 1 1132 1 1026 0
1 1026 0 1 1132 1 1026 0
1 1026 0 1 965 1 1026 0
1 1026 0 1 965 1 1026 0
1 1026 0 1 965 1 1026 0
1 1026 0 1 969 1 1026 0
1 1026 0 1 969 1 1026 0
1 1026 0 1 969 1 1026 0
1 810 930 2 969 0 362 930 191 1 448 0
1 1026 0 1 191 1 1026 0
1 1026 0 1 191 1 1026 0
1 1026 0 1 191 1 1026 0
1 1026 0 1 147 1 1026 0
1 1026 0 1 147 1 1026 0
1 1026 0 1 147 1 1026 0
1 1026 0 1 1149 1 1026 0
1 1026 0 1 1149 1 1026 0
1 1026 0 1 1149 1 1026 0
1 1026 0 1 1149 1 1026 0
1 1026 0 1 837 1 1026 0
-1
28 66
2 750 0 1 132 2 750 0
2 750 0 1 132 2 750 0
2 750 0 1 132 2 750 0
2 750 0 1 132 2 750 0
2 750 0 1 132 2 750 0
1 556 837 2 132 0 39 836 438 1 517 1
2 750 0 1 438 2 750 0
2 750 0 1 438 2 750 0
2 750 0 1 438 2 750 0
2 750 0 1 438 2 750 0
2 750 0 1 438 2 750 0
2 750 0 1 438 2 750 0
2 750 0 1 438 2 750 0
2 750 0 1 516 2 750 0
2 750 0 1 516 2 750 0
2 750 0 1 516 2 750 0
2 750 0 1 516 2 750 0
0 690 262 1 516 0 690 262
2 750 0 1 174 2 750 0
2 750 0 1 174 2 750 0
2 750 0 1 174 2 750 0
2 750 0 1 174 2 750 0
2 750 0 1 174 2 750 0
2 750 0 1 174 2 750 0
2 750 0 1 312 2 750 0
2 750 0 1 312 2 750 0
2 750 0 1 312 2 750 0
2 750 0 1 312 2 750 0
2 750 0 1 312 2 750 0
2 750 0 1 1134 2 750 0
2 750 0 1 1134 2 750 0
2 750 0 1 1134 2 750 0
2 750 0 1 1134 2 750 0
2 750 0 1 1134 2 750 0
2 447 1305 2 1134 0 345 1305 412 2 102 0
2 750 0 1 412 2 750 0
2 750 0 1 412 2 750 0
2 750 0 1 412 2 750 0
1 608 613 2 412 0 177 613 405 1 431 0
2 750 0 1 405 2 750 0
2 750 0 1 405 2 750 0
2 750 0 1 405 2 750 0
2 750 0 1 405 2 750 0
2 750 0 1 405 2 750 0
0 522 985 2 405 0 203 985 712 0 319 0
2 750 0 1 712 2 750 0
2 750 0 1 712 2 750 0
2 750 0 1 712 2 750 0
2 750 0 1 712 2 750 0
2 750 0 1 712 2 750 0
2 750 0 1 712 2 750 0
2 750 0 1 847 2 750 0
2 750 0 1 847 2 750 0
2 750 0 1 847 2 750 0
2 750 0 1 847 2 750 0
2 750 0 1 65 2 750 0
2 750 0 1 65 2 750 0
2 750 0 1 65 2 750 0
2 750 0 1 65 2 750 0
0 579 740 2 65 0 391 739 159 0 188 1
2 750 0 1 159 2 750 0
2 750 0 1 159 2 750 0
2 750 0 1 159 2 750 0
2 750 0 1 159 2 750 0
2 750 0 1 159 2 750 0
2 750 0 1 159 2 750 0
-1
29 45
1 824 0 1 600 1 824 0
1 824 0 1 1030 1 824 0
1 824 0 1 1030 1 824 0
1 824 0 1 1030 1 824 0
1 824 0 1 1030 1 824 0
0 812 53 1 1030 0 812 53
1 824 0 1 562 1 824 0
1 824 0 1 1052 1 824 0
1 824 0 1 1052 1 824 0
1 824 0 1 1052 1 824 0
1 689 581 2 1052 0 280 581 652 1 409 0
1 824 0 1 652 1 824 0
1 824 0 1 652 1 824 0
1 738 370 2 652 0 0 370 873 1 738 0
1 824 0 1 873 1 824 0
1 824 0 1 873 1 824 0
1 824 0 1 873 1 824 0
0 668 673 2 873 0 31 673 195 0 637 0
1 824 0 1 579 1 824 0
1 824 0 1 579 1 824 0
1 824 0 1 579 1 824 0
1 824 0 1 579 1 824 0
0 772 226 1 579 0 772 226
1 824 0 1 1037 1 824 0
1 824 0 1 1037 1 824 0
1 824 0 1 1037 1 824 0
1 824 0 1 1037 1 824 0
0 651 747 2 1037 0 0 747 1117 0 651 0
1 824 0 1 676 1 824 0
1 824 0 1 676 1 824 0
1 824 0 1 676 1 824 0
1 824 0 1 676 1 824 0
1 824 0 1 676 1 824 0
1 824 0 1 676 1 824 0
1 824 0 1 122 1 824 0
1 824 0 1 243 1 824 0
1 824 0 1 243 1 824 0
1 824 0 1 243 1 824 0
1 824 0 1 243 1 824 0
1 824 0 1 1049 1 824 0
1 824 0 1 1049 1 824 0
1 824 0 1 1031 1 824 0
1 678 629 2 1031 0 44 628 265 1 634 1
1 824 0 1 265 1 824 0
1 824 0 1 265 1 824 0
-1
30 59
2 803 0 1 907 2 803 0
2 803 0 1 907 2 803 0
2 803 0 1 907 2 803 0
2 803 0 1 907 2 803 0
2 803 0 1 457 2 803 0
2 803 0 1 457 2 803 0
2 803 0 1 457 2 803 0
2 803 0 1 457 2 803 0
2 803 0 1 421 2 803 0
2 803 0 1 421 2 803 0
2 803 0 1 421 2 803 0
2 803 0 1 421 2 803 0
2 803 0 1 858 2 803 0
0 662 610 2 858 0 103 610 765 0 559 0
2 803 0 1 765 2 803 0
2 803 0 1 765 2 803 0
2 803 0 1 765 2 803 0
1 803 1 1 765 1 803 1
2 803 0 1 494 2 803 0
2 803 0 1 494 2 803 0
1 626 764 2 494 0 0 763 886 1 626 1
2 803 0 1 886 2 803 0
2 803 0 1 694 2 803 0
2 803 0 1 694 2 803 0
2 803 0 1 956 2 803 0
2 803 0 1 956 2 803 0
2 803 0 1 956 2 803 0
2 803 0 1 558 2 803 0
2 803 0 1 558 2 803 0
0 555 1071 2 558 0 372 1070 1138 0 183 1
2 803 0 1 1138 2 803 0
2 803 0 1 1138 2 803 0
2 803 0 1 514 2 803 0
2 803 0 1 514 2 803 0
2 803 0 1 514 2 803 0
1 511 1259 2 514 0 330 1258 1029 1 181 1
2 534 1158 2 1029 0 531 1158 341 2 3 0
2 803 0 1 341 2 803 0
2 803 0 1 341 2 803 0
2 803 0 1 341 2 803 0
2 803 0 1 1144 2 803 0
2 803 0 1 1144 2 803 0
2 803 0 1 1144 2 803 0
2 803 0 1 917 2 803 0
2 803 0 1 917 2 803 0
2 803 0 1 917 2 803 0
2 803 0 1 917 2 803 0
2 803 0 1 431 2 803 0
0 696 464 1 431 0 696 464
2 803 0 1 147 2 803 0
2 803 0 1 151 2 803 0
2 803 0 1 151 2 803 0
2 803 0 1 151 2 803 0
0 796 33 1 151 0 796 33
2 803 0 1 349 2 803 0
2 803 0 1 349 2 803 0
2 803 0 1 565 2 803 0
2 803 0 1 565 2 803 0
2 803 0 1 565 2 803 0
-1
31 67
1 531 0 1 473 1 531 0
1 531 0 1 473 1 531 0
1 531 0 1 473 1 531 0
1 531 0 1 89 1 531 0
1 531 0 1 89 1 531 0
1 531 0 1 89 1 531 0
1 531 0 1 89 1 531 0
1 531 0 1 1081 1 531 0
1 531 0 1 1081 1 531 0
1 531 0 1 1081 1 531 0
1 531 0 1 1081 1 531 0
1 531 0 1 150 1 531 0
1 531 0 1 150 1 531 0
1 531 0 1 150 1 531 0
1 531 0 1 150 1 531 0
1 531 0 1 150 1 531 0
1 406 539 2 150 0 0 539 152 1 406 0
1 531 0 1 152 1 531 0
1 531 0 1 152 1 531 0
1 531 0 1 1135 1 531 0
1 531 0 1 1135 1 531 0
1 531 0 1 1135 1 531 0
1 531 0 1 1135 1 531 0
0 340 825 1 1135 0 340 825
1 531 0 1 119 1 531 0
1 531 0 1 119 1 531 0
1 531 0 1 119 1 531 0
1 531 0 1 119 1 531 0
1 531 0 1 119 1 531 0
1 194 1451 2 119 0 52 1451 466 1 142 0
1 531 0 1 466 1 531 0
1 531 0 1 466 1 531 0
1 531 0 1 466 1 531 0
1 531 0 1 267 1 531 0
1 531 0 1 267 1 531 0
1 531 0 1 267 1 531 0
1 531 0 1 267 1 531 0
1 531 0 1 718 1 531 0
1 531 0 1 718 1 531 0
1 531 0 1 718 1 531 0
0 344 807 1 718 0 344 807
1 531 0 1 325 1 531 0
1 531 0 1 325 1 531 0
1 531 0 1 291 1 531 0
1 531 0 1 291 1 531 0
1 531 0 1 291 1 531 0
1 531 0 1 291 1 531 0
1 531 0 1 177 1 531 0
1 531 0 1 177 1 531 0
1 531 0 1 478 1 531 0
1 531 0 1 478 1 531 0
1 531 0 1 478 1 531 0
1 531 0 1 1039 1 531 0
1 531 0 1 1039 1 531 0
1 531 0 1 1039 1 531 0
1 531 0 1 1039 1 531 0
1 531 0 1 492 1 531 0
1 531 0 1 492 1 531 0
1 531 0 1 492 1 531 0
1 531 0 1 492 1 531 0
1 531 0 1 372 1 531 0
1 531 0 1 372 1 531 0
1 531 0 1 372 1 531 0
1 531 0 1 372 1 531 0
0 531 2 2 372 0 0 1 1006 0 531 1
1 531 0 1 1006 1 531 0
1 531 0 1 1006 1 531 0
-1
32 46
0 818 0 1 885 0 818 0
0 818 0 1 999 0 818 0
0 818 0 1 729 0 818 0
0 818 0 1 944 0 818 0
0 818 0 1 456 0 818 0
0 818 0 1 249 0 818 0
0 818 0 1 249 0 818 0
0 818 0 1 448 0 818 0
0 818 0 1 806 0 818 0
0 510 1326 2 806 0 235 1325 57 0 275 1
0 816 8 1 57 0 816 8
0 818 0 1 747 0 818 0
0 818 0 1 1095 0 818 0
0 818 0 1 1095 0 818 0
0 818 0 1 838 0 818 0
0 818 0 1 218 0 818 0
0 818 0 1 741 0 818 0
0 818 0 1 294 0 818 0
0 818 0 1 463 0 818 0
0 818 0 1 936 0 818 0
0 818 0 1 936 0 818 0
0 818 0 1 1050 0 818 0
0 818 0 1 47 0 818 0
0 818 0 1 228 0 818 0
0 818 0 1 140 0 818 0
0 818 0 1 737 0 818 0
0 818 0 1 647 0 818 0
0 818 0 1 647 0 818 0
0 818 0 1 1137 0 818 0
0 818 0 1 710 0 818 0
0 818 0 1 509 0 818 0
0 818 0 1 162 0 818 0
0 818 0 1 297 0 818 0
0 818 0 1 472 0 818 0
0 818 0 1 935 0 818 0
0 818 0 1 935 0 818 0
0 818 0 1 572 0 818 0
0 818 0 1 572 0 818 0
0 818 0 1 572 0 818 0
0 818 0 1 572 0 818 0
0 818 0 1 572 0 818 0
0 818 0 1 572 0 818 0
1 559 1113 2 572 0 445 1112 738 1 114 1
0 818 0 1 738 0 818 0
0 818 0 1 738 0 818 0
0 818 0 1 738 0 818 0
-1
33 64
2 743 0 1 132 2 743 0
2 743 0 1 132 2 743 0
2 743 0 1 132 2 743 0
2 743 0 1 132 2 743 0
2 743 0 1 132 2 743 0
2 743 0 1 438 2 743 0
2 743 0 1 438 2 743 0
2 743 0 1 438 2 743 0
2 743 0 1 438 2 743 0
2 743 0 1 438 2 743 0
2 743 0 1 438 2 743 0
2 743 0 1 438 2 743 0
2 743 0 1 438 2 743 0
2 743 0 1 516 2 743 0
2 743 0 1 516 2 743 0
2 743 0 1 516 2 743 0
2 743 0 1 516 2 743 0
2 437 1317 3 516 0 0 480 828 0 347 837 174 2 90 0
2 743 0 1 174 2 743 0
2 743 0 1 174 2 743 0
2 743 0 1 174 2 743 0
2 743 0 1 174 2 743 0
2 743 0 1 174 2 743 0
2 526 934 2 174 0 77 934 312 2 449 0
2 743 0 1 312 2 743 0
2 743 0 1 312 2 743 0
2 743 0 1 312 2 743 0
2 743 0 1 312 2 743 0
1 553 820 2 312 0 189 820 1134 1 364 0
2 743 0 1 1134 2 743 0
2 743 0 1 1134 2 743 0
2 743 0 1 1134 2 743 0
2 743 0 1 1134 2 743 0
2 743 0 1 1134 2 743 0
2 743 0 1 412 2 743 0
2 743 0 1 412 2 743 0
2 743 0 1 412 2 743 0
2 743 0 1 412 2 743 0
2 743 0 1 405 2 743 0
2 743 0 1 405 2 743 0
2 743 0 1 405 2 743 0
2 743 0 1 405 2 743 0
2 743 0 1 405 2 743 0
2 743 0 1 405 2 743 0
2 743 0 1 712 2 743 0
2 743 0 1 712 2 743 0
2 743 0 1 712 2 743 0
2 743 0 1 712 2 743 0
2 743 0 1 712 2 743 0
2 743 0 1 712 2 743 0
1 502 1039 2 712 0 50 1039 847 1 452 0
2 743 0 1 847 2 743 0
2 743 0 1 847 2 743 0
2 743 0 1 847 2 743 0
1 470 1177 3 847 0 199 655 653 0 0 522 65 1 271 0
2 743 0 1 65 2 743 0
2 743 0 1 65 2 743 0
2 743 0 1 65 2 743 0
2 743 0 1 65 2 743 0
2 743 0 1 159 2 743 0
2 743 0 1 159 2 743 0
2 743 0 1 159 2 743 0
2 743 0 1 159 2 743 0
2 743 0 1 159 2 743 0
-1
34 61
1 927 1 1 879 1 927 1
1 927 1 1 879 1 927 1
1 927 1 1 879 1 927 1
1 927 1 1 879 1 927 1
1 927 1 1 722 1 927 1
1 927 1 1 722 1 927 1
1 927 1 1 722 1 927 1
1 927 1 1 722 1 927 1
1 927 1 1 429 1 927 1
1 927 1 1 429 1 927 1
1 927 1 1 429 1 927 1
1 927 1 1 429 1 927 1
1 927 1 1 429 1 927 1
1 927 1 1 269 1 927 1
1 927 1 1 269 1 927 1
1 927 1 1 269 1 927 1
1 927 1 1 269 1 927 1
1 927 1 1 269 1 927 1
1 927 1 1 269 1 927 1
1 927 1 1 792 1 927 1
1 927 1 1 792 1 927 1
1 927 1 1 792 1 927 1
1 927 1 1 792 1 927 1
1 696 996 2 792 0 290 995 154 1 406 1
1 927 1 1 154 1 927 1
1 927 1 1 154 1 927 1
1 927 1 1 154 1 927 1
1 719 897 2 154 0 286 897 262 1 433 0
1 927 1 1 262 1 927 1
1 927 1 1 262 1 927 1
1 927 1 1 262 1 927 1
1 927 1 1 26 1 927 1
1 927 1 1 434 1 927 1
1 927 1 1 434 1 927 1
1 927 1 1 434 1 927 1
1 633 1267 2 168 0 0 1267 282 1 633 0
1 927 1 1 282 1 927 1
1 927 1 1 282 1 927 1
1 927 1 1 282 1 927 1
1 927 1 1 282 1 927 1
1 927 1 1 282 1 927 1
1 927 1 1 305 1 927 1
1 927 1 1 305 1 927 1
1 927 1 1 305 1 927 1
1 927 1 1 181 1 927 1
1 927 1 1 181 1 927 1
2 745 783 2 181 0 371 783 291 2 374 0
0 611 1363 2 291 0 227 1363 177 0 384 0
1 927 1 1 177 1 927 1
1 927 1 1 634 1 927 1
1 927 1 1 634 1 927 1
0 887 175 2 634 0 0 174 1044 0 887 1
1 927 1 1 1044 1 927 1
1 927 1 1 1044 1 927 1
1 927 1 1 1044 1 927 1
1 927 1 1 1039 1 927 1
1 927 1 1 777 1 927 1
1 927 1 1 777 1 927 1
1 927 1 1 777 1 927 1
1 927 1 1 777 1 927 1
0 902 110 1 777 0 902 110
-1
35 47
0 665 0 1 885 0 665 0
0 665 0 1 999 0 665 0
0 665 0 1 729 0 665 0
0 665 0 1 944 0 665 0
0 665 0 1 456 0 665 0
0 665 0 1 249 0 665 0
0 665 0 1 249 0 665 0
0 665 0 1 448 0 665 0
0 665 0 1 806 0 665 0
0 665 0 1 806 0 665 0
0 665 0 1 57 0 665 0
0 665 0 1 747 0 665 0
0 665 0 1 1095 0 665 0
0 665 0 1 1095 0 665 0
0 665 0 1 838 0 665 0
0 490 754 2 838 0 0 753 218 0 490 1
0 665 0 1 741 0 665 0
0 665 0 1 294 0 665 0
0 665 0 1 463 0 665 0
1 525 601 2 911 0 0 601 936 1 525 0
0 665 0 1 936 0 665 0
0 665 0 1 1050 0 665 0
0 665 0 1 47 0 665 0
0 665 0 1 228 0 665 0
0 665 0 1 140 0 665 0
0 665 0 1 737 0 665 0
0 665 0 1 647 0 665 0
0 665 0 1 647 0 665 0
0 665 0 1 1137 0 665 0
0 665 0 1 710 0 665 0
0 665 0 1 509 0 665 0
0 665 0 1 162 0 665 0
0 665 0 1 297 0 665 0
0 665 0 1 472 0 665 0
0 665 0 1 935 0 665 0
0 665 0 1 935 0 665 0
0 665 0 1 572 0 665 0
0 665 0 1 572 0 665 0
0 665 0 1 572 0 665 0
0 665 0 1 572 0 665 0
0 665 0 1 572 0 665 0
0 665 0 1 572 0 665 0
0 665 0 1 572 0 665 0
0 665 0 1 738 0 665 0
0 665 0 1 738 0 665 0
0 665 0 1 738 0 665 0
0 665 0 1 738 0 665 0
-1
36 59
0 1070 1 1 435 0 1070 1
0 1070 1 1 435 0 1070 1
2 914 669 2 435 0 159 669 1169 2 755 0
0 1070 1 1 1169 0 1070 1
0 912 681 2 1169 0 571 681 373 0 341 0
0 1070 1 1 373 0 1070 1
0 1070 1 1 373 0 1070 1
1 848 955 2 373 0 522 955 440 1 326 0
0 1070 1 1 440 0 1070 1
0 1070 1 1 440 0 1070 1
0 1070 1 1 440 0 1070 1
1 777 1261 2 440 0 350 1260 689 1 427 1
0 1070 1 1 689 0 1070 1
1 972 421 2 689 0 0 421 683 1 972 0
0 1070 1 1 683 0 1070 1
0 1070 1 1 603 0 1070 1
0 1070 1 1 603 0 1070 1
0 1070 1 1 603 0 1070 1
0 1070 1 1 603 0 1070 1
0 1070 1 1 613 0 1070 1
0 1027 186 1 613 0 1027 186
0 1070 1 1 180 0 1070 1
0 1070 1 1 180 0 1070 1
0 1070 1 1 180 0 1070 1
0 1070 1 1 180 0 1070 1
0 1070 1 1 54 0 1070 1
0 1070 1 1 54 0 1070 1
0 1070 1 1 54 0 1070 1
0 1070 1 1 1193 0 1070 1
0 1070 1 1 1193 0 1070 1
0 1028 182 2 1193 0 0 181 436 0 1028 1
0 1070 1 1 436 0 1070 1
0 1070 1 1 607 0 1070 1
0 1070 1 1 607 0 1070 1
0 1070 1 1 607 0 1070 1
0 1070 1 1 507 0 1070 1
0 1070 1 1 507 0 1070 1
0 1070 1 1 507 0 1070 1
0 1070 1 1 475 0 1070 1
0 1070 1 1 475 0 1070 1
0 1070 1 1 475 0 1070 1
0 1070 1 1 227 0 1070 1
0 1070 1 1 227 0 1070 1
2 943 544 2 227 0 0 544 113 2 943 0
0 1070 1 1 113 0 1070 1
0 1070 1 1 485 0 1070 1
0 1070 1 1 485 0 1070 1
0 1070 1 1 485 0 1070 1
0 1070 1 1 633 0 1070 1
0 1070 1 1 633 0 1070 1
0 1070 1 1 503 0 1070 1
0 1070 1 1 503 0 1070 1
0 1070 1 1 503 0 1070 1
0 1070 1 1 942 0 1070 1
0 1070 1 1 942 0 1070 1
0 1070 1 1 942 0 1070 1
0 1070 1 1 942 0 1070 1
0 1070 1 1 942 0 1070 1
0 1070 1 1 740 0 1070 1
-1
37 63
0 1094 0 1 1140 0 1094 0
0 1094 0 1 1140 0 1094 0
0 1094 0 1 1140 0 1094 0
0 1094 0 1 1140 0 1094 0
0 1094 0 1 1140 0 1094 0
0 1094 0 1 1140 0 1094 0
0 1094 0 1 1140 0 1094 0
0 1094 0 1 1140 0 1094 0
0 1094 0 1 1140 0 1094 0
0 1094 0 1 1140 0 1094 0
1 805 1243 2 1140 0 247 1243 421 1 558 0
1 780 1351 2 421 0 253 1351 395 1 527 0
0 1094 0 1 395 0 1094 0
0 1094 0 1 395 0 1094 0
0 1094 0 1 395 0 1094 0
0 1094 0 1 395 0 1094 0
0 1094 0 1 395 0 1094 0
0 1094 0 1 395 0 1094 0
0 1094 0 1 395 0 1094 0
0 1094 0 1 395 0 1094 0
0 1094 0 1 395 0 1094 0
0 1094 0 1 395 0 1094 0
0 1078 69 1 395 0 1078 69
1 786 1325 2 395 0 0 1325 339 1 786 0
0 1094 0 1 339 0 1094 0
0 1094 0 1 339 0 1094 0
0 1094 0 1 339 0 1094 0
0 1094 0 1 339 0 1094 0
0 1094 0 1 339 0 1094 0
1 923 735 2 339 0 358 735 591 1 565 0
0 1094 0 1 591 0 1094 0
0 1094 0 1 591 0 1094 0
0 1094 0 1 591 0 1094 0
0 1094 0 1 591 0 1094 0
0 1094 0 1 591 0 1094 0
0 1094 0 1 591 0 1094 0
0 1094 0 1 591 0 1094 0
0 1094 0 1 591 0 1094 0
0 1094 0 1 591 0 1094 0
0 807 1236 2 591 0 712 1236 1031 0 95 0
0 1094 0 1 1031 0 1094 0
0 1094 0 1 1031 0 1094 0
0 1094 0 1 1031 0 1094 0
0 1094 0 1 1067 0 1094 0
0 1094 0 1 1067 0 1094 0
0 1094 0 1 1067 0 1094 0
0 1094 0 1 1067 0 1094 0
0 1094 0 1 1067 0 1094 0
0 952 612 2 1067 0 38 612 725 0 914 0
0 1094 0 1 725 0 1094 0
0 1094 0 1 725 0 1094 0
0 1094 0 1 725 0 1094 0
0 1094 0 1 725 0 1094 0
0 1094 0 1 725 0 1094 0
0 1094 0 1 725 0 1094 0
0 1094 0 1 725 0 1094 0
0 1094 0 1 1145 0 1094 0
0 1094 0 1 1145 0 1094 0
0 1094 0 1 1145 0 1094 0
0 1094 0 1 1145 0 1094 0
0 1094 0 1 1145 0 1094 0
0 1094 0 1 1145 0 1094 0
0 1094 0 1 1145 0 1094 0
-1
38 53
0 1050 1 1 845 0 1050 1
0 1050 1 1 845 0 1050 1
0 1050 1 1 793 0 1050 1
0 1050 1 1 793 0 1050 1
0 1050 1 1 793 0 1050 1
0 1050 1 1 793 0 1050 1
0 1050 1 1 793 0 1050 1
0 913 591 2 793 0 105 590 155 0 808 1
0 1050 1 1 155 0 1050 1
0 1050 1 1 155 0 1050 1
1 705 1485 2 155 0 284 1484 529 1 421 1
0 1050 1 1 529 0 1050 1
0 1050 1 1 529 0 1050 1
0 1050 1 1 529 0 1050 1
0 1050 1 1 529 0 1050 1
0 1050 1 1 529 0 1050 1
0 1050 1 1 529 0 1050 1
1 868 783 2 529 0 379 782 459 1 489 1
0 1050 1 1 459 0 1050 1
0 1050 1 1 459 0 1050 1
0 1050 1 1 1190 0 1050 1
0 1050 1 1 1190 0 1050 1
0 915 582 2 1190 0 36 582 93 0 879 0
0 1050 1 1 93 0 1050 1
0 1050 1 1 93 0 1050 1
0 1050 1 1 93 0 1050 1
0 1050 1 1 881 0 1050 1
0 1050 1 1 881 0 1050 1
0 1050 1 1 881 0 1050 1
0 1050 1 1 881 0 1050 1
1 924 542 2 881 0 714 542 1036 1 210 0
0 1050 1 1 1036 0 1050 1
0 1050 1 1 1036 0 1050 1
0 1050 1 1 1036 0 1050 1
0 1050 1 1 1036 0 1050 1
0 955 410 1 1036 0 955 410
0 1050 1 1 1188 0 1050 1
0 1050 1 1 1188 0 1050 1
0 948 440 1 1188 0 948 440
0 1050 1 1 965 0 1050 1
0 1050 1 1 325 0 1050 1
0 1050 1 1 325 0 1050 1
0 1050 1 1 325 0 1050 1
0 1050 1 1 891 0 1050 1
0 857 832 1 891 0 857 832
0 1050 1 1 177 0 1050 1
0 1050 1 1 177 0 1050 1
0 1050 1 1 177 0 1050 1
0 1050 1 1 177 0 1050 1
0 1050 1 1 177 0 1050 1
0 1050 1 1 203 0 1050 1
0 797 1090 2 203 0 563 1089 1149 0 234 1
0 1050 1 1 1149 0 1050 1
-1
39 48
1 947 1 1 287 1 947 1
1 947 1 1 287 1 947 1
1 947 1 1 287 1 947 1
1 947 1 1 287 1 947 1
1 947 1 1 51 1 947 1
1 947 1 1 51 1 947 1
1 947 1 1 51 1 947 1
1 947 1 1 51 1 947 1
1 947 1 1 51 1 947 1
1 947 1 1 790 1 947 1
1 947 1 1 790 1 947 1
1 947 1 1 790 1 947 1
1 947 1 1 790 1 947 1
1 947 1 1 438 1 947 1
1 947 1 1 828 1 947 1
1 947 1 1 828 1 947 1
1 947 1 1 828 1 947 1
1 947 1 1 828 1 947 1
1 947 1 1 182 1 947 1
1 947 1 1 182 1 947 1
1 947 1 1 182 1 947 1
1 947 1 1 182 1 947 1
1 947 1 1 1104 1 947 1
1 947 1 1 1104 1 947 1
1 947 1 1 1104 1 947 1
1 947 1 1 1104 1 947 1
1 947 1 1 1104 1 947 1
1 947 1 1 1104 1 947 1
1 947 1 1 1104 1 947 1
1 947 1 1 297 1 947 1
1 947 1 1 297 1 947 1
1 947 1 1 297 1 947 1
1 947 1 1 297 1 947 1
1 947 1 1 1134 1 947 1
1 947 1 1 1134 1 947 1
1 947 1 1 1032 1 947 1
1 947 1 1 1032 1 947 1
1 947 1 1 1032 1 947 1
1 947 1 1 1032 1 947 1
1 947 1 1 44 1 947 1
1 947 1 1 44 1 947 1
1 947 1 1 44 1 947 1
1 947 1 1 44 1 947 1
1 947 1 1 653 1 947 1
1 947 1 1 653 1 947 1
1 947 1 1 653 1 947 1
1 947 1 1 653 1 947 1
0 868 343 1 653 0 868 343
-1
40 55
2 532 0 1 805 2 532 0
2 532 0 1 805 2 532 0
2 532 0 1 805 2 532 0
2 532 0 1 805 2 532 0
2 532 0 1 805 2 532 0
2 532 0 1 696 2 532 0
2 532 0 1 696 2 532 0
2 532 0 1 696 2 532 0
0 465 292 2 696 0 0 291 257 0 465 1
2 532 0 1 257 2 532 0
2 532 0 1 257 2 532 0
2 532 0 1 257 2 532 0
2 532 0 1 257 2 532 0
1 305 979 2 257 0 0 979 1142 1 305 0
2 532 0 1 1142 2 532 0
2 532 0 1 1142 2 532 0
2 532 0 1 1142 2 532 0
2 532 0 1 1142 2 532 0
2 532 0 1 234 2 532 0
2 532 0 1 234 2 532 0
2 532 0 1 234 2 532 0
2 532 0 1 234 2 532 0
2 532 0 1 512 2 532 0
2 532 0 1 512 2 532 0
2 532 0 1 512 2 532 0
2 532 0 1 512 2 532 0
2 532 0 1 1037 2 532 0
2 532 0 1 1037 2 532 0
2 532 0 1 268 2 532 0
2 532 0 1 268 2 532 0
2 532 0 1 268 2 532 0
2 532 0 1 268 2 532 0
2 532 0 1 268 2 532 0
2 532 0 1 84 2 532 0
2 532 0 1 84 2 532 0
2 532 0 1 1132 2 532 0
2 532 0 1 1132 2 532 0
2 532 0 1 965 2 532 0
2 532 0 1 965 2 532 0
2 532 0 1 965 2 532 0
2 532 0 1 969 2 532 0
2 532 0 1 969 2 532 0
2 532 0 1 969 2 532 0
2 532 0 1 191 2 532 0
2 532 0 1 191 2 532 0
2 532 0 1 191 2 532 0
2 532 0 1 191 2 532 0
2 532 0 1 147 2 532 0
2 532 0 1 147 2 532 0
2 532 0 1 147 2 532 0
2 532 0 1 1149 2 532 0
2 532 0 1 1149 2 532 0
2 532 0 1 1149 2 532 0
2 532 0 1 1149 2 532 0
2 532 0 1 837 2 532 0
-1
