1 42
1 3354 1 1 359 1 3354 1
2 3131 762 2 39 0 926 762 557 2 2205 0
0 3123 792 1 410 0 3123 792
1 3086 917 2 252 0 2689 917 31 1 397 0
1 3354 1 1 493 1 3354 1
0 3166 645 2 581 0 1867 645 244 0 1299 0
2 3157 673 2 504 0 1852 673 363 2 1305 0
1 3354 1 1 206 1 3354 1
1 3354 1 1 48 1 3354 1
1 3354 1 1 197 1 3354 1
1 3354 1 1 345 1 3354 1
1 3354 1 1 502 1 3354 1
1 3354 1 1 256 1 3354 1
1 3177 606 2 309 0 1732 606 268 1 1445 0
0 3224 446 1 432 0 3224 446
2 3138 738 2 73 0 985 738 280 2 2153 0
0 3106 850 2 289 0 370 850 138 0 2736 0
1 3354 1 1 8 1 3354 1
1 3146 712 2 398 0 620 711 46 1 2526 1
1 3062 999 2 381 0 1366 999 74 1 1696 0
1 3354 1 1 353 1 3354 1
1 3064 992 2 428 0 2199 992 421 1 865 0
1 3354 1 1 173 1 3354 1
2 3122 793 2 418 0 3020 793 560 2 102 0
0 3201 525 2 116 0 1459 525 372 0 1742 0
1 3354 1 1 290 1 3354 1
2 3081 933 2 282 0 526 933 137 2 2555 0
1 3354 1 1 130 1 3354 1
1 3354 1 1 521 1 3354 1
1 3148 705 2 392 0 2815 705 181 1 333 0
1 3354 1 1 164 1 3354 1
0 3086 918 2 529 0 349 918 577 0 2737 0
1 3354 1 1 187 1 3354 1
1 3354 1 1 509 1 3354 1
1 3354 1 1 517 1 3354 1
2 3128 772 2 566 0 1838 772 564 2 1290 0
1 3148 705 2 350 0 56 705 492 1 3092 0
1 3354 1 1 463 1 3354 1
1 3354 1 1 330 1 3354 1
1 3354 1 1 212 1 3354 1
1 3354 1 1 304 1 3354 1
1 3189 565 2 29 0 0 565 292 1 3189 0
-1
2 41
0 3083 0 1 688 0 3083 0
2 2883 681 2 689 0 854 681 698 2 2029 0
0 3083 0 1 684 0 3083 0
0 2939 492 1 606 0 2939 492
1 2932 515 2 1187 0 373 514 630 1 2559 1
0 3083 0 1 778 0 3083 0
0 2863 752 2 1153 0 1765 752 1144 0 1098 0
0 3083 0 1 1043 0 3083 0
0 2850 796 2 1086 0 631 796 1048 0 2219 0
0 3083 0 1 933 0 3083 0
0 3083 0 1 672 0 3083 0
0 2814 919 2 786 0 1179 919 690 0 1635 0
0 2847 807 2 967 0 820 806 876 0 2027 1
0 3083 0 1 708 0 3083 0
0 3083 0 1 647 0 3083 0
0 3083 0 1 1137 0 3083 0
1 2845 812 2 659 0 1072 812 1195 1 1773 0
0 3079 13 2 1191 0 0 13 906 0 3079 0
0 2813 923 2 797 0 2722 922 687 0 91 1
0 3083 0 1 1004 0 3083 0
0 3083 0 1 753 0 3083 0
0 3083 0 1 692 0 3083 0
0 2844 817 2 1148 0 1529 816 665 0 1315 1
2 2914 575 2 628 0 2408 575 1175 2 506 0
0 3083 0 1 976 0 3083 0
1 2896 638 2 1035 0 540 638 951 1 2356 0
0 3083 0 1 1143 0 3083 0
0 2817 909 2 633 0 601 909 629 0 2216 0
1 2819 901 2 914 0 53 901 879 1 2766 0
0 3083 0 1 921 0 3083 0
0 3083 0 1 863 0 3083 0
1 2841 826 2 656 0 1629 826 1016 1 1212 0
1 2808 939 2 1100 0 2196 938 1034 1 612 1
0 3083 0 1 868 0 3083 0
0 3083 0 1 652 0 3083 0
0 2863 752 2 899 0 1313 751 860 0 1550 1
1 2847 805 2 758 0 2625 805 1136 1 222 0
0 3083 0 1 642 0 3083 0
0 3083 0 1 1125 0 3083 0
2 2862 753 2 648 0 2314 753 871 2 548 0
1 2843 819 2 979 0 1102 819 768 1 1741 0
-1
3 40
0 3760 1 1 495 0 3760 1
0 3760 1 1 255 0 3760 1
2 3508 860 2 196 0 870 860 86 2 2638 0
1 3577 625 2 89 0 1053 625 327 1 2524 0
0 3760 1 1 344 0 3760 1
0 3760 1 1 275 0 3760 1
0 3760 1 1 83 0 3760 1
0 3612 507 2 177 0 2504 506 247 0 1108 1
2 3586 593 2 198 0 1247 593 554 2 2339 0
0 3760 1 1 221 0 3760 1
0 3760 1 1 339 0 3760 1
0 3760 1 1 222 0 3760 1
0 3577 627 2 277 0 2414 626 191 0 1163 1
0 3469 996 2 42 0 751 995 530 0 2718 1
0 3760 1 1 195 0 3760 1
1 3484 943 2 413 0 2446 943 397 1 1038 0
0 3760 1 1 88 0 3760 1
1 3612 505 2 470 0 1855 505 500 1 1757 0
1 3559 687 2 5 0 495 687 215 1 3064 0
0 3760 1 1 389 0 3760 1
1 3646 389 2 600 0 0 389 563 1 3646 0
0 3525 804 2 263 0 1971 804 286 0 1554 0
0 3760 1 1 446 0 3760 1
0 3514 842 2 305 0 280 842 362 0 3234 0
1 3496 902 2 144 0 1484 902 537 1 2012 0
0 3760 1 1 66 0 3760 1
0 3760 1 1 464 0 3760 1
0 3760 1 1 597 0 3760 1
2 3493 911 2 538 0 2794 911 461 2 699 0
0 3760 1 1 508 0 3760 1
1 3607 523 2 133 0 2886 523 236 1 721 0
0 3760 1 1 51 0 3760 1
0 3595 565 2 150 0 1076 565 223 0 2519 0
0 3760 1 1 72 0 3760 1
0 3739 73 2 69 0 0 72 141 0 3739 1
2 3530 785 2 380 0 1451 785 312 2 2079 0
0 3760 1 1 429 0 3760 1
0 3760 1 1 175 0 3760 1
0 3760 1 1 435 0 3760 1
1 3497 899 2 567 0 3184 899 486 1 313 0
-1
4 44
2 2169 0 1 1087 2 2169 0
2 2169 0 1 735 2 2169 0
0 2019 515 2 1186 0 1829 515 959 0 190 0
2 2169 0 1 1157 2 2169 0
2 2169 0 1 918 2 2169 0
2 2169 0 1 1099 2 2169 0
2 2169 0 1 1079 2 2169 0
2 2169 0 1 794 2 2169 0
2 2169 0 1 743 2 2169 0
1 1898 928 2 997 0 13 928 793 1 1885 0
2 2169 0 1 617 2 2169 0
2 2001 574 2 1169 0 1218 574 1093 2 783 0
2 2169 0 1 1115 2 2169 0
2 2169 0 1 971 2 2169 0
2 2169 0 1 712 2 2169 0
2 2169 0 1 808 2 2169 0
2 2169 0 1 641 2 2169 0
2 2169 0 1 930 2 2169 0
2 2169 0 1 1054 2 2169 0
2 2169 0 1 824 2 2169 0
2 2169 0 1 902 2 2169 0
1 2007 555 2 800 0 1694 554 780 1 313 1
2 2169 0 1 671 2 2169 0
2 1910 885 2 953 0 1650 885 949 2 260 0
0 2020 512 2 705 0 1167 512 663 0 853 0
2 2169 0 1 1120 2 2169 0
0 1909 891 2 858 0 92 891 746 0 1817 0
2 1894 940 2 965 0 1320 940 935 2 574 0
0 1941 782 2 707 0 293 782 920 0 1648 0
2 2169 0 1 1012 2 2169 0
2 2169 0 1 1151 2 2169 0
2 2169 0 1 964 2 2169 0
2 2169 0 1 845 2 2169 0
2 2169 0 1 701 2 2169 0
2 2169 0 1 713 2 2169 0
2 2169 0 1 1107 2 2169 0
2 2169 0 1 878 2 2169 0
1 1963 705 2 756 0 478 705 711 1 1485 0
2 2169 0 1 938 2 2169 0
2 1922 844 2 1161 0 1128 844 867 2 794 0
1 2004 565 2 771 0 137 565 991 1 1867 0
2 2169 0 1 748 2 2169 0
2 2169 0 1 790 2 2169 0
2 2013 533 2 944 0 500 533 747 2 1513 0
-1
5 41
0 2470 647 2 21 0 1144 647 255 0 1326 0
1 2659 0 1 196 1 2659 0
0 2422 811 2 472 0 1251 811 89 0 1171 0
1 2659 0 1 9 1 2659 0
1 2659 0 1 576 1 2659 0
1 2659 0 1 357 1 2659 0
1 2659 0 1 411 1 2659 0
1 2434 769 2 220 0 1746 769 198 1 688 0
1 2659 0 1 513 1 2659 0
0 2501 541 2 338 0 954 541 339 0 1547 0
0 2490 579 2 437 0 0 579 297 0 2490 0
0 2650 32 1 343 0 2650 32
1 2659 0 1 42 1 2659 0
1 2659 0 1 210 1 2659 0
1 2639 68 2 462 0 0 68 413 1 2639 0
0 2450 716 2 119 0 883 716 88 0 1567 0
1 2659 0 1 166 1 2659 0
0 2400 887 2 266 0 104 886 5 0 2296 1
1 2659 0 1 165 1 2659 0
1 2659 0 1 600 1 2659 0
0 2440 750 2 132 0 576 750 263 0 1864 0
1 2659 0 1 225 1 2659 0
1 2659 0 1 305 1 2659 0
1 2659 0 1 144 1 2659 0
1 2659 0 1 405 1 2659 0
1 2659 0 1 125 1 2659 0
1 2659 0 1 75 1 2659 0
0 2428 791 2 274 0 424 791 538 0 2004 0
1 2659 0 1 214 1 2659 0
1 2659 0 1 151 1 2659 0
1 2659 0 1 145 1 2659 0
1 2425 800 2 391 0 1818 800 150 1 607 0
1 2659 0 1 250 1 2659 0
0 2493 569 2 159 0 349 568 69 0 2144 1
0 2490 579 2 113 0 268 578 380 0 2222 1
2 2491 573 2 279 0 1880 573 429 2 611 0
1 2659 0 1 524 1 2659 0
0 2469 651 2 448 0 2138 651 435 0 331 0
1 2402 878 2 152 0 897 878 567 1 1505 0
1 2659 0 1 54 1 2659 0
1 2432 776 2 257 0 2000 775 227 1 432 1
-1
6 43
1 2990 690 2 810 0 420 690 835 1 2570 0
1 3192 0 1 974 1 3192 0
1 3192 0 1 1101 1 3192 0
1 3192 0 1 654 1 3192 0
1 3192 0 1 950 1 3192 0
1 3192 0 1 818 1 3192 0
1 3192 0 1 693 1 3192 0
1 3192 0 1 805 1 3192 0
1 3192 0 1 888 1 3192 0
1 3192 0 1 997 1 3192 0
1 3192 0 1 869 1 3192 0
1 3192 0 1 604 1 3192 0
1 3192 0 1 1173 1 3192 0
1 3013 612 2 1071 0 2347 611 971 1 666 1
1 3192 0 1 783 1 3192 0
1 3192 0 1 859 1 3192 0
1 3192 0 1 1126 1 3192 0
0 3003 647 2 782 0 786 647 723 0 2217 0
1 2937 872 2 1130 0 1154 872 1109 1 1783 0
1 3192 0 1 947 1 3192 0
0 3031 552 2 674 0 708 551 1021 0 2323 1
1 3192 0 1 728 1 3192 0
1 3192 0 1 872 1 3192 0
0 2920 931 2 1102 0 1063 931 953 0 1857 0
1 3192 0 1 738 1 3192 0
1 3192 0 1 1179 1 3192 0
1 3192 0 1 858 1 3192 0
1 2939 865 2 1013 0 249 864 965 1 2690 1
0 3023 579 2 779 0 736 579 707 0 2287 0
1 3192 0 1 1041 1 3192 0
1 3192 0 1 667 1 3192 0
1 3192 0 1 1113 1 3192 0
0 2907 976 2 908 0 630 975 901 0 2277 1
1 3192 0 1 788 1 3192 0
1 3192 0 1 769 1 3192 0
1 3192 0 1 637 1 3192 0
1 3192 0 1 1020 1 3192 0
0 2967 770 2 784 0 1558 770 756 0 1409 0
1 3192 0 1 1139 1 3192 0
0 2937 873 2 890 0 927 873 1161 0 2010 0
1 2967 769 2 1059 0 32 769 771 1 2935 0
1 3192 0 1 768 1 3192 0
0 3037 531 2 919 0 1288 531 718 0 1749 0
-1
7 40
1 3076 0 1 593 1 3076 0
1 3076 0 1 2 1 3076 0
1 3076 0 1 58 1 3076 0
0 2860 739 2 451 0 1104 739 49 0 1756 0
1 2884 656 2 52 0 761 656 416 1 2123 0
1 2864 724 2 351 0 1768 724 185 1 1096 0
1 3076 0 1 423 1 3076 0
1 3076 0 1 559 1 3076 0
0 2890 637 2 199 0 1763 637 269 0 1127 0
2 2920 532 2 403 0 1267 532 580 2 1653 0
2 2836 819 2 62 0 881 819 437 2 1955 0
2 2924 518 2 317 0 1438 518 382 2 1486 0
1 2913 557 2 123 0 1544 557 170 1 1369 0
2 2793 966 2 107 0 1874 966 562 2 919 0
0 2818 883 2 497 0 1613 883 462 0 1205 0
1 3076 0 1 499 1 3076 0
2 2795 959 2 108 0 1580 959 375 2 1215 0
1 2902 595 2 532 0 2023 595 266 1 879 0
1 3076 0 1 390 1 3076 0
2 2843 795 2 253 0 1291 795 388 2 1552 0
1 3076 0 1 544 1 3076 0
1 3076 0 1 458 1 3076 0
0 2906 582 2 457 0 286 582 335 0 2620 0
1 2887 646 2 487 0 2299 645 406 1 588 1
1 3076 0 1 28 1 3076 0
1 3076 0 1 505 1 3076 0
1 2801 940 2 440 0 661 940 14 1 2140 0
1 3076 0 1 399 1 3076 0
0 2909 572 2 65 0 1567 572 117 0 1342 0
1 3076 0 1 153 1 3076 0
1 2992 287 2 489 0 0 286 101 1 2992 1
1 3076 0 1 229 1 3076 0
1 2831 837 2 160 0 514 837 259 1 2317 0
1 3076 0 1 364 1 3076 0
2 2894 621 2 592 0 287 621 479 2 2607 0
1 3076 0 1 77 1 3076 0
1 2993 283 2 394 0 0 283 551 1 2993 0
1 3076 0 1 20 1 3076 0
1 2828 848 2 213 0 2805 847 152 1 23 1
0 2863 729 2 251 0 715 729 26 0 2148 0
-1
8 43
0 2578 255 1 1087 0 2578 255
1 2411 825 2 735 0 1486 825 764 1 925 0
2 2652 0 1 959 2 2652 0
2 2652 0 1 1164 2 2652 0
2 2385 913 2 918 0 476 913 881 2 1909 0
1 2406 842 2 1099 0 706 842 837 1 1700 0
2 2652 0 1 885 2 2652 0
2 2652 0 1 620 2 2652 0
2 2652 0 1 1142 2 2652 0
2 2652 0 1 709 2 2652 0
2 2652 0 1 891 2 2652 0
2 2652 0 1 1093 2 2652 0
2 2652 0 1 1067 2 2652 0
2 2652 0 1 856 2 2652 0
0 2613 136 2 712 0 0 135 686 0 2613 1
0 2447 703 2 808 0 825 703 737 0 1622 0
2 2652 0 1 670 2 2652 0
0 2518 461 1 930 0 2518 461
2 2425 776 2 1054 0 1358 776 1049 2 1067 0
2 2361 995 2 824 0 1532 995 1091 2 829 0
1 2376 945 2 902 0 1886 944 832 1 490 1
2 2480 588 2 780 0 2042 588 755 2 438 0
2 2652 0 1 1146 2 2652 0
2 2652 0 1 949 2 2652 0
0 2619 115 1 663 0 2619 115
2 2652 0 1 1121 2 2652 0
2 2652 0 1 746 2 2652 0
2 2652 0 1 935 2 2652 0
2 2652 0 1 920 2 2652 0
2 2652 0 1 761 2 2652 0
0 2602 173 1 1151 0 2602 173
1 2421 791 2 964 0 0 791 792 1 2421 0
2 2403 851 2 845 0 825 851 646 2 1578 0
2 2652 0 1 1069 2 2652 0
2 2652 0 1 661 2 2652 0
0 2436 741 2 1107 0 103 741 615 0 2333 0
1 2393 887 2 878 0 13 886 804 1 2380 1
1 2465 640 2 711 0 1329 640 682 1 1136 0
2 2652 0 1 850 2 2652 0
2 2468 629 2 867 0 1920 629 774 2 548 0
2 2487 564 2 991 0 263 564 988 2 2224 0
2 2652 0 1 1182 2 2652 0
2 2652 0 1 1040 2 2652 0
-1
9 41
1 2775 0 1 299 1 2775 0
0 2728 162 1 420 0 2728 162
1 2775 0 1 483 1 2775 0
1 2775 0 1 518 1 2775 0
1 2775 0 1 300 1 2775 0
1 2775 0 1 543 1 2775 0
1 2775 0 1 336 1 2775 0
1 2775 0 1 476 1 2775 0
1 2775 0 1 425 1 2775 0
0 2577 678 2 82 0 1415 678 528 0 1162 0
1 2775 0 1 81 1 2775 0
1 2775 0 1 178 1 2775 0
1 2775 0 1 369 1 2775 0
1 2775 0 1 111 1 2775 0
1 2587 643 2 367 0 211 642 301 1 2376 1
1 2775 0 1 341 1 2775 0
1 2537 814 2 40 0 1424 814 289 1 1113 0
1 2775 0 1 105 1 2775 0
1 2775 0 1 208 1 2775 0
2 2579 669 2 190 0 1122 669 381 2 1457 0
0 2588 641 2 218 0 1556 640 193 0 1032 1
0 2626 511 2 246 0 2063 511 428 0 563 0
1 2775 0 1 361 1 2775 0
1 2775 0 1 295 1 2775 0
0 2676 340 2 537 0 0 340 267 0 2676 0
0 2547 781 2 98 0 1815 780 594 0 732 1
1 2568 708 2 163 0 864 708 282 1 1704 0
1 2775 0 1 283 1 2775 0
1 2775 0 1 23 1 2775 0
1 2775 0 1 480 1 2775 0
1 2507 916 2 236 0 1335 916 346 1 1172 0
2 2588 638 2 38 0 843 638 529 2 1745 0
1 2775 0 1 444 1 2775 0
1 2556 749 2 7 0 2517 749 542 1 39 0
1 2775 0 1 569 1 2775 0
1 2775 0 1 149 1 2775 0
1 2522 865 2 370 0 2391 864 350 1 131 1
2 2621 525 2 80 0 1739 525 1 2 882 0
1 2587 643 2 207 0 1289 642 352 1 1298 1
1 2775 0 1 486 1 2775 0
0 2587 644 2 95 0 670 644 329 0 1917 0
-1
10 41
0 3229 0 1 904 0 3229 0
0 3229 0 1 807 0 3229 0
0 3229 0 1 1074 0 3229 0
0 3229 0 1 1047 0 3229 0
0 3229 0 1 1055 0 3229 0
0 3229 0 1 982 0 3229 0
0 3229 0 1 666 0 3229 0
1 3072 536 2 1144 0 87 536 1089 1 2985 0
1 2953 943 2 1043 0 1713 943 1014 1 1240 0
2 3019 716 2 1048 0 586 716 798 2 2433 0
0 3229 0 1 857 0 3229 0
0 2956 934 2 672 0 1668 933 1000 0 1288 1
0 3229 0 1 690 0 3229 0
0 3229 0 1 736 0 3229 0
2 3064 562 2 683 0 2081 562 662 2 983 0
0 3229 0 1 801 0 3229 0
0 3229 0 1 1112 0 3229 0
2 3021 709 2 1195 0 968 709 948 2 2053 0
1 2971 881 2 906 0 1211 881 841 1 1760 0
0 3040 647 2 687 0 2093 646 613 0 947 1
0 3214 52 1 751 0 3214 52
0 3229 0 1 745 0 3229 0
0 3229 0 1 864 0 3229 0
0 3229 0 1 665 0 3229 0
0 3033 671 2 1175 0 1892 671 843 0 1141 0
0 3229 0 1 983 0 3229 0
0 3229 0 1 1081 0 3229 0
0 3229 0 1 1063 0 3229 0
0 3011 746 2 629 0 859 746 1122 0 2152 0
0 3229 0 1 710 0 3229 0
0 3229 0 1 829 0 3229 0
2 2975 866 2 863 0 715 866 649 2 2260 0
1 3060 577 2 1016 0 332 576 958 1 2728 1
1 3004 768 2 1034 0 2669 768 1037 1 335 0
0 3188 141 1 632 0 3188 141
0 3120 373 1 1190 0 3120 373
0 2974 872 2 860 0 2668 872 789 0 306 0
1 3014 734 2 1136 0 2744 734 1039 1 270 0
0 3229 0 1 618 0 3229 0
0 2937 999 2 1125 0 737 999 973 0 2200 0
0 3229 0 1 871 0 3229 0
-1
11 41
0 3210 1 1 56 0 3210 1
1 2969 823 2 44 0 2725 823 298 1 244 0
0 3210 1 1 555 0 3210 1
0 3210 1 1 469 0 3210 1
2 2953 877 2 118 0 371 877 561 2 2582 0
0 3210 1 1 491 0 3210 1
0 3210 1 1 378 0 3210 1
0 3210 1 1 383 0 3210 1
0 3210 1 1 102 0 3210 1
2 3032 607 2 204 0 3010 607 409 2 22 0
1 2999 721 2 512 0 314 721 129 1 2685 0
1 3047 557 2 547 0 2374 556 523 1 673 1
0 3210 1 1 501 0 3210 1
0 3210 1 1 452 0 3210 1
0 3210 1 1 17 0 3210 1
0 3210 1 1 226 0 3210 1
0 3210 1 1 572 0 3210 1
1 2982 779 2 70 0 2749 779 539 1 233 0
0 2954 876 2 87 0 2372 876 449 0 582 0
2 3039 583 2 584 0 1028 583 545 2 2011 0
1 3023 639 2 79 0 1337 639 18 1 1686 0
0 3210 1 1 573 0 3210 1
0 3210 1 1 124 0 3210 1
0 3210 1 1 526 0 3210 1
0 3044 568 2 91 0 978 568 599 0 2066 0
0 3210 1 1 131 0 3210 1
0 3210 1 1 506 0 3210 1
2 2929 959 2 120 0 2795 959 241 2 134 0
0 3210 1 1 571 0 3210 1
0 3210 1 1 4 0 3210 1
0 3164 158 1 307 0 3164 158
0 3210 1 1 270 0 3210 1
0 3210 1 1 10 0 3210 1
0 3210 1 1 234 0 3210 1
0 3210 1 1 360 0 3210 1
0 3210 1 1 303 0 3210 1
2 3034 600 2 414 0 2564 600 394 2 470 0
1 3045 564 2 438 0 522 563 59 1 2523 1
0 2927 968 2 308 0 2052 968 488 0 875 0
0 3210 1 1 520 0 3210 1
1 3018 656 2 302 0 1304 656 291 1 1714 0
-1
12 41
1 3638 0 1 904 1 3638 0
0 3412 775 2 688 0 1471 774 807 0 1941 1
0 3469 580 2 698 0 3180 579 1074 0 289 1
2 3429 714 2 684 0 639 714 1047 2 2790 0
2 3610 95 2 606 0 0 95 1055 2 3610 0
0 3461 607 2 630 0 2912 607 982 0 549 0
1 3426 725 2 778 0 979 725 666 1 2447 0
1 3638 0 1 1144 1 3638 0
1 3638 0 1 1043 1 3638 0
1 3638 0 1 1048 1 3638 0
2 3426 724 2 933 0 2091 724 857 2 1335 0
1 3638 0 1 672 1 3638 0
1 3638 0 1 690 1 3638 0
2 3483 529 2 876 0 2743 529 736 2 740 0
2 3366 929 2 708 0 391 929 683 2 2975 0
2 3422 738 2 647 0 220 738 801 2 3202 0
2 3358 957 2 1137 0 23 957 1112 2 3335 0
1 3638 0 1 1195 1 3638 0
1 3638 0 1 906 1 3638 0
1 3638 0 1 687 1 3638 0
0 3413 771 2 1004 0 1416 771 751 0 1997 0
1 3392 842 2 753 0 175 842 745 1 3217 0
0 3423 737 2 692 0 545 737 864 0 2878 0
1 3638 0 1 665 1 3638 0
1 3638 0 1 1175 1 3638 0
1 3383 872 2 976 0 3303 872 983 1 80 0
2 3486 519 2 951 0 2314 519 1081 2 1172 0
2 3458 615 2 1143 0 1299 615 1063 2 2159 0
1 3638 0 1 629 1 3638 0
1 3457 619 2 879 0 2804 619 710 1 653 0
1 3412 773 2 921 0 3370 773 829 1 42 0
1 3638 0 1 863 1 3638 0
1 3638 0 1 1016 1 3638 0
1 3638 0 1 1034 1 3638 0
0 3376 898 2 868 0 21 898 632 0 3355 0
0 3361 949 2 652 0 469 949 1190 0 2892 0
1 3638 0 1 860 1 3638 0
1 3638 0 1 1136 1 3638 0
1 3392 842 2 642 0 2540 841 618 1 852 1
1 3638 0 1 1125 1 3638 0
1 3638 0 1 871 1 3638 0
-1
13 41
1 3192 0 1 359 1 3192 0
1 3192 0 1 557 1 3192 0
1 3185 24 2 410 0 0 23 548 1 3185 1
1 3192 0 1 31 1 3192 0
2 2900 997 2 493 0 311 997 118 2 2589 0
1 3192 0 1 244 1 3192 0
1 3192 0 1 363 1 3192 0
0 2932 890 2 206 0 666 890 243 0 2266 0
0 2938 870 2 48 0 2709 869 473 0 229 1
2 3016 600 2 197 0 237 600 92 2 2779 0
0 3023 579 2 345 0 1779 579 512 0 1244 0
1 2923 919 2 502 0 533 919 273 1 2390 0
1 2970 759 2 256 0 2555 759 501 1 415 0
1 3192 0 1 268 1 3192 0
2 3102 306 2 432 0 0 306 310 2 3102 0
1 3192 0 1 280 1 3192 0
1 3023 578 2 138 0 2457 577 27 1 566 1
1 3192 0 1 8 1 3192 0
0 3031 552 2 46 0 2441 551 87 0 590 1
1 3192 0 1 74 1 3192 0
1 3192 0 1 353 1 3192 0
1 3192 0 1 421 1 3192 0
0 2945 846 2 173 0 599 846 272 0 2346 0
1 3192 0 1 560 1 3192 0
1 3192 0 1 372 1 3192 0
1 2967 769 2 290 0 1881 769 550 1 1086 0
1 3192 0 1 137 1 3192 0
1 2909 967 2 130 0 2005 967 120 1 904 0
0 2912 958 2 521 0 2355 958 358 0 557 0
1 3192 0 1 181 1 3192 0
1 3023 578 2 164 0 799 577 325 1 2224 1
0 3068 425 1 577 0 3068 425
1 3192 0 1 187 1 3192 0
1 3192 0 1 509 1 3192 0
1 2923 919 2 517 0 1382 919 447 1 1541 0
1 3192 0 1 564 1 3192 0
1 3192 0 1 492 1 3192 0
1 3192 0 1 463 1 3192 0
2 2967 768 2 330 0 1240 768 308 2 1727 0
2 2966 771 2 212 0 203 771 174 2 2763 0
0 2950 829 2 304 0 762 829 302 0 2188 0
-1
14 42
2 2466 0 1 1178 2 2466 0
2 2466 0 1 791 2 2466 0
2 2466 0 1 1118 2 2466 0
2 2307 544 2 903 0 180 544 817 2 2127 0
2 2466 0 1 934 2 2466 0
2 2466 0 1 1098 2 2466 0
2 2207 886 2 610 0 107 886 1057 2 2100 0
2 2466 0 1 877 2 2466 0
2 2466 0 1 898 2 2466 0
2 2300 568 2 734 0 440 568 1196 2 1860 0
1 2202 904 2 759 0 582 904 1028 1 1620 0
1 2317 511 2 821 0 1242 511 703 1 1075 0
0 2251 738 2 1131 0 680 738 855 0 1571 0
0 2240 776 2 724 0 563 776 861 0 1677 0
2 2466 0 1 994 2 2466 0
0 2178 988 2 883 0 213 987 884 0 1965 1
2 2466 0 1 922 2 2466 0
2 2466 0 1 839 2 2466 0
0 2209 882 2 725 0 1971 881 1130 0 238 1
2 2466 0 1 762 2 2466 0
2 2466 0 1 1062 2 2466 0
2 2466 0 1 742 2 2466 0
2 2466 0 1 889 2 2466 0
0 2313 526 2 1160 0 1462 526 1102 0 851 0
2 2466 0 1 760 2 2466 0
2 2466 0 1 679 2 2466 0
0 2214 865 2 1011 0 913 864 943 0 1301 1
2 2286 616 2 1194 0 1226 616 1013 2 1060 0
2 2466 0 1 929 2 2466 0
0 2400 229 1 640 0 2400 229
0 2281 635 2 714 0 1972 635 685 0 309 0
2 2466 0 1 830 2 2466 0
0 2206 892 2 1060 0 526 892 908 0 1680 0
1 2312 528 2 1193 0 1502 528 961 1 810 0
0 2251 738 2 968 0 1576 738 827 0 675 0
2 2466 0 1 1044 2 2466 0
2 2466 0 1 1127 2 2466 0
2 2466 0 1 998 2 2466 0
2 2466 0 1 1033 2 2466 0
2 2267 681 2 704 0 1804 681 890 2 463 0
1 2320 501 2 1116 0 1897 501 1059 1 423 0
1 2191 942 2 814 0 920 942 748 1 1271 0
-1
15 40
0 3277 1 1 495 0 3277 1
1 3001 943 2 255 0 9 943 420 1 2992 0
0 3103 596 2 86 0 2724 596 483 0 379 0
0 3277 1 1 327 0 3277 1
0 3277 1 1 344 0 3277 1
0 3046 791 2 275 0 2243 790 543 0 803 1
1 3054 762 2 83 0 2701 762 336 1 353 0
0 3277 1 1 247 0 3277 1
0 3277 1 1 554 0 3277 1
1 3030 844 2 221 0 1263 844 82 1 1767 0
2 2989 983 2 339 0 148 983 81 2 2841 0
0 3029 849 2 222 0 2720 848 178 0 309 1
0 3277 1 1 191 0 3277 1
0 3277 1 1 530 0 3277 1
0 3070 709 2 195 0 422 709 367 0 2648 0
0 3277 1 1 397 0 3277 1
1 2993 970 2 88 0 11 970 40 1 2982 0
0 3277 1 1 500 0 3277 1
1 3079 676 2 215 0 3019 676 208 1 60 0
0 3117 548 2 389 0 1128 547 190 0 1989 1
2 3099 607 2 563 0 1816 607 218 2 1283 0
0 3277 1 1 286 0 3277 1
1 3020 878 2 446 0 2905 878 361 1 115 0
0 3103 596 2 362 0 2121 595 295 0 982 1
0 3277 1 1 537 0 3277 1
1 3097 615 2 66 0 803 614 98 1 2294 1
1 3047 786 2 464 0 450 785 163 1 2597 1
1 3030 844 2 597 0 2991 844 283 1 39 0
0 3277 1 1 461 0 3277 1
2 3030 843 2 508 0 2127 843 480 2 903 0
0 3277 1 1 236 0 3277 1
2 3115 552 2 51 0 1137 552 38 2 1978 0
0 3277 1 1 223 0 3277 1
1 3094 625 2 72 0 1790 625 7 1 1304 0
0 3218 202 1 141 0 3218 202
0 3277 1 1 312 0 3277 1
1 3007 923 2 429 0 533 922 370 1 2474 1
2 3029 846 2 175 0 2964 846 80 2 65 0
0 2988 989 2 435 0 1418 989 207 0 1570 0
0 3277 1 1 467 0 3277 1
-1
16 43
1 2953 1 1 1087 1 2953 1
1 2953 1 1 735 1 2953 1
1 2953 1 1 959 1 2953 1
0 2782 587 2 1157 0 193 587 1164 0 2589 0
1 2953 1 1 918 1 2953 1
1 2953 1 1 1099 1 2953 1
1 2753 685 2 1079 0 1836 685 885 1 917 0
0 2756 676 2 794 0 1307 676 620 0 1449 0
0 2714 819 2 743 0 1419 819 1142 0 1295 0
1 2804 510 2 793 0 2704 510 709 1 100 0
2 2795 540 2 617 0 604 540 891 2 2191 0
1 2953 1 1 1093 1 2953 1
1 2760 661 2 1115 0 171 661 1067 1 2589 0
2 2670 967 2 971 0 1416 967 856 2 1254 0
0 2718 806 1 712 0 2718 806
1 2953 1 1 808 1 2953 1
1 2697 876 2 641 0 1858 876 670 1 839 0
1 2953 1 1 930 1 2953 1
1 2953 1 1 1054 1 2953 1
1 2953 1 1 824 1 2953 1
1 2953 1 1 902 1 2953 1
1 2953 1 1 780 1 2953 1
0 2787 570 2 671 0 1884 570 1146 0 903 0
1 2953 1 1 949 1 2953 1
1 2953 1 1 663 1 2953 1
1 2798 531 2 1120 0 2008 531 1121 1 790 0
1 2953 1 1 746 1 2953 1
1 2953 1 1 935 1 2953 1
1 2953 1 1 920 1 2953 1
1 2742 722 2 1012 0 321 722 761 1 2421 0
1 2953 1 1 1151 1 2953 1
0 2951 9 1 964 0 2951 9
1 2953 1 1 845 1 2953 1
2 2708 837 2 701 0 2348 837 1069 2 360 0
1 2791 555 2 713 0 764 554 661 1 2027 1
1 2953 1 1 1107 1 2953 1
1 2953 1 1 878 1 2953 1
1 2953 1 1 711 1 2953 1
0 2714 819 2 938 0 1905 819 850 0 809 0
1 2953 1 1 867 1 2953 1
1 2953 1 1 991 1 2953 1
2 2771 622 2 748 0 1115 622 1182 2 1656 0
0 2740 730 2 790 0 2387 730 1040 0 353 0
-1
17 42
2 2154 880 2 359 0 474 880 56 2 1680 0
1 2234 608 2 557 0 72 608 44 1 2162 0
0 2412 0 1 548 0 2412 0
0 2412 0 1 31 0 2412 0
0 2412 0 1 118 0 2412 0
0 2412 0 1 244 0 2412 0
1 2201 721 2 363 0 1980 720 378 1 221 1
0 2412 0 1 243 0 2412 0
0 2412 0 1 473 0 2412 0
0 2322 308 1 92 0 2322 308
0 2412 0 1 512 0 2412 0
1 2264 505 2 273 0 2154 505 547 1 110 0
0 2412 0 1 501 0 2412 0
1 2201 721 2 268 0 1841 720 452 1 360 1
0 2412 0 1 310 0 2412 0
0 2311 346 1 280 0 2311 346
0 2412 0 1 27 0 2412 0
1 2139 933 2 8 0 388 932 70 1 1751 1
0 2412 0 1 87 0 2412 0
2 2235 603 2 74 0 537 603 584 2 1698 0
1 2139 933 2 353 0 245 933 79 1 1894 0
0 2242 582 2 421 0 1179 582 573 0 1063 0
0 2412 0 1 272 0 2412 0
0 2412 0 1 560 0 2412 0
2 2231 617 2 372 0 618 617 91 2 1613 0
0 2412 0 1 550 0 2412 0
0 2412 0 1 137 0 2412 0
0 2412 0 1 120 0 2412 0
0 2412 0 1 358 0 2412 0
0 2412 0 1 181 0 2412 0
0 2412 0 1 325 0 2412 0
2 2347 220 2 577 0 0 220 270 2 2347 0
0 2139 934 2 187 0 1438 934 10 0 701 0
1 2126 977 2 509 0 1595 977 234 1 531 0
0 2412 0 1 447 0 2412 0
0 2195 742 2 564 0 2193 742 303 0 2 0
1 2148 902 2 492 0 1832 902 414 1 316 0
0 2125 982 2 463 0 99 982 438 0 2026 0
0 2412 0 1 308 0 2412 0
0 2410 7 1 174 0 2410 7
0 2412 0 1 302 0 2412 0
0 2412 0 1 227 0 2412 0
-1
18 41
1 3554 601 2 1178 0 491 600 810 1 3063 1
0 3575 530 2 791 0 788 530 722 0 2787 0
0 3448 964 2 1118 0 2767 964 1101 0 681 0
0 3549 619 2 817 0 3442 619 654 0 107 0
2 3477 863 2 934 0 2542 863 950 2 935 0
0 3730 0 1 1098 0 3730 0
0 3730 0 1 1057 0 3730 0
1 3507 761 2 877 0 2162 761 805 1 1345 0
1 3466 901 2 898 0 909 901 888 1 2557 0
0 3730 0 1 1196 0 3730 0
0 3730 0 1 1028 0 3730 0
0 3730 0 1 703 0 3730 0
1 3566 560 2 855 0 3469 560 1173 1 97 0
0 3573 537 2 861 0 3156 537 1071 0 417 0
0 3730 0 1 994 0 3730 0
0 3730 0 1 884 0 3730 0
0 3449 961 2 922 0 1393 961 1126 0 2056 0
0 3455 940 2 839 0 1153 940 782 0 2302 0
0 3730 0 1 1130 0 3730 0
1 3520 717 2 762 0 2782 717 947 1 738 0
1 3491 816 2 1062 0 1976 816 674 1 1515 0
1 3483 843 2 742 0 2615 843 728 1 868 0
0 3730 0 1 889 0 3730 0
0 3730 0 1 1102 0 3730 0
2 3489 822 2 760 0 1488 822 738 2 2001 0
0 3730 0 1 679 0 3730 0
0 3730 0 1 943 0 3730 0
0 3730 0 1 1013 0 3730 0
1 3485 837 2 929 0 1737 836 779 1 1748 1
1 3516 731 2 640 0 0 731 981 1 3516 0
0 3730 0 1 685 0 3730 0
0 3730 0 1 830 0 3730 0
0 3730 0 1 908 0 3730 0
0 3730 0 1 961 0 3730 0
0 3730 0 1 827 0 3730 0
1 3525 700 2 1044 0 345 699 697 1 3180 1
0 3458 930 2 1127 0 3063 930 1020 0 395 0
0 3443 982 2 998 0 806 982 784 0 2637 0
1 3501 782 2 1033 0 8 781 985 1 3493 1
0 3730 0 1 890 0 3730 0
0 3730 0 1 1059 0 3730 0
-1
19 40
0 2528 1 1 56 0 2528 1
0 2528 1 1 44 0 2528 1
0 2304 766 2 548 0 1305 766 555 0 999 0
1 2266 895 2 31 0 2052 895 469 1 214 0
0 2528 1 1 118 0 2528 1
1 2269 885 2 244 0 1052 884 491 1 1217 1
0 2528 1 1 378 0 2528 1
1 2303 769 2 243 0 2234 768 383 1 69 1
0 2367 551 2 473 0 2327 551 102 0 40 0
1 2452 259 2 92 0 0 259 204 1 2452 0
0 2528 1 1 512 0 2528 1
0 2528 1 1 547 0 2528 1
0 2528 1 1 501 0 2528 1
0 2528 1 1 452 0 2528 1
1 2286 827 2 310 0 1927 827 17 1 359 0
1 2380 505 2 280 0 0 505 226 1 2380 0
2 2371 535 2 27 0 1845 535 572 2 526 0
0 2528 1 1 70 0 2528 1
0 2528 1 1 87 0 2528 1
0 2528 1 1 584 0 2528 1
0 2528 1 1 79 0 2528 1
0 2528 1 1 573 0 2528 1
0 2299 784 2 272 0 2289 783 124 0 10 1
1 2279 851 2 560 0 1950 851 526 1 329 0
0 2528 1 1 91 0 2528 1
2 2373 528 2 550 0 1253 528 131 2 1120 0
1 2253 939 2 137 0 289 939 506 1 1964 0
0 2528 1 1 120 0 2528 1
0 2369 544 2 358 0 1927 544 571 0 442 0
2 2261 911 2 181 0 2260 911 4 2 1 0
2 2376 518 2 325 0 34 518 307 2 2342 0
0 2528 1 1 270 0 2528 1
0 2528 1 1 10 0 2528 1
0 2528 1 1 234 0 2528 1
1 2379 509 2 447 0 627 509 360 1 1752 0
0 2528 1 1 303 0 2528 1
0 2528 1 1 414 0 2528 1
0 2528 1 1 438 0 2528 1
0 2528 1 1 308 0 2528 1
0 2362 568 2 174 0 0 568 520 0 2362 0
-1
20 43
1 1796 738 2 835 0 1625 738 1087 1 171 0
0 1780 794 2 974 0 948 793 735 0 832 1
0 2012 0 1 1186 0 2012 0
0 2012 0 1 1157 0 2012 0
0 2012 0 1 918 0 2012 0
2 1754 880 2 818 0 0 880 1099 2 1754 0
0 2012 0 1 1079 0 2012 0
0 2012 0 1 794 0 2012 0
0 2012 0 1 743 0 2012 0
0 2012 0 1 997 0 2012 0
0 2012 0 1 617 0 2012 0
0 2012 0 1 1169 0 2012 0
0 2012 0 1 1115 0 2012 0
0 2012 0 1 971 0 2012 0
0 2012 0 1 712 0 2012 0
0 1756 876 2 859 0 1370 876 808 0 386 0
0 2012 0 1 641 0 2012 0
1 1832 615 2 723 0 863 614 930 1 969 1
2 1831 617 2 1109 0 1323 617 1054 2 508 0
0 2012 0 1 824 0 2012 0
0 1846 568 2 1021 0 352 568 902 0 1494 0
0 2012 0 1 800 0 2012 0
1 1786 772 2 872 0 712 772 671 1 1074 0
0 2012 0 1 953 0 2012 0
0 2012 0 1 705 0 2012 0
2 1750 894 2 1179 0 1152 894 1120 2 598 0
0 2012 0 1 858 0 2012 0
0 2012 0 1 965 0 2012 0
0 2012 0 1 707 0 2012 0
0 2012 0 1 1012 0 2012 0
1 1770 827 2 667 0 606 827 1151 1 1164 0
0 2012 0 1 964 0 2012 0
1 1854 539 2 901 0 137 539 845 1 1717 0
0 2012 0 1 701 0 2012 0
0 2012 0 1 713 0 2012 0
1 1800 724 2 637 0 351 724 1107 1 1449 0
0 2012 0 1 878 0 2012 0
0 2012 0 1 756 0 2012 0
0 2012 0 1 938 0 2012 0
0 2012 0 1 1161 0 2012 0
0 2012 0 1 771 0 2012 0
0 1740 930 2 768 0 700 930 748 0 1040 0
0 2012 0 1 790 0 2012 0
-1
21 43
0 2639 953 2 495 0 1558 953 299 0 1081 0
2 2917 0 1 420 2 2917 0
2 2917 0 1 483 2 2917 0
1 2718 682 2 327 0 345 682 518 1 2373 0
0 2653 905 2 344 0 703 905 300 0 1950 0
2 2917 0 1 543 2 2917 0
2 2917 0 1 336 2 2917 0
1 2703 733 2 247 0 2230 733 476 1 473 0
2 2653 903 2 554 0 2518 903 425 2 135 0
2 2917 0 1 82 2 2917 0
2 2917 0 1 81 2 2917 0
2 2917 0 1 178 2 2917 0
0 2689 782 2 191 0 2616 782 369 0 73 0
1 2652 907 2 530 0 2186 907 111 1 466 0
2 2917 0 1 367 2 2917 0
1 2763 528 2 397 0 445 528 341 1 2318 0
2 2917 0 1 40 2 2917 0
2 2712 701 2 500 0 1283 701 105 2 1429 0
2 2917 0 1 208 2 2917 0
2 2917 0 1 190 2 2917 0
2 2917 0 1 218 2 2917 0
0 2754 560 2 286 0 218 560 246 0 2536 0
2 2917 0 1 361 2 2917 0
2 2917 0 1 295 2 2917 0
0 2756 553 1 537 0 2756 553
2 2917 0 1 98 2 2917 0
2 2917 0 1 163 2 2917 0
2 2917 0 1 283 2 2917 0
0 2738 615 2 461 0 1557 614 23 0 1181 1
2 2917 0 1 480 2 2917 0
2 2917 0 1 236 2 2917 0
2 2917 0 1 38 2 2917 0
2 2657 889 2 223 0 2214 889 444 2 443 0
2 2917 0 1 7 2 2917 0
0 2751 570 2 141 0 0 570 569 0 2751 0
0 2737 618 2 312 0 213 618 149 0 2524 0
2 2917 0 1 370 2 2917 0
2 2917 0 1 80 2 2917 0
2 2917 0 1 207 2 2917 0
2 2755 554 2 467 0 1718 554 486 2 1037 0
2 2917 0 1 95 2 2917 0
2 2917 0 1 29 2 2917 0
2 2917 0 1 490 2 2917 0
-1
22 42
1 3154 739 2 838 0 714 739 1178 1 2440 0
0 3099 929 2 989 0 1585 929 791 0 1514 0
1 3370 1 1 1118 1 3370 1
1 3370 1 1 903 1 3370 1
0 3145 771 2 1010 0 388 771 934 0 2757 0
1 3194 603 2 831 0 2839 603 1098 1 355 0
1 3370 1 1 610 1 3370 1
0 3205 566 2 1094 0 986 566 877 0 2219 0
1 3370 1 1 898 1 3370 1
1 3370 1 1 734 1 3370 1
1 3370 1 1 759 1 3370 1
1 3356 49 2 1000 0 0 49 821 1 3356 0
1 3370 1 1 1131 1 3370 1
1 3370 1 1 724 1 3370 1
1 3215 531 2 1174 0 2207 531 994 1 1008 0
1 3370 1 1 883 1 3370 1
1 3370 1 1 922 1 3370 1
1 3370 1 1 839 1 3370 1
1 3370 1 1 725 1 3370 1
0 3174 672 2 623 0 1971 672 762 0 1203 0
1 3110 890 2 645 0 202 889 1062 1 2908 1
1 3115 873 2 741 0 612 873 742 1 2503 0
2 3120 854 2 870 0 2686 854 889 2 434 0
0 3272 337 2 1176 0 0 337 1160 0 3272 0
1 3370 1 1 760 1 3370 1
0 3087 970 2 796 0 2131 970 679 0 956 0
1 3370 1 1 1011 1 3370 1
1 3370 1 1 1194 1 3370 1
2 3317 181 2 1070 0 0 181 929 2 3317 0
1 3370 1 1 640 1 3370 1
1 3370 1 1 714 1 3370 1
0 3139 792 2 1133 0 2795 792 830 0 344 0
1 3370 1 1 1060 1 3370 1
1 3249 414 2 1037 0 0 414 1193 1 3249 0
1 3370 1 1 968 1 3370 1
1 3370 1 1 1044 1 3370 1
0 3094 946 2 789 0 246 945 1127 0 2848 1
1 3370 1 1 998 1 3370 1
1 3370 1 1 1033 1 3370 1
1 3370 1 1 704 1 3370 1
2 3119 858 2 765 0 509 858 1116 2 2610 0
1 3370 1 1 814 1 3370 1
-1
23 42
2 2643 556 2 67 0 563 556 593 2 2080 0
1 2806 0 1 2 1 2806 0
1 2806 0 1 58 1 2806 0
1 2806 0 1 451 1 2806 0
1 2806 0 1 52 1 2806 0
1 2806 0 1 351 1 2806 0
2 2635 584 2 430 0 2349 584 423 2 286 0
1 2806 0 1 559 1 2806 0
1 2806 0 1 199 1 2806 0
1 2806 0 1 403 1 2806 0
1 2806 0 1 62 1 2806 0
1 2806 0 1 317 1 2806 0
1 2806 0 1 123 1 2806 0
1 2806 0 1 107 1 2806 0
1 2806 0 1 497 1 2806 0
1 2609 674 2 507 0 2266 673 499 1 343 1
1 2806 0 1 108 1 2806 0
1 2806 0 1 532 1 2806 0
0 2587 750 2 449 0 246 750 390 0 2341 0
1 2806 0 1 253 1 2806 0
1 2531 941 2 18 0 860 941 544 1 1671 0
1 2629 605 2 276 0 1252 605 458 1 1377 0
1 2806 0 1 457 1 2806 0
1 2806 0 1 487 1 2806 0
1 2645 551 2 260 0 2444 551 28 1 201 0
1 2662 493 2 519 0 0 492 505 1 2662 1
1 2806 0 1 440 1 2806 0
2 2577 782 2 241 0 980 782 399 2 1597 0
1 2806 0 1 65 1 2806 0
1 2806 0 1 153 1 2806 0
0 2617 648 1 489 0 2617 648
0 2614 658 2 30 0 749 658 229 0 1865 0
1 2806 0 1 160 1 2806 0
0 2653 525 2 55 0 1257 525 364 0 1396 0
1 2806 0 1 592 1 2806 0
1 2590 739 2 314 0 1734 738 77 1 856 1
0 2597 716 1 394 0 2597 716
1 2526 958 2 59 0 176 957 20 1 2350 1
1 2806 0 1 213 1 2806 0
1 2806 0 1 251 1 2806 0
1 2806 0 1 287 1 2806 0
1 2806 0 1 227 1 2806 0
-1
24 40
1 2454 1 1 835 1 2454 1
1 2454 1 1 974 1 2454 1
1 2194 890 2 1101 0 1392 889 1186 1 802 1
0 2216 816 2 654 0 1300 815 1157 0 916 1
1 2180 937 2 950 0 1568 937 918 1 612 0
0 2448 22 1 818 0 2448 22
1 2230 767 2 693 0 2085 767 1079 1 145 0
0 2167 983 2 805 0 1573 983 794 0 594 0
0 2166 987 2 888 0 388 986 743 0 1778 1
1 2454 1 1 997 1 2454 1
0 2248 706 2 869 0 2175 706 617 0 73 0
1 2276 609 2 604 0 341 609 1169 1 1935 0
0 2238 741 2 1173 0 634 740 1115 0 1604 1
1 2454 1 1 971 1 2454 1
2 2262 656 2 783 0 696 656 712 2 1566 0
1 2454 1 1 859 1 2454 1
0 2184 925 2 1126 0 341 925 641 0 1843 0
1 2454 1 1 723 1 2454 1
1 2454 1 1 1109 1 2454 1
2 2176 950 2 947 0 1883 950 824 2 293 0
1 2454 1 1 1021 1 2454 1
2 2203 858 2 728 0 925 858 800 2 1278 0
1 2454 1 1 872 1 2454 1
1 2454 1 1 953 1 2454 1
2 2172 964 2 738 0 745 964 705 2 1427 0
1 2454 1 1 1179 1 2454 1
1 2454 1 1 858 1 2454 1
1 2454 1 1 965 1 2454 1
1 2454 1 1 707 1 2454 1
0 2295 546 2 1041 0 301 546 1012 0 1994 0
1 2454 1 1 667 1 2454 1
0 2206 850 2 1113 0 2140 850 964 0 66 0
1 2454 1 1 901 1 2454 1
2 2261 659 2 788 0 1261 659 701 2 1000 0
1 2264 650 2 769 0 2226 650 713 1 38 0
1 2454 1 1 637 1 2454 1
1 2204 855 2 1020 0 1372 855 878 1 832 0
1 2454 1 1 756 1 2454 1
0 2285 580 2 1139 0 993 579 938 0 1292 1
1 2454 1 1 1161 1 2454 1
-1
25 40
1 2603 956 2 56 0 1202 956 67 1 1401 0
0 2883 0 1 298 0 2883 0
0 2883 0 1 555 0 2883 0
0 2883 0 1 469 0 2883 0
0 2883 0 1 561 0 2883 0
0 2883 0 1 491 0 2883 0
0 2734 509 1 378 0 2734 509
0 2883 0 1 383 0 2883 0
0 2883 0 1 102 0 2883 0
0 2883 0 1 409 0 2883 0
0 2728 530 2 129 0 2075 529 62 0 653 1
0 2883 0 1 523 0 2883 0
0 2595 984 2 501 0 308 984 264 0 2287 0
2 2631 859 2 452 0 1659 859 107 2 972 0
1 2695 641 2 17 0 2208 641 497 1 487 0
0 2640 830 2 226 0 1888 830 507 0 752 0
2 2712 582 2 572 0 1509 582 108 2 1203 0
0 2883 0 1 539 0 2883 0
0 2883 0 1 449 0 2883 0
1 2729 525 2 545 0 2703 524 253 1 26 1
0 2883 0 1 18 0 2883 0
0 2615 916 2 573 0 1461 916 276 0 1154 0
0 2883 0 1 124 0 2883 0
0 2883 0 1 526 0 2883 0
0 2883 0 1 599 0 2883 0
1 2710 590 2 131 0 978 589 519 1 1732 1
0 2691 656 2 506 0 738 656 440 0 1953 0
0 2883 0 1 241 0 2883 0
0 2883 0 1 571 0 2883 0
0 2883 0 1 4 0 2883 0
0 2750 454 2 307 0 0 454 489 0 2750 0
1 2605 949 2 270 0 463 948 30 1 2142 1
0 2627 875 2 10 0 1454 875 160 0 1173 0
2 2608 937 2 234 0 2181 937 55 2 427 0
0 2883 0 1 360 0 2883 0
2 2670 725 2 303 0 803 725 314 2 1867 0
0 2883 0 1 394 0 2883 0
0 2883 0 1 59 0 2883 0
0 2883 0 1 488 0 2883 0
1 2665 744 2 520 0 1133 744 445 1 1532 0
-1
26 44
1 2141 0 1 688 1 2141 0
1 2141 0 1 689 1 2141 0
1 2141 0 1 684 1 2141 0
1 2141 0 1 606 1 2141 0
1 2141 0 1 1187 1 2141 0
1 2141 0 1 778 1 2141 0
1 2141 0 1 1153 1 2141 0
0 1974 572 2 940 0 1922 572 1043 0 52 0
1 2141 0 1 1086 1 2141 0
0 1991 514 2 1050 0 649 514 933 0 1342 0
1 1884 879 2 806 0 1878 879 672 1 6 0
1 2141 0 1 786 1 2141 0
1 2141 0 1 967 1 2141 0
1 2141 0 1 708 1 2141 0
1 2141 0 1 647 1 2141 0
1 2141 0 1 1137 1 2141 0
1 2141 0 1 659 1 2141 0
0 1853 986 1 1191 0 1853 986
1 2141 0 1 797 1 2141 0
1 2141 0 1 1004 1 2141 0
1 2141 0 1 753 1 2141 0
1 2141 0 1 692 1 2141 0
1 2141 0 1 1148 1 2141 0
1 2141 0 1 628 1 2141 0
1 1896 838 2 1036 0 426 837 976 1 1470 1
1 2141 0 1 1035 1 2141 0
0 1894 846 2 984 0 732 845 1143 0 1162 1
1 2141 0 1 633 1 2141 0
1 2141 0 1 914 1 2141 0
0 1896 839 2 942 0 1392 839 921 0 504 0
1 1863 950 2 955 0 1507 950 863 1 356 0
1 2141 0 1 656 1 2141 0
1 2141 0 1 1100 1 2141 0
1 2141 0 1 868 1 2141 0
1 2141 0 1 652 1 2141 0
1 2141 0 1 899 1 2141 0
1 2141 0 1 758 1 2141 0
2 1944 672 2 682 0 0 672 642 2 1944 0
1 1964 605 2 854 0 433 605 1125 1 1531 0
1 2141 0 1 648 1 2141 0
1 2141 0 1 979 1 2141 0
1 2141 0 1 1135 1 2141 0
1 2141 0 1 944 1 2141 0
1 2141 0 1 718 1 2141 0
-1
27 41
1 2874 0 1 299 1 2874 0
0 2641 798 2 420 0 0 798 39 0 2641 0
2 2621 864 2 483 0 1702 864 410 2 919 0
1 2693 619 2 518 0 412 618 252 1 2281 1
0 2699 600 2 300 0 665 599 493 0 2034 1
0 2600 938 2 543 0 1953 938 581 0 647 0
1 2622 862 2 336 0 1700 861 504 1 922 1
0 2704 583 2 476 0 1988 582 206 0 716 1
1 2874 0 1 425 1 2874 0
1 2874 0 1 528 1 2874 0
0 2592 966 2 81 0 156 966 219 0 2436 0
0 2630 836 2 178 0 1529 836 502 0 1101 0
1 2874 0 1 369 1 2874 0
1 2695 612 2 111 0 2265 612 309 1 430 0
1 2717 537 2 301 0 2465 537 432 1 252 0
0 2698 603 2 341 0 332 603 73 0 2366 0
1 2874 0 1 289 1 2874 0
1 2874 0 1 105 1 2874 0
0 2681 661 2 208 0 193 661 398 0 2488 0
1 2874 0 1 381 1 2874 0
1 2874 0 1 193 1 2874 0
1 2874 0 1 428 1 2874 0
0 2613 894 2 361 0 2226 893 173 0 387 1
0 2600 938 2 295 0 1774 938 418 0 826 0
0 2715 545 1 267 0 2715 545
1 2874 0 1 594 1 2874 0
1 2874 0 1 282 1 2874 0
1 2605 920 2 283 0 2536 919 130 1 69 1
1 2874 0 1 23 1 2874 0
2 2583 994 2 480 0 2346 994 392 2 237 0
1 2874 0 1 346 1 2874 0
1 2874 0 1 529 1 2874 0
1 2874 0 1 444 1 2874 0
1 2874 0 1 542 1 2874 0
0 2618 877 2 569 0 2366 877 517 0 252 0
1 2674 684 2 149 0 856 684 566 1 1818 0
1 2874 0 1 350 1 2874 0
1 2874 0 1 1 1 2874 0
1 2874 0 1 352 1 2874 0
0 2657 743 2 486 0 2558 743 212 0 99 0
1 2725 509 2 329 0 2664 509 304 1 61 0
-1
28 41
1 2287 1 1 1064 1 2287 1
0 2128 546 2 764 0 1636 546 689 0 492 0
1 2287 1 1 781 1 2287 1
1 2287 1 1 969 1 2287 1
1 2287 1 1 881 1 2287 1
1 2287 1 1 837 1 2287 1
0 2036 860 2 885 0 1816 860 1153 0 220 0
2 2030 878 2 620 0 1447 878 940 2 583 0
1 2072 736 2 1142 0 323 736 1086 1 1749 0
0 2097 652 2 709 0 752 651 1050 0 1345 1
1 2287 1 1 806 1 2287 1
1 2287 1 1 786 1 2287 1
1 2028 886 2 1067 0 378 886 967 1 1650 0
2 2021 909 2 856 0 1919 909 708 2 102 0
1 2287 1 1 686 1 2287 1
1 2113 596 2 737 0 1381 595 1137 1 732 1
1 2077 719 2 670 0 616 718 659 1 1461 1
1 2287 1 1 1191 1 2287 1
0 2133 529 2 1049 0 1331 528 797 0 802 1
1 2287 1 1 1091 1 2287 1
1 2287 1 1 832 1 2287 1
1 2287 1 1 755 1 2287 1
0 2062 771 2 1146 0 1030 771 1148 0 1032 0
1 2287 1 1 795 1 2287 1
1 2287 1 1 1036 1 2287 1
1 2046 825 2 1121 0 1628 825 1035 1 418 0
1 2287 1 1 984 1 2287 1
1 2287 1 1 633 1 2287 1
1 2287 1 1 914 1 2287 1
1 2287 1 1 942 1 2287 1
1 2287 1 1 955 1 2287 1
1 2097 650 2 792 0 1076 650 656 1 1021 0
2 2137 512 2 646 0 676 512 1100 2 1461 0
2 2052 803 2 1069 0 1859 803 868 2 193 0
0 2001 980 2 661 0 1795 980 652 0 206 0
0 2089 679 2 615 0 1426 679 899 0 663 0
0 2224 217 1 804 0 2224 217
1 2287 1 1 682 1 2287 1
1 2287 1 1 854 1 2287 1
1 2287 1 1 774 1 2287 1
1 2118 579 2 988 0 624 578 979 1 1494 1
-1
29 41
1 2688 0 1 21 1 2688 0
0 2516 590 2 527 0 1707 590 196 0 809 0
1 2688 0 1 472 1 2688 0
1 2649 134 2 49 0 0 133 9 1 2649 1
1 2688 0 1 576 1 2688 0
2 2439 851 2 185 0 2261 851 357 2 178 0
1 2425 900 2 423 0 425 899 411 1 2000 1
1 2688 0 1 220 1 2688 0
1 2688 0 1 513 1 2688 0
1 2688 0 1 338 1 2688 0
0 2571 402 1 437 0 2571 402
1 2688 0 1 343 1 2688 0
0 2493 669 2 170 0 350 669 42 0 2143 0
1 2518 582 2 562 0 7 581 210 1 2511 1
0 2450 816 1 462 0 2450 816
1 2688 0 1 119 1 2688 0
1 2519 578 2 375 0 0 578 166 1 2519 0
1 2688 0 1 266 1 2688 0
2 2519 577 2 171 0 1337 577 165 2 1182 0
1 2688 0 1 600 1 2688 0
1 2688 0 1 132 1 2688 0
1 2688 0 1 225 1 2688 0
0 2425 901 2 335 0 1188 901 305 0 1237 0
1 2468 753 2 406 0 1887 752 144 1 581 1
1 2688 0 1 405 1 2688 0
1 2688 0 1 125 1 2688 0
0 2471 744 2 14 0 245 743 75 0 2226 1
1 2688 0 1 274 1 2688 0
0 2466 761 2 117 0 1206 761 214 0 1260 0
1 2688 0 1 151 1 2688 0
1 2417 927 2 101 0 1058 927 145 1 1359 0
1 2688 0 1 391 1 2688 0
1 2688 0 1 250 1 2688 0
1 2688 0 1 159 1 2688 0
1 2688 0 1 113 1 2688 0
1 2688 0 1 279 1 2688 0
2 2422 909 2 551 0 886 909 524 2 1536 0
1 2688 0 1 448 1 2688 0
1 2688 0 1 152 1 2688 0
2 2686 6 2 445 0 0 6 54 2 2686 0
1 2688 0 1 257 1 2688 0
-1
30 43
2 2733 0 1 810 2 2733 0
1 2577 535 2 722 0 2019 534 974 1 558 1
2 2733 0 1 1101 2 2733 0
2 2733 0 1 654 2 2733 0
2 2733 0 1 950 2 2733 0
1 2519 733 2 1098 0 43 733 818 1 2476 0
1 2515 747 2 1057 0 891 747 693 1 1624 0
2 2733 0 1 805 2 2733 0
2 2733 0 1 888 2 2733 0
1 2493 822 2 1196 0 1806 822 997 1 687 0
1 2510 764 2 1028 0 1525 764 869 1 985 0
2 2557 602 2 703 0 612 602 604 2 1945 0
2 2733 0 1 1173 2 2733 0
2 2733 0 1 1071 2 2733 0
1 2484 853 2 994 0 470 853 783 1 2014 0
1 2496 812 2 884 0 1622 812 859 1 874 0
2 2733 0 1 1126 2 2733 0
2 2733 0 1 782 2 2733 0
2 2733 0 1 1130 2 2733 0
2 2733 0 1 947 2 2733 0
2 2733 0 1 674 2 2733 0
2 2733 0 1 728 2 2733 0
2 2457 944 2 889 0 1862 944 872 2 595 0
2 2733 0 1 1102 2 2733 0
2 2733 0 1 738 2 2733 0
0 2462 929 2 679 0 1207 929 1179 0 1255 0
1 2498 805 2 943 0 2223 805 858 1 275 0
2 2733 0 1 1013 2 2733 0
2 2733 0 1 779 2 2733 0
2 2581 520 2 981 0 1163 520 1041 2 1418 0
1 2558 600 2 685 0 1361 600 667 1 1197 0
2 2514 749 2 830 0 199 749 1113 2 2315 0
2 2733 0 1 908 2 2733 0
1 2551 624 2 961 0 1075 624 788 1 1476 0
2 2522 722 2 827 0 2093 722 769 2 429 0
1 2564 579 2 697 0 2039 579 637 1 525 0
2 2733 0 1 1020 2 2733 0
2 2733 0 1 784 2 2733 0
1 2570 559 2 985 0 1546 559 1139 1 1024 0
2 2733 0 1 890 2 2733 0
2 2733 0 1 1059 2 2733 0
2 2733 0 1 768 2 2733 0
2 2733 0 1 919 2 2733 0
-1
31 41
2 2075 805 2 593 0 87 805 21 2 1988 0
0 2311 1 1 527 0 2311 1
0 2311 1 1 472 0 2311 1
0 2158 524 1 49 0 2158 524
0 2136 599 2 416 0 1268 599 576 0 868 0
0 2311 1 1 185 0 2311 1
0 2311 1 1 423 0 2311 1
0 2311 1 1 220 0 2311 1
1 2163 505 2 269 0 1419 505 513 1 744 0
0 2162 510 2 580 0 936 510 338 0 1226 0
0 2311 1 1 437 0 2311 1
0 2145 568 2 382 0 1625 568 343 0 520 0
0 2311 1 1 170 0 2311 1
0 2311 1 1 562 0 2311 1
0 2311 1 1 462 0 2311 1
0 2311 1 1 119 0 2311 1
0 2301 35 1 375 0 2301 35
0 2311 1 1 266 0 2311 1
0 2311 1 1 171 0 2311 1
1 2130 618 2 388 0 2009 618 600 1 121 0
0 2311 1 1 132 0 2311 1
2 2063 846 2 458 0 1160 846 225 2 903 0
0 2311 1 1 335 0 2311 1
0 2311 1 1 406 0 2311 1
2 2114 672 2 28 0 770 672 405 2 1344 0
0 2025 979 2 505 0 1072 978 125 0 953 1
0 2311 1 1 14 0 2311 1
0 2311 1 1 274 0 2311 1
0 2311 1 1 117 0 2311 1
1 2031 957 2 153 0 496 957 151 1 1535 0
0 2311 1 1 101 0 2311 1
0 2311 1 1 391 0 2311 1
1 2109 690 2 259 0 1893 690 250 1 216 0
0 2100 722 2 364 0 26 722 159 0 2074 0
0 2245 226 2 479 0 0 226 113 0 2245 0
1 2070 823 2 77 0 1483 823 279 1 587 0
0 2311 1 1 551 0 2311 1
1 2037 936 2 20 0 1006 936 448 1 1031 0
0 2311 1 1 152 0 2311 1
0 2129 623 1 445 0 2129 623
1 2285 88 2 287 0 0 88 257 1 2285 0
-1
32 44
0 2180 619 2 1087 0 0 619 1064 0 2180 0
0 2361 1 1 764 0 2361 1
0 2127 801 2 959 0 1411 800 781 0 716 1
0 2177 630 2 1164 0 418 629 969 0 1759 1
0 2361 1 1 881 0 2361 1
0 2361 1 1 837 0 2361 1
0 2361 1 1 885 0 2361 1
0 2361 1 1 620 0 2361 1
0 2361 1 1 1142 0 2361 1
0 2361 1 1 709 0 2361 1
1 2169 656 2 891 0 1057 656 806 1 1112 0
2 2086 938 2 1093 0 2058 938 786 2 28 0
0 2361 1 1 1067 0 2361 1
0 2361 1 1 856 0 2361 1
0 2361 1 1 686 0 2361 1
0 2361 1 1 737 0 2361 1
0 2361 1 1 670 0 2361 1
2 2216 494 2 930 0 0 494 1191 2 2216 0
0 2361 1 1 1049 0 2361 1
0 2361 1 1 1091 0 2361 1
0 2361 1 1 832 0 2361 1
0 2361 1 1 755 0 2361 1
0 2361 1 1 1146 0 2361 1
0 2123 814 2 949 0 1465 814 795 0 658 0
1 2186 598 2 663 0 0 598 1036 1 2186 0
0 2361 1 1 1121 0 2361 1
0 2115 842 2 746 0 162 842 984 0 1953 0
2 2108 863 2 935 0 1592 863 633 2 516 0
0 2090 927 2 920 0 1096 927 914 0 994 0
0 2166 667 2 761 0 927 667 942 0 1239 0
0 2123 814 2 1151 0 0 814 955 0 2123 0
0 2361 1 1 792 0 2361 1
0 2361 1 1 646 0 2361 1
0 2361 1 1 1069 0 2361 1
0 2361 1 1 661 0 2361 1
0 2361 1 1 615 0 2361 1
0 2361 1 1 804 0 2361 1
0 2361 1 1 682 0 2361 1
2 2180 617 2 850 0 2090 617 854 2 90 0
0 2361 1 1 774 0 2361 1
0 2361 1 1 988 0 2361 1
0 2361 1 1 1182 0 2361 1
0 2361 1 1 1040 0 2361 1
0 2361 1 1 747 0 2361 1
-1
33 41
1 3038 0 1 67 1 3038 0
1 2887 517 2 298 0 1525 517 2 1 1362 0
2 2762 943 2 555 0 1404 943 58 2 1358 0
0 2831 710 2 469 0 91 710 451 0 2740 0
1 2844 664 2 561 0 500 663 52 1 2344 1
1 2774 903 2 491 0 834 903 351 1 1940 0
2 2905 454 2 378 0 0 454 430 2 2905 0
1 2794 835 2 383 0 1370 835 559 1 1424 0
2 2786 861 2 102 0 1625 861 199 2 1161 0
0 2874 563 2 409 0 2160 563 403 0 714 0
1 3038 0 1 62 1 3038 0
1 2844 664 2 523 0 2419 663 317 1 425 1
2 2891 502 2 264 0 2231 502 123 2 660 0
1 3038 0 1 107 1 3038 0
1 3038 0 1 497 1 3038 0
1 3038 0 1 507 1 3038 0
1 3038 0 1 108 1 3038 0
1 2861 606 2 539 0 2337 606 532 1 524 0
1 3038 0 1 449 1 3038 0
1 3038 0 1 253 1 3038 0
1 3038 0 1 18 1 3038 0
1 3038 0 1 276 1 3038 0
0 2819 751 2 124 0 665 750 457 0 2154 1
0 2763 942 2 526 0 2064 942 487 0 699 0
1 2866 589 2 599 0 352 589 260 1 2514 0
0 3028 36 1 519 0 3028 36
1 3038 0 1 440 1 3038 0
1 3038 0 1 241 1 3038 0
0 2762 946 2 571 0 1988 946 65 0 774 0
2 2758 957 2 4 0 2526 957 153 2 232 0
1 3038 0 1 489 1 3038 0
1 3038 0 1 30 1 3038 0
1 3038 0 1 160 1 3038 0
1 3038 0 1 55 1 3038 0
2 2774 902 2 360 0 281 902 592 2 2493 0
1 3038 0 1 314 1 3038 0
1 3038 0 1 394 1 3038 0
1 3038 0 1 59 1 3038 0
0 2888 515 2 488 0 868 514 213 0 2020 1
1 3038 0 1 251 1 3038 0
1 3038 0 1 287 1 3038 0
-1
34 41
0 3477 956 2 904 0 1736 956 838 0 1741 0
0 3557 682 2 807 0 977 682 989 0 2580 0
2 3570 635 2 1074 0 2206 635 966 2 1364 0
0 3508 850 2 1047 0 1620 849 1072 0 1888 1
0 3497 887 2 1055 0 1142 887 1010 0 2355 0
1 3756 0 1 982 1 3756 0
1 3469 982 2 666 0 3152 981 610 1 317 1
0 3629 436 1 1089 0 3629 436
1 3756 0 1 1014 1 3756 0
1 3756 0 1 798 1 3756 0
0 3498 884 1 857 0 3498 884
1 3756 0 1 1000 1 3756 0
0 3479 949 2 690 0 38 949 609 0 3441 0
1 3756 0 1 736 1 3756 0
1 3756 0 1 662 1 3756 0
2 3470 977 2 801 0 2360 977 883 2 1110 0
2 3498 881 2 1112 0 1363 881 962 2 2135 0
1 3756 0 1 948 1 3756 0
1 3756 0 1 841 1 3756 0
0 3724 111 1 613 0 3724 111
1 3602 527 2 751 0 0 527 645 1 3602 0
1 3531 770 2 745 0 474 769 741 1 3057 1
1 3471 975 2 864 0 2659 974 870 1 812 1
0 3471 976 2 665 0 610 976 1176 0 2861 0
1 3756 0 1 843 1 3756 0
2 3609 502 2 983 0 1208 502 796 2 2401 0
1 3756 0 1 1081 1 3756 0
1 3581 599 2 1063 0 1 599 852 1 3580 0
0 3587 579 2 1122 0 3059 579 1070 0 528 0
1 3756 0 1 710 1 3756 0
2 3570 635 2 829 0 2443 635 731 2 1127 0
1 3571 633 2 649 0 3435 633 1133 1 136 0
0 3607 511 1 958 0 3607 511
1 3756 0 1 1037 1 3756 0
0 3585 586 2 632 0 0 586 619 0 3585 0
0 3670 296 2 1190 0 0 295 1141 0 3670 1
1 3756 0 1 789 1 3756 0
1 3756 0 1 1039 1 3756 0
1 3567 646 2 618 0 1741 646 1189 1 1826 0
1 3756 0 1 973 1 3756 0
2 3499 878 2 871 0 484 878 765 2 3015 0
-1
35 44
0 1999 0 1 593 0 1999 0
0 1749 855 2 2 0 439 854 527 0 1310 1
1 1741 881 2 58 0 676 880 472 1 1065 1
0 1999 0 1 49 0 1999 0
0 1999 0 1 416 0 1999 0
0 1999 0 1 185 0 1999 0
0 1999 0 1 423 0 1999 0
2 1711 982 2 559 0 1529 982 220 2 182 0
0 1999 0 1 269 0 1999 0
0 1999 0 1 580 0 1999 0
0 1999 0 1 437 0 1999 0
0 1999 0 1 382 0 1999 0
0 1999 0 1 170 0 1999 0
0 1999 0 1 562 0 1999 0
0 1999 0 1 462 0 1999 0
1 1846 521 2 499 0 1277 521 119 1 569 0
0 1999 0 1 375 0 1999 0
0 1999 0 1 266 0 1999 0
1 1814 631 2 390 0 261 631 171 1 1553 0
0 1999 0 1 388 0 1999 0
2 1823 599 2 544 0 642 599 132 2 1181 0
0 1999 0 1 458 0 1999 0
0 1999 0 1 335 0 1999 0
0 1999 0 1 406 0 1999 0
0 1999 0 1 28 0 1999 0
0 1999 0 1 505 0 1999 0
0 1999 0 1 14 0 1999 0
1 1842 535 2 399 0 139 535 274 1 1703 0
0 1999 0 1 117 0 1999 0
0 1999 0 1 153 0 1999 0
0 1999 0 1 101 0 1999 0
2 1792 705 2 229 0 1403 705 391 2 389 0
0 1999 0 1 259 0 1999 0
0 1999 0 1 364 0 1999 0
0 1918 277 1 479 0 1918 277
0 1999 0 1 77 0 1999 0
0 1999 0 1 551 0 1999 0
0 1999 0 1 20 0 1999 0
0 1999 0 1 152 0 1999 0
0 1999 0 1 445 0 1999 0
0 1777 759 1 287 0 1777 759
1 1794 699 2 227 0 648 699 490 1 1146 0
0 1752 844 2 490 0 239 844 224 0 1513 0
0 1999 0 1 224 0 1999 0
-1
36 43
1 2088 0 1 838 1 2088 0
1 2088 0 1 989 1 2088 0
0 1916 590 2 966 0 1837 590 1118 0 79 0
0 1940 508 2 1072 0 586 508 903 0 1354 0
1 2088 0 1 1010 1 2088 0
1 2088 0 1 831 1 2088 0
1 2088 0 1 610 1 2088 0
1 2088 0 1 1094 1 2088 0
1 1842 842 2 1014 0 464 841 898 1 1378 1
2 1802 977 2 798 0 494 977 734 2 1308 0
1 2088 0 1 759 1 2088 0
0 1812 946 1 1000 0 1812 946
1 2088 0 1 1131 1 2088 0
1 2088 0 1 724 1 2088 0
1 2088 0 1 1174 1 2088 0
1 2088 0 1 883 1 2088 0
0 1934 528 2 962 0 508 528 922 0 1426 0
0 1820 918 2 948 0 343 918 839 0 1477 0
1 2088 0 1 725 1 2088 0
1 2088 0 1 623 1 2088 0
1 2088 0 1 645 1 2088 0
1 2088 0 1 741 1 2088 0
1 2088 0 1 870 1 2088 0
0 1962 433 1 1176 0 1962 433
0 1805 970 2 843 0 1725 970 760 0 80 0
1 2088 0 1 796 1 2088 0
1 2088 0 1 1011 1 2088 0
0 1874 734 2 852 0 918 734 1194 0 956 0
0 1991 333 1 1070 0 1991 333
1 2088 0 1 640 1 2088 0
0 1933 532 2 731 0 1543 531 714 0 390 1
1 2088 0 1 1133 1 2088 0
1 2088 0 1 1060 1 2088 0
0 1945 491 1 1037 0 1945 491
1 1897 654 2 619 0 194 654 968 1 1703 0
0 1845 833 2 1141 0 1729 833 1044 0 116 0
1 2088 0 1 789 1 2088 0
1 2088 0 1 998 1 2088 0
1 1936 520 2 1189 0 746 520 1033 1 1190 0
1 1799 989 2 973 0 828 988 704 1 971 1
1 2088 0 1 765 1 2088 0
1 2088 0 1 814 1 2088 0
0 1865 764 2 1135 0 1109 764 919 0 756 0
-1
37 40
0 3410 1 1 255 0 3410 1
0 3410 1 1 196 0 3410 1
0 3410 1 1 89 0 3410 1
1 3149 892 2 9 0 2727 892 344 1 422 0
1 3142 916 2 576 0 2018 915 275 1 1124 1
1 3226 629 2 357 0 2821 629 83 1 405 0
0 3221 647 2 411 0 1171 647 177 0 2050 0
0 3410 1 1 198 0 3410 1
1 3192 745 2 513 0 611 745 221 1 2581 0
0 3410 1 1 339 0 3410 1
0 3261 510 2 297 0 2100 510 222 0 1161 0
0 3229 620 2 343 0 0 619 277 0 3229 1
0 3410 1 1 42 0 3410 1
0 3210 685 2 210 0 1002 685 195 0 2208 0
0 3410 1 1 413 0 3410 1
0 3410 1 1 88 0 3410 1
1 3224 635 2 166 0 535 635 470 1 2689 0
0 3410 1 1 5 0 3410 1
1 3183 776 2 165 0 3140 776 389 1 43 0
0 3241 579 1 600 0 3241 579
0 3410 1 1 263 0 3410 1
1 3145 906 2 225 0 1891 905 446 1 1254 1
0 3410 1 1 305 0 3410 1
0 3410 1 1 144 0 3410 1
2 3122 983 2 405 0 2152 983 66 2 970 0
0 3195 736 2 125 0 331 736 464 0 2864 0
1 3176 800 2 75 0 2323 800 597 1 853 0
0 3410 1 1 538 0 3410 1
1 3233 605 2 214 0 1516 604 508 1 1717 1
1 3143 912 2 151 0 1323 912 133 1 1820 0
0 3179 791 2 145 0 3099 791 51 0 80 0
0 3410 1 1 150 0 3410 1
1 3130 957 2 250 0 3047 957 72 1 83 0
0 3256 527 1 69 0 3256 527
0 3410 1 1 380 0 3410 1
0 3410 1 1 429 0 3410 1
0 3199 722 2 524 0 2300 722 175 0 899 0
0 3410 1 1 435 0 3410 1
0 3410 1 1 567 0 3410 1
0 3204 705 2 54 0 997 705 95 0 2207 0
-1
38 43
1 2106 0 1 838 1 2106 0
1 2106 0 1 989 1 2106 0
1 2106 0 1 966 1 2106 0
1 2106 0 1 1072 1 2106 0
1 2106 0 1 1010 1 2106 0
2 1818 984 2 982 0 1321 984 831 2 497 0
1 2106 0 1 610 1 2106 0
0 2019 299 2 1089 0 0 299 1094 0 2019 0
1 2106 0 1 1014 1 2106 0
1 2106 0 1 798 1 2106 0
0 2103 12 2 857 0 0 12 759 0 2103 0
1 2106 0 1 1000 1 2106 0
0 1948 542 2 609 0 1428 541 1131 0 520 1
1 1827 954 2 736 0 858 954 724 1 969 0
0 1906 685 2 662 0 1423 685 1174 0 483 0
1 2106 0 1 883 1 2106 0
1 2106 0 1 962 1 2106 0
1 2106 0 1 948 1 2106 0
1 1882 766 2 841 0 1376 766 725 1 506 0
1 1987 407 2 613 0 0 407 623 1 1987 0
1 2106 0 1 645 1 2106 0
1 2106 0 1 741 1 2106 0
1 2106 0 1 870 1 2106 0
1 2106 0 1 1176 1 2106 0
1 2106 0 1 843 1 2106 0
1 2106 0 1 796 1 2106 0
2 1827 953 2 1081 0 417 953 1011 2 1410 0
1 2106 0 1 852 1 2106 0
1 2106 0 1 1070 1 2106 0
1 1824 964 2 710 0 1036 964 640 1 788 0
1 2106 0 1 731 1 2106 0
1 2106 0 1 1133 1 2106 0
1 2050 192 2 958 0 0 192 1060 1 2050 0
1 2106 0 1 1037 1 2106 0
1 2106 0 1 619 1 2106 0
1 2106 0 1 1141 1 2106 0
1 2106 0 1 789 1 2106 0
0 1917 648 2 1039 0 1804 648 998 0 113 0
1 2106 0 1 1189 1 2106 0
1 2106 0 1 973 1 2106 0
1 2106 0 1 765 1 2106 0
1 2106 0 1 814 1 2106 0
1 2106 0 1 1135 1 2106 0
-1
39 43
1 3003 981 2 299 0 2097 981 359 1 906 0
1 3290 0 1 39 1 3290 0
1 3290 0 1 410 1 3290 0
1 3290 0 1 252 1 3290 0
1 3290 0 1 493 1 3290 0
1 3290 0 1 581 1 3290 0
1 3290 0 1 504 1 3290 0
1 3290 0 1 206 1 3290 0
1 3060 787 2 425 0 1286 786 48 1 1774 1
0 3117 593 2 528 0 1300 593 197 0 1817 0
0 3113 607 2 219 0 3018 606 345 0 95 1
1 3290 0 1 502 1 3290 0
0 3036 870 2 369 0 2106 870 256 0 930 0
1 3290 0 1 309 1 3290 0
1 3290 0 1 432 1 3290 0
1 3290 0 1 73 1 3290 0
1 3290 0 1 289 1 3290 0
0 3010 959 2 105 0 1549 959 8 0 1461 0
1 3290 0 1 398 1 3290 0
1 3290 0 1 381 1 3290 0
0 3115 600 2 193 0 1502 600 353 0 1613 0
1 3290 0 1 428 1 3290 0
1 3290 0 1 173 1 3290 0
1 3290 0 1 418 1 3290 0
1 3274 55 2 267 0 0 54 116 1 3274 1
0 3127 559 2 594 0 1424 558 290 0 1703 1
1 3290 0 1 282 1 3290 0
1 3290 0 1 130 1 3290 0
0 3064 774 2 23 0 143 774 521 0 2921 0
1 3290 0 1 392 1 3290 0
1 3092 677 2 346 0 2045 677 164 1 1047 0
1 3290 0 1 529 1 3290 0
1 3008 964 2 444 0 2580 964 187 1 428 0
2 3115 597 2 542 0 2458 597 509 2 657 0
1 3290 0 1 517 1 3290 0
1 3290 0 1 566 1 3290 0
1 3290 0 1 350 1 3290 0
2 3137 522 2 1 0 939 522 463 2 2198 0
0 3129 552 2 352 0 803 552 330 0 2326 0
1 3290 0 1 212 1 3290 0
1 3290 0 1 304 1 3290 0
0 3255 121 1 29 0 3255 121
1 3290 0 1 490 1 3290 0
-1
40 44
1 2425 735 2 1064 0 2156 735 688 1 269 0
1 2640 0 1 689 1 2640 0
0 2481 545 2 781 0 1919 545 684 0 562 0
0 2437 696 2 969 0 2235 696 606 0 202 0
0 2418 761 2 881 0 307 761 1187 0 2111 0
0 2368 931 2 837 0 2047 931 778 0 321 0
1 2640 0 1 1153 1 2640 0
1 2640 0 1 940 1 2640 0
1 2640 0 1 1086 1 2640 0
1 2640 0 1 1050 1 2640 0
1 2640 0 1 806 1 2640 0
1 2640 0 1 786 1 2640 0
1 2640 0 1 967 1 2640 0
1 2640 0 1 708 1 2640 0
1 2367 934 2 686 0 1162 933 647 1 1205 1
1 2640 0 1 1137 1 2640 0
1 2640 0 1 659 1 2640 0
1 2640 0 1 1191 1 2640 0
1 2640 0 1 797 1 2640 0
2 2394 840 2 1091 0 2098 840 1004 2 296 0
0 2465 600 2 832 0 278 599 753 0 2187 1
0 2425 737 2 755 0 1562 737 692 0 863 0
1 2640 0 1 1148 1 2640 0
1 2484 533 2 795 0 1860 533 628 1 624 0
1 2640 0 1 1036 1 2640 0
1 2640 0 1 1035 1 2640 0
1 2640 0 1 984 1 2640 0
1 2640 0 1 633 1 2640 0
1 2640 0 1 914 1 2640 0
1 2640 0 1 942 1 2640 0
1 2640 0 1 955 1 2640 0
1 2640 0 1 656 1 2640 0
1 2640 0 1 1100 1 2640 0
1 2640 0 1 868 1 2640 0
1 2640 0 1 652 1 2640 0
1 2640 0 1 899 1 2640 0
0 2478 555 2 804 0 0 555 758 0 2478 0
0 2566 254 1 682 0 2566 254
1 2640 0 1 854 1 2640 0
1 2467 592 2 774 0 147 592 648 1 2320 0
1 2640 0 1 979 1 2640 0
1 2395 838 2 1182 0 869 837 1135 1 1526 1
1 2456 629 2 1040 0 302 629 944 1 2154 0
2 2461 611 2 747 0 1632 611 718 2 829 0
-1
