1 43
2 2018 0 1 58 2 2018 0
2 2018 0 1 23 2 2018 0
2 1912 616 2 88 0 1146 616 39 2 766 0
1 1881 798 2 82 0 310 798 37 1 1571 0
1 1862 908 2 19 0 1458 907 49 1 404 1
0 1955 370 1 18 0 1955 370
2 2018 0 1 8 2 2018 0
2 2018 0 1 44 2 2018 0
2 2018 0 1 9 2 2018 0
0 1873 847 2 36 0 237 845 26 0 1636 2
1 1870 862 2 77 0 971 861 31 1 899 1
2 2018 0 1 61 2 2018 0
2 2018 0 1 93 2 2018 0
2 2018 0 1 27 2 2018 0
2 2018 0 1 70 2 2018 0
2 2018 0 1 13 2 2018 0
2 2018 0 1 79 2 2018 0
2 2018 0 1 72 2 2018 0
2 2018 0 1 87 2 2018 0
2 2018 0 1 78 2 2018 0
2 2018 0 1 12 2 2018 0
2 2018 0 1 91 2 2018 0
2 1922 558 2 30 0 1539 558 51 2 383 0
2 2018 0 1 25 2 2018 0
2 2018 0 1 74 2 2018 0
2 2018 0 1 76 2 2018 0
2 2018 0 1 35 2 2018 0
0 1882 794 2 63 0 1051 793 60 0 831 1
2 2018 0 1 34 2 2018 0
2 2018 0 1 65 2 2018 0
2 2018 0 1 10 2 2018 0
2 2018 0 1 43 2 2018 0
2 2018 0 1 52 2 2018 0
0 1945 429 1 94 0 1945 429
2 2018 0 1 68 2 2018 0
2 1865 889 2 50 0 587 889 100 2 1278 0
2 2018 0 1 92 2 2018 0
2 2018 0 1 41 2 2018 0
2 2018 0 1 62 2 2018 0
2 2018 0 1 96 2 2018 0
0 1906 655 2 32 0 1657 655 15 0 249 0
2 2018 0 1 46 2 2018 0
2 2018 0 1 75 2 2018 0
-1
2 45
0 1281 0 1 199 0 1281 0
1 1128 886 2 114 0 373 886 198 1 755 0
0 1281 0 1 112 0 1281 0
0 1281 0 1 148 0 1281 0
0 1281 0 1 196 0 1281 0
0 1281 0 1 166 0 1281 0
0 1281 0 1 159 0 1281 0
0 1281 0 1 197 0 1281 0
0 1281 0 1 110 0 1281 0
0 1281 0 1 169 0 1281 0
2 1131 867 2 104 0 277 867 105 2 854 0
2 1133 855 2 189 0 542 855 133 2 591 0
0 1281 0 1 192 0 1281 0
0 1281 0 1 132 0 1281 0
0 1281 0 1 167 0 1281 0
0 1281 0 1 155 0 1281 0
0 1281 0 1 140 0 1281 0
0 1266 87 1 151 0 1266 87
0 1281 0 1 115 0 1281 0
0 1114 970 2 123 0 587 970 200 0 527 0
0 1281 0 1 108 0 1281 0
0 1175 616 2 101 0 179 614 165 0 996 2
0 1281 0 1 103 0 1281 0
0 1281 0 1 127 0 1281 0
0 1281 0 1 178 0 1281 0
0 1281 0 1 176 0 1281 0
0 1281 0 1 193 0 1281 0
0 1281 0 1 160 0 1281 0
0 1281 0 1 134 0 1281 0
1 1162 689 2 119 0 1 688 124 1 1161 1
0 1154 738 2 190 0 559 736 194 0 595 2
0 1281 0 1 163 0 1281 0
0 1281 0 1 153 0 1281 0
0 1281 0 1 191 0 1281 0
0 1281 0 1 161 0 1281 0
1 1110 991 2 102 0 1016 990 173 1 94 1
0 1281 0 1 111 0 1281 0
0 1281 0 1 113 0 1281 0
0 1281 0 1 183 0 1281 0
0 1281 0 1 131 0 1281 0
0 1281 0 1 172 0 1281 0
0 1281 0 1 150 0 1281 0
0 1281 0 1 157 0 1281 0
0 1281 0 1 116 0 1281 0
0 1281 0 1 125 0 1281 0
-1
3 44
1 1341 1 1 81 1 1341 1
1 1341 1 1 23 1 1341 1
1 1341 1 1 88 1 1341 1
1 1341 1 1 82 1 1341 1
1 1341 1 1 19 1 1341 1
1 1341 1 1 18 1 1341 1
1 1341 1 1 8 1 1341 1
0 1217 723 2 55 0 922 723 44 0 295 0
0 1319 131 2 42 0 0 131 9 0 1319 0
1 1341 1 1 36 1 1341 1
1 1341 1 1 77 1 1341 1
1 1341 1 1 11 1 1341 1
1 1221 698 2 47 0 968 697 93 1 253 1
1 1341 1 1 27 1 1341 1
2 1241 580 2 97 0 360 579 70 2 881 1
1 1247 547 2 7 0 0 547 13 1 1247 0
1 1195 849 2 53 0 849 848 79 1 346 1
1 1341 1 1 22 1 1341 1
1 1341 1 1 87 1 1341 1
1 1341 1 1 78 1 1341 1
1 1341 1 1 12 1 1341 1
1 1341 1 1 91 1 1341 1
1 1341 1 1 30 1 1341 1
2 1171 986 2 51 0 184 986 25 2 987 0
1 1341 1 1 83 1 1341 1
1 1341 1 1 76 1 1341 1
0 1202 810 1 3 0 1202 810
1 1341 1 1 63 1 1341 1
1 1341 1 1 34 1 1341 1
1 1341 1 1 65 1 1341 1
1 1341 1 1 10 1 1341 1
1 1189 884 2 40 0 422 884 43 1 767 0
1 1341 1 1 4 1 1341 1
1 1341 1 1 94 1 1341 1
1 1177 953 2 24 0 364 953 68 1 813 0
1 1341 1 1 50 1 1341 1
1 1253 512 2 59 0 314 512 92 1 939 0
1 1341 1 1 66 1 1341 1
1 1341 1 1 29 1 1341 1
1 1252 518 2 73 0 651 518 96 1 601 0
1 1341 1 1 32 1 1341 1
1 1341 1 1 46 1 1341 1
1 1341 1 1 75 1 1341 1
0 1244 567 2 2 0 992 567 33 0 252 0
-1
4 45
0 1957 1 1 195 0 1957 1
0 1957 1 1 114 0 1957 1
0 1957 1 1 112 0 1957 1
2 1821 786 2 162 0 459 786 148 2 1362 0
0 1957 1 1 186 0 1957 1
0 1957 1 1 179 0 1957 1
0 1867 523 2 180 0 62 522 159 0 1805 1
0 1957 1 1 122 0 1957 1
0 1957 1 1 107 0 1957 1
0 1920 216 1 142 0 1920 216
0 1957 1 1 104 0 1957 1
0 1957 1 1 189 0 1957 1
0 1957 1 1 192 0 1957 1
0 1957 1 1 132 0 1957 1
0 1957 1 1 120 0 1957 1
0 1957 1 1 155 0 1957 1
0 1957 1 1 140 0 1957 1
0 1957 1 1 151 0 1957 1
0 1957 1 1 115 0 1957 1
0 1957 1 1 123 0 1957 1
0 1957 1 1 156 0 1957 1
0 1957 1 1 101 0 1957 1
0 1957 1 1 103 0 1957 1
0 1957 1 1 141 0 1957 1
0 1923 198 1 181 0 1923 198
0 1957 1 1 152 0 1957 1
0 1957 1 1 118 0 1957 1
0 1957 1 1 160 0 1957 1
0 1957 1 1 171 0 1957 1
0 1957 1 1 119 0 1957 1
0 1957 1 1 190 0 1957 1
1 1798 922 2 194 0 340 922 163 1 1458 0
0 1957 1 1 153 0 1957 1
0 1821 790 2 170 0 389 789 191 0 1432 1
1 1821 788 2 138 0 1058 787 161 1 763 1
0 1957 1 1 102 0 1957 1
0 1957 1 1 111 0 1957 1
0 1957 1 1 143 0 1957 1
0 1957 1 1 135 0 1957 1
0 1957 1 1 131 0 1957 1
0 1800 912 2 177 0 1195 912 172 0 605 0
0 1957 1 1 150 0 1957 1
0 1957 1 1 174 0 1957 1
0 1858 576 2 157 0 397 574 116 0 1461 2
0 1957 1 1 125 0 1957 1
-1
5 43
0 2158 1 1 81 0 2158 1
0 2158 1 1 23 0 2158 1
2 2062 555 2 45 0 409 554 88 2 1653 1
0 2158 1 1 82 0 2158 1
0 2158 1 1 19 0 2158 1
0 2106 303 2 49 0 0 302 18 0 2106 1
1 2007 876 2 95 0 1805 876 8 1 202 0
0 2158 1 1 55 0 2158 1
0 2074 489 1 42 0 2074 489
0 2158 1 1 36 0 2158 1
0 2158 1 1 77 0 2158 1
0 2158 1 1 11 0 2158 1
0 2158 1 1 47 0 2158 1
0 2070 512 2 57 0 1730 511 27 0 340 1
0 2158 1 1 97 0 2158 1
0 2122 210 1 7 0 2122 210
0 2158 1 1 53 0 2158 1
0 2158 1 1 22 0 2158 1
2 2006 880 2 72 0 0 879 87 2 2006 1
1 2021 795 2 21 0 1759 795 78 1 262 0
0 2021 797 2 80 0 1963 797 12 0 58 0
1 2051 621 2 64 0 585 619 91 1 1466 2
1 2024 777 2 67 0 1294 777 30 1 730 0
0 2158 1 1 51 0 2158 1
0 2158 1 1 83 0 2158 1
2 2060 566 2 98 0 1042 566 76 2 1018 0
0 2158 1 1 3 0 2158 1
0 2158 1 1 63 0 2158 1
0 2158 1 1 34 0 2158 1
0 2020 803 2 48 0 1847 802 65 0 173 1
2 2047 642 2 16 0 135 642 10 2 1912 0
0 2158 1 1 40 0 2158 1
0 2158 1 1 4 0 2158 1
0 2158 1 1 94 0 2158 1
0 2158 1 1 24 0 2158 1
0 2158 1 1 50 0 2158 1
0 2158 1 1 59 0 2158 1
0 2158 1 1 66 0 2158 1
0 2158 1 1 29 0 2158 1
0 2158 1 1 73 0 2158 1
0 2049 634 2 20 0 563 634 32 0 1486 0
1 1998 928 2 15 0 1938 927 46 1 60 1
0 2037 704 2 89 0 1337 704 75 0 700 0
-1
6 45
0 1573 1 1 195 0 1573 1
0 1573 1 1 114 0 1573 1
0 1524 286 2 198 0 0 286 112 0 1524 0
0 1573 1 1 162 0 1573 1
0 1573 1 1 186 0 1573 1
0 1573 1 1 179 0 1573 1
0 1573 1 1 180 0 1573 1
0 1573 1 1 122 0 1573 1
0 1573 1 1 107 0 1573 1
0 1573 1 1 142 0 1573 1
0 1573 1 1 104 0 1573 1
0 1573 1 1 189 0 1573 1
0 1573 1 1 192 0 1573 1
0 1455 687 2 188 0 544 685 132 0 911 2
0 1573 1 1 120 0 1573 1
0 1573 1 1 155 0 1573 1
0 1464 634 2 149 0 118 633 140 0 1346 1
0 1573 1 1 151 0 1573 1
0 1450 716 2 117 0 744 714 115 0 706 2
0 1573 1 1 123 0 1573 1
0 1573 1 1 156 0 1573 1
0 1423 872 2 108 0 36 872 101 0 1387 0
0 1443 756 2 165 0 9 756 103 0 1434 0
0 1573 1 1 141 0 1573 1
0 1573 1 1 181 0 1573 1
0 1573 1 1 152 0 1573 1
0 1573 1 1 118 0 1573 1
1 1415 917 2 193 0 160 916 160 1 1255 1
0 1573 1 1 171 0 1573 1
0 1573 1 1 119 0 1573 1
0 1573 1 1 190 0 1573 1
0 1573 1 1 194 0 1573 1
0 1573 1 1 153 0 1573 1
0 1573 1 1 170 0 1573 1
0 1573 1 1 138 0 1573 1
0 1573 1 1 102 0 1573 1
0 1573 1 1 111 0 1573 1
0 1573 1 1 143 0 1573 1
0 1573 1 1 135 0 1573 1
0 1573 1 1 131 0 1573 1
0 1573 1 1 177 0 1573 1
0 1573 1 1 150 0 1573 1
0 1573 1 1 174 0 1573 1
0 1573 1 1 157 0 1573 1
0 1479 547 2 116 0 266 546 125 0 1213 1
-1
7 45
1 1279 803 2 81 0 749 802 58 1 530 1
2 1417 0 1 23 2 1417 0
2 1417 0 1 88 2 1417 0
2 1417 0 1 82 2 1417 0
2 1417 0 1 19 2 1417 0
2 1417 0 1 18 2 1417 0
2 1417 0 1 8 2 1417 0
2 1417 0 1 44 2 1417 0
2 1417 0 1 9 2 1417 0
2 1417 0 1 36 2 1417 0
2 1417 0 1 77 2 1417 0
2 1330 505 2 11 0 932 504 61 2 398 1
2 1417 0 1 93 2 1417 0
2 1417 0 1 27 2 1417 0
2 1417 0 1 70 2 1417 0
2 1417 0 1 13 2 1417 0
2 1417 0 1 79 2 1417 0
0 1248 985 2 22 0 706 984 72 0 542 1
2 1417 0 1 87 2 1417 0
2 1417 0 1 78 2 1417 0
2 1417 0 1 12 2 1417 0
2 1417 0 1 91 2 1417 0
2 1417 0 1 30 2 1417 0
2 1417 0 1 25 2 1417 0
2 1302 668 2 83 0 72 668 74 2 1230 0
2 1417 0 1 76 2 1417 0
0 1391 155 2 3 0 0 154 35 0 1391 1
2 1417 0 1 63 2 1417 0
2 1417 0 1 34 2 1417 0
2 1417 0 1 65 2 1417 0
2 1417 0 1 10 2 1417 0
2 1417 0 1 43 2 1417 0
2 1317 580 2 4 0 162 580 52 2 1155 0
2 1417 0 1 94 2 1417 0
2 1417 0 1 68 2 1417 0
2 1417 0 1 50 2 1417 0
2 1417 0 1 92 2 1417 0
0 1290 741 2 66 0 1245 741 41 0 45 0
0 1287 759 2 29 0 484 759 62 0 803 0
2 1417 0 1 96 2 1417 0
2 1417 0 1 32 2 1417 0
2 1417 0 1 46 2 1417 0
2 1417 0 1 75 2 1417 0
2 1417 0 1 54 2 1417 0
2 1417 0 1 54 2 1417 0
-1
8 42
0 2078 1 1 195 0 2078 1
0 2078 1 1 114 0 2078 1
0 2003 437 1 198 0 2003 437
0 2078 1 1 162 0 2078 1
0 2078 1 1 186 0 2078 1
0 1915 948 2 196 0 1705 948 179 0 210 0
0 2078 1 1 180 0 2078 1
0 2078 1 1 122 0 2078 1
2 1967 642 2 197 0 269 642 107 2 1698 0
0 2078 1 1 142 0 2078 1
0 2002 443 2 169 0 0 443 104 0 2002 0
1 1983 551 2 105 0 346 550 189 1 1637 1
0 1974 605 2 133 0 1104 605 192 0 870 0
0 2078 1 1 188 0 2078 1
0 2078 1 1 120 0 2078 1
2 1946 764 2 167 0 1240 763 155 2 706 1
0 2078 1 1 149 0 2078 1
2 1981 560 2 121 0 1447 560 151 2 534 0
0 2078 1 1 117 0 2078 1
0 2078 1 1 123 0 2078 1
0 1971 623 2 200 0 1332 623 156 0 639 0
0 2078 1 1 108 0 2078 1
0 2078 1 1 165 0 2078 1
0 2078 1 1 141 0 2078 1
0 1967 646 2 127 0 243 645 181 0 1724 1
1 1944 777 2 178 0 9 777 152 1 1935 0
0 1967 646 2 176 0 598 646 118 0 1369 0
0 2078 1 1 193 0 2078 1
0 2078 1 1 171 0 2078 1
1 1930 859 2 134 0 1255 858 119 1 675 1
1 1957 702 2 124 0 1417 702 190 1 540 0
0 2078 1 1 194 0 2078 1
0 1910 977 2 163 0 284 976 153 0 1626 1
0 2078 1 1 170 0 2078 1
0 2078 1 1 138 0 2078 1
0 2078 1 1 102 0 2078 1
1 1991 504 2 173 0 693 503 111 1 1298 1
0 2078 1 1 143 0 2078 1
0 2078 1 1 135 0 2078 1
1 1925 888 2 183 0 1422 887 131 1 503 1
0 2078 1 1 177 0 2078 1
0 1921 913 2 172 0 571 913 150 0 1350 0
-1
9 47
0 1581 0 1 81 0 1581 0
0 1421 929 2 58 0 1244 929 23 0 177 0
0 1581 0 1 45 0 1581 0
0 1581 0 1 82 0 1581 0
0 1581 0 1 19 0 1581 0
0 1509 418 1 49 0 1509 418
0 1581 0 1 95 0 1581 0
0 1581 0 1 55 0 1581 0
0 1581 0 1 42 0 1581 0
0 1581 0 1 36 0 1581 0
0 1581 0 1 77 0 1581 0
0 1451 755 2 31 0 1329 755 11 0 122 0
0 1581 0 1 47 0 1581 0
0 1581 0 1 57 0 1581 0
0 1581 0 1 97 0 1581 0
0 1581 0 1 7 0 1581 0
0 1581 0 1 53 0 1581 0
0 1581 0 1 22 0 1581 0
0 1566 87 1 72 0 1566 87
0 1581 0 1 21 0 1581 0
0 1581 0 1 80 0 1581 0
0 1581 0 1 64 0 1581 0
0 1581 0 1 67 0 1581 0
0 1581 0 1 51 0 1581 0
0 1581 0 1 83 0 1581 0
0 1581 0 1 98 0 1581 0
0 1581 0 1 3 0 1581 0
2 1423 913 2 35 0 240 913 63 2 1183 0
1 1466 666 2 60 0 588 665 34 1 878 1
0 1581 0 1 48 0 1581 0
0 1581 0 1 16 0 1581 0
0 1581 0 1 40 0 1581 0
0 1581 0 1 4 0 1581 0
0 1581 0 1 94 0 1581 0
0 1581 0 1 24 0 1581 0
0 1581 0 1 50 0 1581 0
0 1581 0 1 59 0 1581 0
0 1581 0 1 66 0 1581 0
0 1581 0 1 29 0 1581 0
0 1581 0 1 73 0 1581 0
0 1581 0 1 20 0 1581 0
0 1581 0 1 15 0 1581 0
0 1581 0 1 89 0 1581 0
0 1581 0 1 2 0 1581 0
0 1581 0 1 54 0 1581 0
2 1451 751 2 54 0 396 750 99 2 1055 1
0 1581 0 1 99 0 1581 0
-1
10 43
1 1866 895 2 195 0 550 895 199 1 1316 0
1 2020 1 1 114 1 2020 1
1 2020 1 1 112 1 2020 1
1 2020 1 1 148 1 2020 1
0 1857 949 2 186 0 50 948 196 0 1807 1
1 1928 535 2 179 0 1093 535 166 1 835 0
1 2020 1 1 159 1 2020 1
2 1857 945 2 122 0 1379 945 197 2 478 0
1 1915 610 2 107 0 269 609 110 1 1646 1
1 1921 575 2 142 0 0 575 169 1 1921 0
1 2020 1 1 104 1 2020 1
1 2020 1 1 189 1 2020 1
1 2020 1 1 192 1 2020 1
1 2020 1 1 132 1 2020 1
1 1874 848 2 120 0 1268 847 167 1 606 1
1 2020 1 1 155 1 2020 1
1 2020 1 1 140 1 2020 1
1 2020 1 1 151 1 2020 1
1 2020 1 1 115 1 2020 1
1 2020 1 1 123 1 2020 1
0 1918 595 2 156 0 1204 595 108 0 714 0
1 2020 1 1 101 1 2020 1
1 2020 1 1 103 1 2020 1
0 1860 932 2 141 0 1327 932 127 0 533 0
0 1955 380 2 181 0 0 380 178 0 1955 0
2 1883 794 2 152 0 1698 794 176 2 185 0
1 1909 645 2 118 0 915 644 193 1 994 1
1 2020 1 1 160 1 2020 1
1 1864 906 2 171 0 418 905 134 1 1446 1
1 2020 1 1 119 1 2020 1
1 2020 1 1 190 1 2020 1
1 2020 1 1 163 1 2020 1
1 2020 1 1 153 1 2020 1
1 2020 1 1 191 1 2020 1
1 2020 1 1 161 1 2020 1
1 2020 1 1 102 1 2020 1
1 2020 1 1 111 1 2020 1
2 1852 974 2 143 0 112 974 113 2 1740 0
1 1896 721 2 135 0 365 721 183 1 1531 0
1 2020 1 1 131 1 2020 1
1 2020 1 1 172 1 2020 1
1 2020 1 1 150 1 2020 1
1 1867 889 2 174 0 1392 889 146 1 475 0
-1
11 44
0 1406 0 1 81 0 1406 0
0 1406 0 1 58 0 1406 0
0 1406 0 1 45 0 1406 0
0 1313 540 2 39 0 923 540 82 0 390 0
2 1294 646 2 37 0 1073 646 19 2 221 0
0 1406 0 1 49 0 1406 0
0 1406 0 1 95 0 1406 0
0 1406 0 1 55 0 1406 0
0 1406 0 1 42 0 1406 0
1 1247 921 2 9 0 353 920 36 1 894 1
1 1295 643 2 26 0 1000 643 77 1 295 0
0 1406 0 1 31 0 1406 0
0 1406 0 1 47 0 1406 0
0 1297 633 2 93 0 0 632 57 0 1297 1
1 1245 933 2 27 0 125 933 97 1 1120 0
0 1406 0 1 7 0 1406 0
0 1406 0 1 53 0 1406 0
0 1406 0 1 22 0 1406 0
0 1406 0 1 72 0 1406 0
0 1406 0 1 21 0 1406 0
0 1406 0 1 80 0 1406 0
0 1406 0 1 64 0 1406 0
0 1406 0 1 67 0 1406 0
0 1406 0 1 51 0 1406 0
1 1253 886 2 25 0 368 885 83 1 885 1
0 1406 0 1 98 0 1406 0
0 1406 0 1 3 0 1406 0
0 1406 0 1 35 0 1406 0
0 1406 0 1 60 0 1406 0
0 1406 0 1 48 0 1406 0
0 1406 0 1 16 0 1406 0
0 1406 0 1 40 0 1406 0
0 1241 958 2 43 0 1237 957 4 0 4 1
1 1264 823 2 52 0 1043 821 94 1 221 2
0 1406 0 1 24 0 1406 0
2 1257 861 2 68 0 327 861 50 2 930 0
2 1306 577 2 100 0 735 576 59 2 571 1
2 1244 937 2 92 0 885 937 66 2 359 0
1 1305 584 2 41 0 22 584 29 1 1283 0
1 1272 776 2 62 0 983 775 73 1 289 1
0 1406 0 1 20 0 1406 0
0 1406 0 1 15 0 1406 0
0 1406 0 1 89 0 1406 0
0 1406 0 1 2 0 1406 0
-1
12 46
2 1922 0 1 195 2 1922 0
2 1803 691 2 199 0 1797 691 114 2 6 0
2 1922 0 1 198 2 1922 0
2 1922 0 1 162 2 1922 0
2 1922 0 1 186 2 1922 0
2 1922 0 1 196 2 1922 0
1 1831 530 2 166 0 829 530 180 1 1002 0
2 1785 795 2 159 0 242 795 122 2 1543 0
2 1922 0 1 197 2 1922 0
0 1827 556 2 110 0 261 556 142 0 1566 0
0 1867 323 1 169 0 1867 323
2 1922 0 1 105 2 1922 0
2 1922 0 1 133 2 1922 0
2 1922 0 1 188 2 1922 0
2 1751 993 2 132 0 970 992 120 2 781 1
2 1922 0 1 167 2 1922 0
2 1922 0 1 149 2 1922 0
2 1922 0 1 121 2 1922 0
2 1922 0 1 117 2 1922 0
1 1751 995 2 115 0 1202 995 123 1 549 0
2 1922 0 1 200 2 1922 0
2 1922 0 1 108 2 1922 0
2 1922 0 1 165 2 1922 0
2 1754 975 2 103 0 276 975 141 2 1478 0
2 1922 0 1 127 2 1922 0
2 1922 0 1 178 2 1922 0
2 1922 0 1 176 2 1922 0
2 1922 0 1 193 2 1922 0
2 1922 0 1 171 2 1922 0
2 1922 0 1 134 2 1922 0
2 1922 0 1 124 2 1922 0
2 1922 0 1 194 2 1922 0
2 1922 0 1 163 2 1922 0
2 1922 0 1 170 2 1922 0
2 1922 0 1 138 2 1922 0
0 1782 817 2 161 0 1481 817 102 0 301 0
2 1922 0 1 173 2 1922 0
2 1922 0 1 143 2 1922 0
2 1805 679 2 113 0 1264 679 135 2 541 0
2 1922 0 1 183 2 1922 0
2 1922 0 1 177 2 1922 0
2 1922 0 1 172 2 1922 0
2 1922 0 1 174 2 1922 0
2 1922 0 1 157 2 1922 0
2 1922 0 1 116 2 1922 0
0 1827 556 2 125 0 571 556 106 0 1256 0
-1
13 44
0 1935 0 1 58 0 1935 0
0 1772 946 2 23 0 173 945 45 0 1599 1
0 1935 0 1 39 0 1935 0
0 1935 0 1 37 0 1935 0
0 1935 0 1 49 0 1935 0
0 1935 0 1 95 0 1935 0
1 1790 839 2 8 0 1333 838 55 1 457 1
0 1815 696 2 44 0 1296 696 42 0 519 0
0 1935 0 1 9 0 1935 0
0 1935 0 1 26 0 1935 0
0 1935 0 1 31 0 1935 0
1 1833 590 2 61 0 1647 588 47 1 186 2
0 1913 127 1 93 0 1913 127
0 1935 0 1 27 0 1935 0
1 1826 630 2 70 0 114 629 7 1 1712 1
1 1818 677 2 13 0 172 677 53 1 1646 0
0 1836 574 2 79 0 146 573 22 0 1690 1
0 1935 0 1 72 0 1935 0
0 1935 0 1 21 0 1935 0
0 1935 0 1 80 0 1935 0
0 1935 0 1 64 0 1935 0
0 1935 0 1 67 0 1935 0
0 1935 0 1 51 0 1935 0
0 1935 0 1 25 0 1935 0
1 1834 584 2 74 0 761 583 98 1 1073 1
0 1935 0 1 3 0 1935 0
0 1935 0 1 35 0 1935 0
0 1935 0 1 60 0 1935 0
0 1935 0 1 48 0 1935 0
0 1935 0 1 16 0 1935 0
0 1935 0 1 40 0 1935 0
0 1935 0 1 43 0 1935 0
0 1935 0 1 52 0 1935 0
0 1935 0 1 24 0 1935 0
0 1935 0 1 68 0 1935 0
0 1935 0 1 100 0 1935 0
0 1935 0 1 92 0 1935 0
0 1935 0 1 41 0 1935 0
0 1935 0 1 62 0 1935 0
0 1935 0 1 20 0 1935 0
0 1935 0 1 15 0 1935 0
0 1935 0 1 89 0 1935 0
0 1817 685 2 75 0 693 685 2 0 1124 0
0 1935 0 1 54 0 1935 0
-1
14 42
2 1822 0 1 199 2 1822 0
2 1822 0 1 198 2 1822 0
1 1681 821 2 112 0 615 820 162 1 1066 1
1 1719 600 2 148 0 734 599 186 1 985 1
2 1822 0 1 196 2 1822 0
2 1822 0 1 166 2 1822 0
2 1822 0 1 159 2 1822 0
2 1822 0 1 197 2 1822 0
2 1822 0 1 110 2 1822 0
2 1822 0 1 169 2 1822 0
2 1822 0 1 105 2 1822 0
2 1822 0 1 133 2 1822 0
0 1675 858 2 192 0 38 857 188 0 1637 1
2 1822 0 1 132 2 1822 0
2 1822 0 1 167 2 1822 0
1 1677 844 2 155 0 83 843 149 1 1594 1
1 1696 734 2 140 0 19 733 121 1 1677 1
1 1697 728 2 151 0 0 727 117 1 1697 1
2 1822 0 1 115 2 1822 0
2 1822 0 1 200 2 1822 0
2 1822 0 1 108 2 1822 0
2 1822 0 1 165 2 1822 0
2 1822 0 1 103 2 1822 0
2 1822 0 1 127 2 1822 0
2 1822 0 1 178 2 1822 0
2 1822 0 1 176 2 1822 0
2 1822 0 1 193 2 1822 0
2 1670 882 2 160 0 1450 882 171 2 220 0
2 1822 0 1 134 2 1822 0
2 1822 0 1 124 2 1822 0
2 1822 0 1 194 2 1822 0
2 1822 0 1 163 2 1822 0
0 1652 991 2 153 0 497 991 170 0 1155 0
2 1708 662 2 191 0 1242 662 138 2 466 0
2 1822 0 1 161 2 1822 0
2 1822 0 1 173 2 1822 0
0 1658 956 2 111 0 500 955 143 0 1158 1
2 1822 0 1 113 2 1822 0
2 1822 0 1 183 2 1822 0
2 1678 836 2 131 0 215 835 177 2 1463 1
2 1822 0 1 172 2 1822 0
1 1657 960 2 150 0 476 959 174 1 1181 1
-1
15 42
2 1232 0 1 58 2 1232 0
2 1232 0 1 23 2 1232 0
2 1232 0 1 39 2 1232 0
2 1232 0 1 37 2 1232 0
2 1232 0 1 49 2 1232 0
0 1166 387 2 18 0 0 386 95 0 1166 1
2 1232 0 1 8 2 1232 0
2 1232 0 1 44 2 1232 0
2 1232 0 1 9 2 1232 0
2 1232 0 1 26 2 1232 0
2 1232 0 1 31 2 1232 0
2 1232 0 1 61 2 1232 0
2 1232 0 1 93 2 1232 0
2 1232 0 1 27 2 1232 0
2 1232 0 1 70 2 1232 0
2 1232 0 1 13 2 1232 0
2 1232 0 1 79 2 1232 0
2 1232 0 1 72 2 1232 0
1 1091 821 2 87 0 618 821 21 1 473 0
1 1120 652 2 78 0 833 652 80 1 287 0
0 1120 654 2 12 0 1047 653 64 0 73 1
1 1107 728 2 91 0 331 728 67 1 776 0
2 1232 0 1 51 2 1232 0
2 1232 0 1 25 2 1232 0
2 1232 0 1 74 2 1232 0
1 1108 722 2 76 0 706 722 3 1 402 0
2 1232 0 1 35 2 1232 0
2 1232 0 1 60 2 1232 0
2 1071 935 2 34 0 615 934 48 2 456 1
1 1130 594 2 65 0 410 594 16 1 720 0
2 1092 813 2 10 0 622 812 40 2 470 1
2 1232 0 1 43 2 1232 0
2 1232 0 1 52 2 1232 0
1 1141 530 2 94 0 0 530 24 1 1141 0
2 1232 0 1 68 2 1232 0
2 1232 0 1 100 2 1232 0
2 1232 0 1 92 2 1232 0
2 1232 0 1 41 2 1232 0
2 1232 0 1 62 2 1232 0
2 1137 551 2 96 0 918 551 20 2 219 0
2 1232 0 1 15 2 1232 0
1 1120 652 2 46 0 1035 651 89 1 85 1
-1
