1 14
2 1518 292 2 192 0 1462 292 119 2 56 0
0 1547 193 2 126 0 582 193 117 0 965 0
2 1602 0 1 146 2 1602 0
2 1602 0 1 42 2 1602 0
1 1562 140 2 91 0 731 140 99 1 831 0
1 1528 258 2 16 0 935 258 6 1 593 0
0 1519 290 2 114 0 1164 290 93 0 355 0
2 1602 0 1 136 2 1602 0
1 1550 182 2 199 0 369 182 110 1 1181 0
0 1543 207 1 48 0 1543 207
2 1517 295 2 144 0 1363 295 43 2 154 0
3 1516 298 2 15 0 442 298 175 3 1074 0
3 1520 284 2 14 0 97 284 113 3 1423 0
0 1566 127 2 190 0 355 127 29 0 1211 0
-1
2 13
2 1015 0 1 151 2 1015 0
1 973 147 2 148 0 564 147 73 1 409 0
0 1014 5 1 83 0 1014 5
0 960 193 2 179 0 478 193 32 0 482 0
0 985 106 1 161 0 985 106
0 959 197 2 70 0 339 197 66 0 620 0
2 940 261 2 46 0 569 261 178 2 371 0
3 984 107 2 52 0 739 107 95 3 245 0
1 958 199 2 131 0 293 199 7 1 665 0
2 985 104 2 185 0 288 104 39 2 697 0
2 1015 0 1 10 2 1015 0
0 980 124 2 127 0 908 124 14 0 72 0
2 1015 0 1 116 2 1015 0
-1
3 15
3 988 0 1 25 3 988 0
2 943 157 2 118 0 599 157 64 2 344 0
3 988 0 1 177 3 988 0
3 952 125 2 198 0 860 125 139 3 92 0
3 988 0 1 49 3 988 0
3 923 226 2 121 0 786 226 50 3 137 0
1 958 106 2 27 0 818 106 152 1 140 0
2 930 202 2 191 0 365 202 171 2 565 0
0 916 253 2 138 0 618 253 74 0 298 0
1 914 259 2 102 0 204 259 84 1 710 0
3 988 0 1 166 3 988 0
3 988 0 1 189 3 988 0
3 988 0 1 111 3 988 0
3 988 0 1 63 3 988 0
1 929 207 2 33 0 526 207 80 1 403 0
-1
4 14
3 1037 252 2 45 0 677 252 151 3 360 0
0 1037 255 2 90 0 278 255 148 0 759 0
0 1055 192 2 5 0 278 192 83 0 777 0
1 1110 0 1 179 1 1110 0
1 1110 0 1 161 1 1110 0
1 1110 0 1 70 1 1110 0
1 1110 0 1 46 1 1110 0
0 1045 227 2 163 0 821 227 52 0 224 0
1 1110 0 1 131 1 1110 0
3 1037 252 2 112 0 392 252 185 3 645 0
2 1039 246 3 143 0 5 143 128 0 927 103 10 2 107 0
1 1072 132 2 129 0 865 132 127 1 207 0
0 1057 185 2 51 0 666 185 116 0 391 0
1 1028 285 2 182 0 669 285 75 1 359 0
-1
5 13
1 1277 242 2 41 0 1123 242 124 1 154 0
0 1289 201 2 88 0 931 201 194 0 358 0
2 1278 238 2 123 0 356 238 101 2 922 0
0 1347 0 1 78 0 1347 0
0 1299 167 2 60 0 64 167 67 0 1235 0
1 1269 270 2 30 0 952 270 137 1 317 0
2 1260 300 2 2 0 699 300 94 2 561 0
0 1312 121 2 173 0 0 121 85 0 1312 0
2 1285 213 2 34 0 355 213 200 2 930 0
0 1267 278 2 140 0 547 278 47 0 720 0
1 1282 225 2 92 0 944 225 158 1 338 0
1 1320 93 2 172 0 0 93 13 1 1320 0
0 1347 0 1 62 0 1347 0
-1
6 12
2 1343 132 2 124 0 1033 132 45 2 310 0
2 1350 108 2 194 0 614 108 90 2 736 0
2 1315 230 2 101 0 1146 230 5 2 169 0
1 1311 244 2 78 0 715 244 154 1 596 0
1 1306 262 2 67 0 1123 262 31 1 183 0
2 1343 132 2 137 0 870 132 12 2 473 0
1 1344 130 2 94 0 607 130 9 1 737 0
0 1352 103 1 85 0 1352 103
0 1348 117 2 200 0 121 117 17 0 1227 0
0 1335 162 2 47 0 738 162 112 0 597 0
1 1328 185 2 158 0 1326 185 143 1 2 0
2 1327 188 2 13 0 371 188 170 2 956 0
-1
7 13
0 1492 298 2 25 0 1191 298 56 0 301 0
1 1531 161 2 64 0 1103 161 82 1 428 0
1 1497 279 2 177 0 493 279 54 1 1004 0
2 1577 0 1 139 2 1577 0
0 1463 399 3 49 0 26 266 76 0 1197 133 125 0 240 0
2 1543 119 2 50 0 931 119 134 2 612 0
2 1577 0 1 152 2 1577 0
3 1519 201 2 171 0 1242 201 173 3 277 0
2 1577 0 1 74 2 1577 0
0 1529 169 2 84 0 810 169 87 0 719 0
2 1509 237 2 166 0 441 237 69 2 1068 0
0 1512 228 2 189 0 72 199 55 0 1440 29
1 1507 245 2 111 0 1157 245 51 1 350 0
-1
8 13
0 1149 243 1 151 0 1149 243
3 1218 0 1 73 3 1218 0
0 1163 194 2 83 0 0 194 130 0 1163 0
3 1218 0 1 32 3 1218 0
2 1146 251 3 161 0 0 148 104 0 927 103 16 2 219 0
2 1170 168 2 66 0 892 168 114 2 278 0
3 1218 0 1 178 3 1218 0
2 1176 147 2 95 0 1075 147 199 2 101 0
3 1189 101 2 7 0 243 101 96 3 946 0
1 1163 193 2 39 0 1038 193 144 1 125 0
2 1179 137 2 10 0 107 137 15 2 1072 0
3 1218 0 1 14 3 1218 0
3 1172 160 2 116 0 32 160 187 3 1140 0
-1
9 13
2 1277 0 1 45 2 1277 0
2 1277 0 1 90 2 1277 0
2 1277 0 1 5 2 1277 0
1 1224 186 2 154 0 1077 186 179 1 147 0
1 1238 137 2 31 0 1049 137 161 1 189 0
1 1233 154 2 12 0 911 154 70 1 322 0
0 1236 145 2 9 0 567 145 46 0 669 0
0 1222 193 2 85 0 0 193 163 0 1222 0
0 1212 228 2 17 0 825 228 131 0 387 0
2 1277 0 1 112 2 1277 0
2 1277 0 1 143 2 1277 0
1 1218 206 2 170 0 896 206 129 1 322 0
1 1193 293 2 62 0 546 293 51 1 647 0
-1
10 15
0 1166 0 1 192 0 1166 0
0 1155 38 2 151 0 0 38 126 0 1155 0
1 1081 294 2 73 0 1015 294 146 1 66 0
3 1111 188 2 130 0 529 188 42 3 582 0
1 1093 252 2 32 0 565 252 91 1 528 0
0 1166 0 1 16 0 1166 0
0 1166 0 1 114 0 1166 0
2 1098 234 2 178 0 512 234 136 2 586 0
0 1166 0 1 199 0 1166 0
1 1125 141 2 96 0 320 141 48 1 805 0
0 1166 0 1 144 0 1166 0
0 1166 0 1 15 0 1166 0
0 1166 0 1 14 0 1166 0
3 1118 164 2 187 0 333 164 190 3 785 0
1 1119 162 2 75 0 1098 162 33 1 21 0
-1
11 14
1 1327 0 1 119 1 1327 0
1 1327 0 1 117 1 1327 0
3 1254 252 2 146 0 597 252 71 3 657 0
3 1254 252 2 42 0 79 252 26 3 1175 0
2 1294 114 2 99 0 194 114 168 2 1100 0
0 1268 206 2 6 0 1260 206 86 0 8 0
1 1297 104 2 93 0 581 104 98 1 716 0
1 1248 275 2 136 0 283 275 65 1 965 0
0 1267 210 2 110 0 708 210 44 0 559 0
3 1311 54 2 48 0 0 54 162 3 1311 0
1 1327 0 1 43 1 1327 0
1 1256 247 2 175 0 1146 247 72 1 110 0
0 1277 175 2 113 0 149 175 100 0 1128 0
1 1327 0 1 40 1 1327 0
-1
12 14
1 984 0 1 56 1 984 0
1 984 0 1 82 1 984 0
1 935 170 2 54 0 525 170 123 1 410 0
1 906 271 2 139 0 765 271 106 1 141 0
1 948 125 2 125 0 885 125 60 1 63 0
0 938 161 2 134 0 835 161 30 0 103 0
3 919 224 2 152 0 296 224 2 3 623 0
1 984 0 1 173 1 984 0
1 901 288 2 74 0 715 288 34 1 186 0
1 949 121 2 87 0 370 121 140 1 579 0
1 984 0 1 69 1 984 0
2 946 131 2 55 0 0 131 172 2 946 0
1 984 0 1 196 1 984 0
2 899 294 2 63 0 380 294 182 2 519 0
-1
13 15
3 1221 185 2 181 0 724 185 25 3 497 0
3 1223 178 2 174 0 412 178 118 3 811 0
1 1202 253 2 71 0 176 253 177 1 1026 0
3 1238 126 2 108 0 976 126 198 3 262 0
0 1275 0 1 49 0 1275 0
2 1246 99 2 86 0 0 99 121 2 1246 0
0 1236 136 2 36 0 1100 136 27 0 136 0
0 1275 0 1 191 0 1275 0
0 1275 0 1 138 0 1275 0
0 1275 0 1 102 0 1275 0
1 1226 170 2 77 0 526 170 166 1 700 0
0 1210 226 2 72 0 482 226 189 0 728 0
3 1236 133 2 132 0 1182 133 111 3 54 0
0 1275 0 1 63 0 1275 0
0 1275 0 1 33 0 1275 0
-1
14 16
1 1325 173 2 56 0 271 173 41 1 1054 0
3 1315 206 2 82 0 440 206 88 3 875 0
0 1375 0 1 123 0 1375 0
1 1332 149 2 106 0 1199 149 78 1 133 0
0 1375 0 1 60 0 1375 0
0 1375 0 1 30 0 1375 0
0 1375 0 1 2 0 1375 0
0 1327 167 1 173 0 1327 167
0 1375 0 1 34 0 1375 0
0 1375 0 1 140 0 1375 0
1 1302 253 2 69 0 222 253 92 1 1080 0
0 1329 160 1 172 0 1329 160
0 1325 174 2 196 0 581 174 62 0 744 0
0 1375 0 1 182 0 1375 0
0 1345 104 1 29 0 1345 104
2 1292 287 3 29 0 0 180 3 0 963 107 160 2 329 0
-1
15 14
0 1382 203 2 119 0 441 203 181 0 941 0
2 1361 274 2 117 0 173 274 174 2 1188 0
1 1440 0 1 71 1 1440 0
1 1364 265 2 26 0 1207 265 108 1 157 0
3 1364 263 3 168 0 221 147 145 0 1044 116 49 3 99 0
0 1423 60 1 86 0 1423 60
1 1377 219 2 98 0 1254 219 36 1 123 0
1 1371 240 2 65 0 1194 240 191 1 177 0
1 1390 174 2 44 0 1007 174 138 1 383 0
2 1381 205 2 162 0 531 205 102 2 850 0
3 1380 207 2 43 0 379 207 77 3 1001 0
1 1440 0 1 72 1 1440 0
1 1361 275 2 100 0 1347 275 132 1 14 0
3 1355 294 2 40 0 1318 294 33 3 37 0
-1
