1 6
3 493 0 1 1 3 493 0
0 473 187 2 9 0 177 187 7 0 296 0
3 493 0 1 6 3 493 0
3 493 0 1 10 3 493 0
3 493 0 1 2 3 493 0
3 493 0 1 8 3 493 0
-1
2 6
2 710 1 1 5 2 710 1
3 688 198 2 1 0 361 198 9 3 327 0
2 710 1 1 7 2 710 1
0 681 268 2 6 0 276 267 4 0 405 1
2 710 1 1 2 2 710 1
2 710 1 1 3 2 710 1
-1
3 7
2 610 1 1 5 2 610 1
2 610 1 1 1 2 610 1
2 610 1 1 7 2 610 1
2 610 1 1 6 2 610 1
0 596 133 2 10 0 596 132 2 0 0 1
1 579 284 2 2 0 172 282 3 1 407 2
0 525 155 1 8 0 525 155
-1
4 6
0 475 237 2 5 0 153 237 1 0 322 0
1 501 0 1 9 1 501 0
1 501 0 1 6 1 501 0
1 483 162 2 4 0 388 162 10 1 95 0
1 501 0 1 2 1 501 0
1 478 208 2 3 0 105 208 8 1 373 0
-1
5 6
2 672 0 1 5 2 672 0
2 672 0 1 9 2 672 0
1 651 192 2 7 0 117 191 6 1 534 1
2 672 0 1 4 2 672 0
2 672 0 1 2 2 672 0
2 672 0 1 3 2 672 0
-1
