1 33
2 609 108 2 104 0 101 105 769 2 508 3
2 608 126 2 792 0 565 125 53 2 43 1
1 615 2 1 262 1 615 2
1 615 2 1 1003 1 615 2
3 599 287 2 1100 0 101 286 1024 3 498 1
2 604 200 2 1018 0 362 196 306 2 242 4
2 603 218 2 1129 0 550 216 275 2 53 2
0 601 265 2 223 0 202 263 419 0 399 2
1 615 2 1 1035 1 615 2
1 615 2 1 515 1 615 2
1 615 2 1 794 1 615 2
1 615 2 1 566 1 615 2
3 600 269 2 904 0 286 266 577 3 314 3
1 601 260 2 468 0 456 256 934 1 145 4
1 615 2 1 798 1 615 2
1 615 2 1 324 1 615 2
1 615 2 1 709 1 615 2
1 615 2 1 212 1 615 2
1 615 2 1 472 1 615 2
1 615 2 1 702 1 615 2
1 615 2 1 760 1 615 2
1 603 223 2 190 0 323 219 558 1 280 4
1 615 2 1 280 1 615 2
0 606 173 2 105 0 362 173 52 0 244 0
1 602 242 2 999 0 51 239 252 1 551 3
1 608 131 2 1165 0 215 128 580 1 393 3
1 615 2 1 253 1 615 2
1 615 2 1 833 1 615 2
1 615 2 1 8 1 615 2
1 615 2 1 209 1 615 2
1 615 2 1 935 1 615 2
1 615 2 1 246 1 615 2
1 615 2 1 300 1 615 2
-1
2 33
2 610 0 1 825 2 610 0
2 610 0 1 1188 2 610 0
2 610 0 1 974 2 610 0
2 610 0 1 909 2 610 0
2 610 0 1 831 2 610 0
2 610 0 1 315 2 610 0
2 610 0 1 681 2 610 0
2 610 0 1 805 2 610 0
2 610 0 1 938 2 610 0
2 610 0 1 364 2 610 0
2 610 0 1 921 2 610 0
2 610 0 1 437 2 610 0
2 610 0 1 545 2 610 0
2 595 276 2 429 0 325 276 395 2 270 0
0 601 176 2 18 0 338 173 289 0 263 3
2 610 0 1 309 2 610 0
1 603 134 2 968 0 220 133 779 1 383 1
2 610 0 1 38 2 610 0
2 610 0 1 845 2 610 0
2 610 0 1 990 2 610 0
2 610 0 1 899 2 610 0
2 610 0 1 358 2 610 0
2 610 0 1 446 2 610 0
2 597 239 2 839 0 12 238 413 2 585 1
1 601 171 2 820 0 278 170 741 1 323 1
2 610 0 1 255 2 610 0
1 603 134 2 311 0 117 131 1148 1 486 3
2 610 0 1 64 2 610 0
1 595 281 2 1050 0 200 279 916 1 395 2
0 595 286 2 623 0 417 282 294 0 178 4
2 610 0 1 1074 2 610 0
1 601 171 2 829 0 174 167 503 1 427 4
2 610 0 1 1082 2 610 0
-1
3 33
2 559 108 2 348 0 113 106 726 2 446 2
1 565 2 1 511 1 565 2
2 556 163 2 1106 0 426 162 1090 2 130 1
1 553 223 2 728 0 153 221 1185 1 400 2
1 565 2 1 697 1 565 2
2 550 274 2 487 0 342 271 28 2 208 3
1 565 2 1 803 1 565 2
1 565 2 1 310 1 565 2
1 565 2 1 9 1 565 2
1 565 2 1 822 1 565 2
1 553 223 2 797 0 19 220 182 1 534 3
1 565 2 1 783 1 565 2
1 565 2 1 748 1 565 2
1 556 168 2 272 0 73 167 461 1 483 1
1 565 2 1 912 1 565 2
2 556 163 2 552 0 452 160 1105 2 104 3
1 553 223 2 984 0 305 221 808 1 248 2
1 565 2 1 671 1 565 2
1 558 131 2 606 0 169 128 590 1 389 3
1 565 2 1 644 1 565 2
1 565 2 1 536 1 565 2
1 565 2 1 988 1 565 2
1 565 2 1 292 1 565 2
0 553 228 2 307 0 135 227 150 0 418 1
1 565 2 1 263 1 565 2
1 565 2 1 586 1 565 2
1 555 187 2 55 0 483 186 30 1 72 1
0 552 247 2 125 0 520 245 576 0 32 2
1 565 2 1 1191 1 565 2
1 565 2 1 498 1 565 2
1 565 2 1 937 1 565 2
1 565 2 1 853 1 565 2
1 565 2 1 1045 1 565 2
-1
4 35
2 455 218 2 960 0 213 216 104 2 242 2
1 467 2 1 906 1 467 2
1 467 2 1 262 1 467 2
1 467 2 1 1003 1 467 2
1 467 2 1 1100 1 467 2
1 467 2 1 1018 1 467 2
1 467 2 1 1129 1 467 2
1 467 2 1 223 1 467 2
1 467 2 1 1035 1 467 2
1 467 2 1 1067 1 467 2
2 455 218 2 812 0 165 217 794 2 290 1
1 467 2 1 566 1 467 2
1 467 2 1 904 1 467 2
1 467 2 1 468 1 467 2
1 467 2 1 802 1 467 2
1 467 2 1 344 1 467 2
1 467 2 1 852 1 467 2
1 467 2 1 1001 1 467 2
2 456 200 2 1023 0 191 200 472 2 265 0
0 455 228 2 477 0 126 227 702 0 329 1
3 454 232 2 871 0 240 231 760 3 214 1
1 467 2 1 190 1 467 2
1 467 2 1 280 1 467 2
1 467 2 1 105 1 467 2
1 467 2 1 999 1 467 2
2 460 126 2 633 0 116 123 1165 2 344 3
1 467 2 1 253 1 467 2
1 467 2 1 232 1 467 2
1 467 2 1 336 1 467 2
1 467 2 1 874 1 467 2
1 467 2 1 935 1 467 2
1 467 2 1 548 1 467 2
0 460 136 2 661 0 48 136 300 0 412 0
1 467 2 1 736 1 467 2
1 467 2 1 149 1 467 2
-1
5 32
3 674 242 2 731 0 308 241 1013 3 366 1
1 680 142 2 1060 0 532 139 1109 1 148 3
1 676 216 2 7 0 46 216 435 1 630 0
3 679 150 2 816 0 351 148 361 3 328 2
0 688 0 1 347 0 688 0
0 688 0 1 524 0 688 0
1 677 197 2 155 0 60 195 583 1 617 2
0 688 0 1 764 0 688 0
0 688 0 1 411 0 688 0
0 688 0 1 1174 0 688 0
0 688 0 1 420 0 688 0
2 682 100 2 854 0 553 96 846 2 129 4
0 688 0 1 1016 0 688 0
3 681 113 2 667 0 135 111 1126 3 546 2
0 688 0 1 945 0 688 0
0 688 0 1 588 0 688 0
1 682 105 2 291 0 277 101 288 1 405 4
1 679 160 2 595 0 446 158 537 1 233 2
0 688 0 1 185 0 688 0
1 677 197 2 205 0 399 195 733 1 278 2
1 682 105 2 718 0 569 102 584 1 113 3
0 688 0 1 1056 0 688 0
0 688 0 1 665 0 688 0
0 679 165 2 409 0 51 164 332 0 628 1
0 688 0 1 738 0 688 0
3 673 261 2 993 0 586 258 339 3 87 3
0 682 110 2 1058 0 117 108 15 0 565 2
1 675 234 2 3 0 487 231 529 1 188 3
0 688 0 1 715 0 688 0
2 676 210 2 561 0 640 207 1046 2 36 3
0 688 0 1 532 0 688 0
0 688 0 1 490 0 688 0
-1
6 35
0 563 2 1 896 0 563 2
0 563 2 1 53 0 563 2
0 563 2 1 1101 0 563 2
0 563 2 1 647 0 563 2
0 563 2 1 959 0 563 2
0 563 2 1 399 0 563 2
0 563 2 1 197 0 563 2
0 563 2 1 406 0 563 2
0 563 2 1 1027 0 563 2
0 563 2 1 1 0 563 2
0 555 150 2 285 0 442 145 269 0 113 5
0 557 113 2 1088 0 279 113 890 0 278 0
0 563 2 1 1117 0 563 2
0 550 242 2 934 0 88 242 429 0 462 0
0 563 2 1 622 0 563 2
0 563 2 1 638 0 563 2
0 563 2 1 564 0 563 2
0 563 2 1 656 0 563 2
2 550 231 2 471 0 535 227 932 2 15 4
0 563 2 1 1199 0 563 2
0 563 2 1 1037 0 563 2
3 547 282 2 558 0 295 280 412 3 252 2
0 563 2 1 562 0 563 2
0 549 260 2 52 0 107 259 839 0 442 1
0 563 2 1 410 0 563 2
0 563 2 1 535 0 563 2
0 563 2 1 20 0 563 2
0 563 2 1 314 0 563 2
0 563 2 1 1050 0 563 2
1 552 200 2 401 0 111 198 623 1 441 2
0 563 2 1 579 0 563 2
0 563 2 1 414 0 563 2
0 563 2 1 1064 0 563 2
0 556 131 2 556 0 512 130 1068 0 44 1
0 563 2 1 544 0 563 2
-1
7 34
2 564 0 1 1013 2 564 0
2 564 0 1 1109 2 564 0
2 564 0 1 435 2 564 0
2 564 0 1 361 2 564 0
2 564 0 1 347 2 564 0
2 564 0 1 524 2 564 0
0 559 102 2 583 0 300 100 11 0 259 2
2 564 0 1 764 2 564 0
1 554 189 2 411 0 289 187 370 1 265 2
2 564 0 1 1174 2 564 0
2 564 0 1 420 2 564 0
2 564 0 1 846 2 564 0
2 564 0 1 1016 2 564 0
2 564 0 1 1126 2 564 0
1 551 244 2 945 0 47 242 933 1 504 2
2 564 0 1 588 2 564 0
2 564 0 1 288 2 564 0
2 564 0 1 537 2 564 0
2 564 0 1 185 2 564 0
2 564 0 1 733 2 564 0
2 564 0 1 584 2 564 0
2 552 221 2 1056 0 254 218 504 2 298 3
2 564 0 1 665 2 564 0
2 564 0 1 332 2 564 0
0 558 121 2 738 0 291 117 589 0 267 4
2 564 0 1 339 2 564 0
2 564 0 1 15 2 564 0
2 564 0 1 529 2 564 0
2 564 0 1 715 2 564 0
2 564 0 1 1046 2 564 0
2 564 0 1 532 2 564 0
1 556 152 2 490 0 31 152 216 1 525 0
2 564 0 1 1059 2 564 0
0 553 213 2 491 0 123 209 807 0 430 4
-1
8 37
2 438 0 1 1013 2 438 0
2 438 0 1 1109 2 438 0
2 438 0 1 435 2 438 0
2 438 0 1 728 2 438 0
2 438 0 1 347 2 438 0
2 438 0 1 487 2 438 0
2 438 0 1 11 2 438 0
2 438 0 1 310 2 438 0
2 438 0 1 370 2 438 0
2 438 0 1 1020 2 438 0
2 438 0 1 797 2 438 0
1 430 152 2 846 0 230 152 783 1 200 0
2 438 0 1 427 2 438 0
3 427 198 2 1126 0 199 197 272 3 228 1
2 438 0 1 933 2 438 0
2 438 0 1 572 2 438 0
2 438 0 1 984 2 438 0
1 429 171 2 537 0 280 171 671 1 149 0
2 438 0 1 305 2 438 0
2 438 0 1 733 2 438 0
2 438 0 1 584 2 438 0
0 438 10 1 504 0 438 10
2 438 0 1 72 2 438 0
2 438 0 1 307 2 438 0
2 438 0 1 589 2 438 0
2 438 0 1 339 2 438 0
2 438 0 1 15 2 438 0
2 438 0 1 125 2 438 0
2 438 0 1 172 2 438 0
2 438 0 1 1046 2 438 0
2 438 0 1 242 2 438 0
2 438 0 1 216 2 438 0
2 438 0 1 1059 2 438 0
2 438 0 1 807 2 438 0
2 438 0 1 544 2 438 0
2 438 0 1 848 2 438 0
2 438 0 1 640 2 438 0
-1
9 36
2 605 3 1 726 2 605 3
2 605 3 1 511 2 605 3
2 605 3 1 1090 2 605 3
2 605 3 1 1185 2 605 3
2 605 3 1 697 2 605 3
2 605 3 1 28 2 605 3
2 605 3 1 803 2 605 3
2 590 279 2 310 0 148 279 570 2 442 0
2 605 3 1 9 2 605 3
0 605 13 1 822 0 605 13
2 605 3 1 182 2 605 3
0 592 252 2 783 0 302 251 727 0 290 1
0 600 105 2 748 0 272 103 163 0 328 2
2 605 3 1 461 2 605 3
2 605 3 1 912 2 605 3
2 605 3 1 1105 2 605 3
2 605 3 1 808 2 605 3
1 593 229 2 671 0 155 229 994 1 438 0
2 605 3 1 590 2 605 3
2 605 3 1 644 2 605 3
3 598 126 2 536 0 298 125 1029 3 300 1
3 593 219 2 988 0 212 216 474 3 381 3
2 605 3 1 292 2 605 3
2 605 3 1 150 2 605 3
1 592 247 2 263 0 515 245 954 1 77 2
0 597 160 2 586 0 401 158 249 0 196 2
2 605 3 1 30 2 605 3
2 605 3 1 576 2 605 3
2 605 3 1 1191 2 605 3
0 593 234 2 498 0 415 230 428 0 178 4
2 605 3 1 937 2 605 3
2 605 3 1 853 2 605 3
2 605 3 1 1045 2 605 3
2 605 3 1 807 2 605 3
0 594 215 2 544 0 122 212 1096 0 472 3
2 605 3 1 848 2 605 3
-1
10 32
0 462 0 1 88 0 462 0
0 462 0 1 936 0 462 0
3 450 205 2 463 0 139 203 29 3 311 2
0 462 0 1 278 0 462 0
1 450 216 2 479 0 333 216 384 1 117 0
0 462 0 1 36 0 462 0
0 462 0 1 745 0 462 0
3 452 169 2 49 0 425 167 97 3 27 2
0 462 0 1 273 0 462 0
0 450 221 2 74 0 360 221 439 0 90 0
0 462 0 1 175 0 462 0
0 462 0 1 705 0 462 0
2 449 229 2 727 0 84 227 266 2 365 2
0 462 0 1 342 0 462 0
0 462 0 1 351 0 462 0
0 462 0 1 447 0 462 0
0 462 0 1 143 0 462 0
0 462 0 1 600 0 462 0
2 453 155 2 962 0 155 151 98 2 298 4
1 457 87 2 590 0 0 87 553 1 457 0
2 451 192 2 1173 0 108 189 538 2 343 3
0 462 0 1 910 0 462 0
1 455 123 2 147 0 314 121 83 1 141 2
2 454 137 2 1073 0 221 136 1070 2 233 1
0 462 0 1 1141 0 462 0
0 462 0 1 943 0 462 0
0 462 0 1 95 0 462 0
0 462 0 1 106 0 462 0
1 456 105 2 567 0 14 101 1135 1 442 4
0 462 0 1 1108 0 462 0
2 449 229 2 428 0 214 226 765 2 235 3
0 451 202 2 891 0 446 198 73 0 5 4
-1
11 34
2 643 3 1 104 2 643 3
1 635 155 2 906 0 40 151 792 1 595 4
2 643 3 1 262 2 643 3
2 643 3 1 1003 2 643 3
2 643 3 1 1100 2 643 3
2 643 3 1 1018 2 643 3
2 643 3 1 1129 2 643 3
2 643 3 1 223 2 643 3
2 643 3 1 1035 2 643 3
0 635 160 2 1067 0 554 157 515 0 81 3
2 643 3 1 794 2 643 3
2 643 3 1 566 2 643 3
2 643 3 1 904 2 643 3
2 643 3 1 468 2 643 3
0 637 123 2 802 0 181 122 798 0 456 1
2 633 187 2 344 0 546 184 324 2 87 3
1 629 266 2 852 0 462 265 709 1 167 1
1 631 229 2 1001 0 354 228 212 1 277 1
2 643 3 1 472 2 643 3
2 643 3 1 702 2 643 3
2 643 3 1 760 2 643 3
2 643 3 1 190 2 643 3
2 643 3 1 280 2 643 3
2 643 3 1 105 2 643 3
2 643 3 1 999 2 643 3
2 643 3 1 1165 2 643 3
2 643 3 1 253 2 643 3
2 633 187 2 232 0 129 185 833 2 504 2
2 630 242 2 336 0 470 242 8 2 160 0
3 632 200 2 874 0 131 199 209 3 501 1
2 643 3 1 935 2 643 3
2 628 279 2 548 0 46 276 246 2 582 3
2 643 3 1 300 2 643 3
0 634 178 2 736 0 297 174 640 0 337 4
-1
12 33
0 597 2 1 825 0 597 2
0 597 2 1 1188 0 597 2
0 597 2 1 974 0 597 2
0 584 242 2 647 0 309 242 909 0 275 0
0 597 2 1 831 0 597 2
0 590 131 2 657 0 497 131 315 0 93 0
0 597 2 1 681 0 597 2
0 597 2 1 805 0 597 2
0 597 2 1 938 0 597 2
3 589 134 2 26 0 246 132 364 3 343 2
3 586 190 2 269 0 497 187 921 3 89 3
3 586 190 2 890 0 287 187 437 3 299 3
3 582 263 2 1117 0 426 262 545 3 156 1
0 597 2 1 429 0 597 2
0 597 2 1 18 0 597 2
0 597 2 1 309 0 597 2
0 597 2 1 968 0 597 2
2 591 103 2 42 0 296 100 38 2 295 3
1 589 144 2 932 0 161 140 845 1 428 4
0 597 2 1 990 0 597 2
1 591 108 2 514 0 543 108 899 1 48 0
2 587 176 2 412 0 211 174 358 2 376 2
0 589 149 2 522 0 321 145 446 0 268 4
0 597 2 1 839 0 597 2
0 597 2 1 820 0 597 2
2 586 195 2 535 0 1 194 255 2 585 1
0 597 2 1 311 0 597 2
0 597 2 1 64 0 597 2
0 597 2 1 1050 0 597 2
0 597 2 1 623 0 597 2
1 582 273 2 579 0 53 270 1074 1 529 3
0 597 2 1 829 0 597 2
3 583 245 2 1064 0 542 245 640 3 41 0
-1
13 34
1 522 0 1 949 1 522 0
1 522 0 1 239 1 522 0
0 512 189 2 35 0 166 187 635 0 346 2
1 522 0 1 722 1 522 0
1 522 0 1 281 1 522 0
1 522 0 1 19 1 522 0
3 513 155 2 1169 0 401 153 282 3 112 2
0 508 263 2 1134 0 148 259 560 0 360 4
3 510 211 2 1066 0 430 211 132 3 80 0
1 522 0 1 683 1 522 0
1 522 0 1 980 1 522 0
0 507 281 2 1157 0 439 277 284 0 68 4
1 522 0 1 973 1 522 0
2 516 105 2 533 0 211 101 519 2 305 4
1 522 0 1 111 1 522 0
1 522 0 1 711 1 522 0
1 522 0 1 972 1 522 0
1 522 0 1 270 1 522 0
1 522 0 1 534 1 522 0
2 506 289 2 961 0 486 289 477 2 20 0
1 522 0 1 950 1 522 0
1 522 0 1 847 1 522 0
1 522 0 1 1181 1 522 0
2 516 105 2 956 0 430 103 440 2 86 2
1 522 0 1 497 1 522 0
0 515 134 2 178 0 153 132 716 0 362 2
1 507 276 2 575 0 67 276 1078 1 440 0
1 516 110 2 551 0 395 108 237 1 121 2
1 522 0 1 376 1 522 0
0 514 152 2 114 0 130 149 876 0 384 3
1 522 0 1 1026 1 522 0
1 510 221 2 1168 0 418 221 548 1 92 0
1 522 0 1 33 1 522 0
1 522 0 1 50 1 522 0
-1
14 35
2 590 295 2 88 0 494 291 213 2 96 4
0 599 139 2 602 0 204 136 1193 0 395 3
0 601 102 2 434 0 380 98 108 0 221 4
2 606 0 1 418 2 606 0
2 606 0 1 335 2 606 0
0 601 102 2 1048 0 89 100 492 0 512 2
2 606 0 1 761 2 606 0
0 595 213 2 97 0 206 209 663 0 389 4
2 606 0 1 1075 2 606 0
2 606 0 1 219 2 606 0
3 598 142 2 1154 0 92 140 1097 3 506 2
2 606 0 1 654 2 606 0
2 606 0 1 457 2 606 0
2 597 166 2 639 0 176 163 304 2 421 3
2 606 0 1 703 2 606 0
3 599 124 2 885 0 19 122 211 3 580 2
2 598 147 2 1054 0 156 147 1025 2 442 0
2 606 0 1 593 2 606 0
2 606 0 1 158 2 606 0
0 591 286 2 553 0 453 286 546 0 138 0
2 606 0 1 1065 2 606 0
2 606 0 1 231 2 606 0
2 606 0 1 83 2 606 0
0 593 249 2 1070 0 334 247 496 0 259 2
0 596 194 2 568 0 529 193 516 0 67 1
2 606 0 1 824 2 606 0
2 606 0 1 694 2 606 0
2 606 0 1 1158 2 606 0
2 606 0 1 875 2 606 0
2 606 0 1 486 2 606 0
2 606 0 1 286 2 606 0
2 606 0 1 1110 2 606 0
2 595 203 2 800 0 526 203 86 2 69 0
2 606 0 1 459 2 606 0
2 606 0 1 85 2 606 0
-1
15 34
0 662 0 1 731 0 662 0
0 662 0 1 1060 0 662 0
0 662 0 1 7 0 662 0
0 662 0 1 816 0 662 0
0 655 128 2 759 0 350 127 347 0 305 1
2 654 137 2 603 0 444 137 524 2 210 0
0 662 0 1 155 0 662 0
1 649 234 2 397 0 349 230 764 1 300 4
0 662 0 1 411 0 662 0
1 650 216 2 641 0 613 215 1174 1 37 1
1 649 234 2 448 0 620 234 420 1 29 0
1 652 179 2 872 0 306 175 854 1 346 4
0 662 0 1 1016 0 662 0
0 662 0 1 667 0 662 0
0 662 0 1 945 0 662 0
0 662 0 1 588 0 662 0
0 649 239 2 779 0 17 239 291 0 632 0
0 662 0 1 595 0 662 0
0 662 0 1 185 0 662 0
0 662 0 1 205 0 662 0
1 651 197 2 107 0 267 193 718 1 384 4
0 662 0 1 1056 0 662 0
0 662 0 1 665 0 662 0
0 662 0 1 409 0 662 0
0 646 294 2 741 0 572 294 738 0 74 0
0 662 0 1 993 0 662 0
0 662 0 1 1058 0 662 0
0 662 0 1 3 0 662 0
0 656 110 2 367 0 338 108 715 0 318 2
0 662 0 1 561 0 662 0
0 662 0 1 532 0 662 0
0 649 239 2 503 0 0 239 490 0 649 0
0 662 0 1 1059 0 662 0
0 662 0 1 491 0 662 0
-1
16 34
1 675 2 1 731 1 675 2
1 675 2 1 1194 1 675 2
1 675 2 1 7 1 675 2
1 675 2 1 909 1 675 2
1 660 279 2 831 0 288 277 759 1 372 2
1 665 187 2 315 0 279 183 603 1 386 4
2 662 237 2 681 0 69 237 155 2 593 0
1 675 2 1 397 1 675 2
1 675 2 1 453 1 675 2
1 675 2 1 641 1 675 2
1 675 2 1 448 1 675 2
1 675 2 1 872 1 675 2
1 675 2 1 545 1 675 2
1 675 2 1 395 1 675 2
0 668 136 2 289 0 289 132 945 0 379 4
1 669 113 2 151 0 666 113 588 1 3 0
1 675 2 1 779 1 675 2
1 675 2 1 38 1 675 2
1 675 2 1 845 1 675 2
1 660 279 2 990 0 378 276 205 1 282 3
1 675 2 1 107 1 675 2
1 675 2 1 632 1 675 2
3 665 176 2 446 0 59 174 757 3 606 2
3 665 176 2 413 0 343 176 409 3 322 0
1 675 2 1 741 1 675 2
1 675 2 1 993 1 675 2
1 675 2 1 1148 1 675 2
0 660 284 2 64 0 159 283 3 0 501 1
1 666 168 2 916 0 444 165 367 1 222 3
1 667 150 2 294 0 509 146 561 1 158 4
1 661 260 2 1074 0 544 258 532 1 117 2
1 675 2 1 503 1 675 2
0 675 7 1 1082 0 675 7
1 675 2 1 491 1 675 2
-1
17 34
0 438 0 1 731 0 438 0
0 430 147 2 1194 0 337 143 1060 0 93 4
0 438 0 1 7 0 438 0
0 424 257 2 909 0 96 256 816 0 328 1
0 438 0 1 759 0 438 0
0 438 0 1 603 0 438 0
0 438 0 1 155 0 438 0
0 438 0 1 397 0 438 0
1 431 123 2 453 0 361 120 411 1 70 3
0 438 0 1 641 0 438 0
0 438 0 1 448 0 438 0
0 438 0 1 872 0 438 0
1 423 271 2 545 0 338 269 1016 1 85 2
0 427 202 2 395 0 216 201 667 0 211 1
0 438 0 1 945 0 438 0
0 438 0 1 588 0 438 0
0 438 0 1 779 0 438 0
0 424 257 2 38 0 83 254 595 0 341 3
1 422 289 2 845 0 239 285 185 1 183 4
0 438 0 1 205 0 438 0
0 438 0 1 107 0 438 0
0 432 110 2 632 0 74 110 1056 0 358 0
0 432 110 2 757 0 390 109 665 0 42 1
0 438 0 1 409 0 438 0
0 438 0 1 741 0 438 0
0 438 0 1 993 0 438 0
3 425 224 2 1148 0 235 224 1058 3 190 0
0 438 0 1 3 0 438 0
0 438 0 1 367 0 438 0
0 438 0 1 561 0 438 0
0 438 0 1 532 0 438 0
0 438 0 1 503 0 438 0
2 423 266 2 1082 0 0 264 1059 2 423 2
0 438 0 1 491 0 438 0
-1
18 33
2 689 166 2 896 0 279 162 825 2 410 4
2 682 295 2 53 0 85 294 1188 2 597 1
2 698 0 1 1101 2 698 0
2 698 0 1 647 2 698 0
2 698 0 1 959 2 698 0
2 691 129 2 399 0 393 125 657 2 298 4
2 698 0 1 197 2 698 0
2 698 0 1 406 2 698 0
3 682 290 2 1027 0 588 288 938 3 94 2
0 693 102 2 1 0 169 102 26 0 524 0
2 698 0 1 269 2 698 0
2 698 0 1 890 2 698 0
2 698 0 1 1117 2 698 0
2 698 0 1 429 2 698 0
3 689 161 2 622 0 443 158 18 3 246 3
2 698 0 1 638 2 698 0
2 682 295 2 564 0 677 292 968 2 5 3
0 689 176 2 656 0 485 174 42 0 204 2
2 698 0 1 932 2 698 0
2 698 0 1 1199 2 698 0
0 696 47 1 1037 0 696 47
2 698 0 1 412 2 698 0
3 682 290 2 562 0 119 290 522 3 563 0
2 698 0 1 839 2 698 0
1 688 189 2 410 0 416 187 820 1 272 2
2 698 0 1 535 2 698 0
2 683 276 2 20 0 584 272 311 2 99 4
1 689 171 2 314 0 556 169 64 1 133 2
2 698 0 1 1050 2 698 0
2 698 0 1 623 2 698 0
2 698 0 1 579 2 698 0
0 691 139 2 414 0 332 136 829 0 359 3
2 698 0 1 1064 2 698 0
-1
19 33
2 583 3 1 348 2 583 3
0 568 289 2 1109 0 310 285 511 0 258 4
2 583 3 1 1106 2 583 3
2 583 3 1 728 2 583 3
2 583 3 1 697 2 583 3
2 583 3 1 487 2 583 3
2 570 242 2 11 0 334 238 803 2 236 4
2 583 3 1 310 2 583 3
2 583 3 1 9 2 583 3
2 583 3 1 822 2 583 3
2 583 3 1 797 2 583 3
2 583 3 1 783 2 583 3
1 573 192 2 427 0 467 192 748 1 106 0
2 583 3 1 272 2 583 3
2 583 3 1 912 2 583 3
2 583 3 1 552 2 583 3
2 583 3 1 984 2 583 3
2 583 3 1 671 2 583 3
2 583 3 1 606 2 583 3
1 568 284 2 733 0 126 280 644 1 442 4
2 568 279 2 584 0 264 276 536 2 304 3
2 583 3 1 988 2 583 3
1 573 192 2 72 0 195 190 292 1 378 2
2 583 3 1 307 2 583 3
2 583 3 1 263 2 583 3
3 569 255 2 339 0 90 254 586 3 479 1
2 583 3 1 55 2 583 3
2 583 3 1 125 2 583 3
3 573 182 2 172 0 365 179 1191 3 208 3
2 583 3 1 498 2 583 3
2 571 224 2 242 0 540 224 937 2 31 0
2 583 3 1 853 2 583 3
2 568 279 2 1059 0 427 278 1045 2 141 1
-1
20 36
2 443 3 1 825 2 443 3
2 443 3 1 1188 2 443 3
0 429 271 2 1101 0 296 269 974 0 133 2
2 443 3 1 647 2 443 3
3 431 219 2 959 0 65 217 831 3 366 2
2 443 3 1 657 2 443 3
0 433 197 2 197 0 223 197 681 0 210 0
1 429 266 2 406 0 282 266 805 1 147 0
2 443 3 1 938 2 443 3
2 443 3 1 26 2 443 3
2 443 3 1 269 2 443 3
2 443 3 1 890 2 443 3
2 443 3 1 1117 2 443 3
2 443 3 1 429 2 443 3
2 443 3 1 18 2 443 3
3 432 200 2 638 0 371 198 309 3 61 2
2 443 3 1 968 2 443 3
2 443 3 1 42 2 443 3
2 443 3 1 932 2 443 3
0 433 197 2 1199 0 163 195 990 0 270 2
2 436 131 2 1037 0 0 130 514 2 436 1
2 443 3 1 412 2 443 3
2 443 3 1 522 2 443 3
2 443 3 1 839 2 443 3
2 443 3 1 820 2 443 3
2 443 3 1 535 2 443 3
2 443 3 1 311 2 443 3
2 443 3 1 64 2 443 3
2 443 3 1 1050 2 443 3
2 443 3 1 623 2 443 3
2 443 3 1 579 2 443 3
2 443 3 1 829 2 443 3
2 443 3 1 1064 2 443 3
2 443 3 1 1068 2 443 3
2 443 3 1 544 2 443 3
2 443 3 1 848 2 443 3
-1
21 32
1 635 244 2 1013 0 326 241 348 1 309 3
2 648 0 1 1109 2 648 0
3 634 253 2 435 0 154 252 1106 3 480 1
2 648 0 1 728 2 648 0
0 633 286 2 347 0 80 283 697 0 553 3
2 648 0 1 487 2 648 0
2 648 0 1 11 2 648 0
2 648 0 1 310 2 648 0
0 640 157 2 370 0 239 156 9 0 401 1
3 639 161 2 1020 0 553 158 822 3 86 3
2 648 0 1 797 2 648 0
2 648 0 1 783 2 648 0
2 648 0 1 427 2 648 0
2 648 0 1 272 2 648 0
3 636 216 2 933 0 540 216 912 3 96 0
3 642 105 2 572 0 197 103 552 3 445 2
2 648 0 1 984 2 648 0
2 648 0 1 671 2 648 0
1 642 115 2 305 0 182 111 606 1 460 4
2 648 0 1 733 2 648 0
2 648 0 1 584 2 648 0
3 641 124 2 504 0 0 122 988 3 641 2
2 648 0 1 72 2 648 0
2 648 0 1 307 2 648 0
1 641 134 2 589 0 40 132 263 1 601 2
2 648 0 1 339 2 648 0
1 636 226 2 15 0 4 226 55 1 632 0
2 648 0 1 125 2 648 0
2 648 0 1 172 2 648 0
0 639 176 2 1046 0 81 175 498 0 558 1
2 648 0 1 242 2 648 0
2 636 221 2 216 0 528 219 853 2 108 2
-1
22 33
0 691 2 1 949 0 691 2
0 682 168 2 1098 0 393 166 239 0 289 2
0 691 2 1 35 0 691 2
2 684 121 2 823 0 283 121 722 2 401 0
0 691 2 1 281 0 691 2
0 691 2 1 655 0 691 2
0 681 186 2 753 0 265 182 1169 0 416 4
0 691 2 1 1134 0 691 2
0 691 2 1 1066 0 691 2
0 691 2 1 778 0 691 2
0 678 242 2 1097 0 2 239 980 0 676 3
0 691 2 1 1157 0 691 2
3 675 282 2 457 0 43 281 206 3 632 1
1 675 292 2 304 0 556 290 533 1 119 2
3 684 116 2 297 0 492 115 111 3 192 1
2 681 176 2 92 0 520 175 711 2 161 1
3 682 153 2 985 0 560 153 972 3 122 0
0 691 2 1 408 0 691 2
2 683 139 2 1163 0 0 137 534 2 683 2
0 691 2 1 961 0 691 2
0 691 2 1 950 0 691 2
0 691 2 1 450 0 691 2
2 678 231 2 82 0 443 227 1181 2 235 4
0 691 2 1 496 0 691 2
2 678 232 2 516 0 354 230 497 2 324 2
0 675 297 2 824 0 227 296 178 0 448 1
0 691 2 1 575 0 691 2
0 686 94 1 140 0 686 94
0 691 2 1 400 0 691 2
2 676 268 2 486 0 36 265 114 2 640 3
0 691 2 1 295 0 691 2
0 691 2 1 1168 0 691 2
2 677 250 2 86 0 521 250 1113 2 156 0
-1
23 34
1 707 2 1 960 1 707 2
3 692 269 2 239 0 308 267 906 3 384 2
1 707 2 1 635 1 707 2
1 707 2 1 1057 1 707 2
1 707 2 1 1100 1 707 2
1 707 2 1 1142 1 707 2
1 707 2 1 282 1 707 2
2 700 126 2 560 0 105 126 223 2 595 0
1 707 2 1 132 1 707 2
1 707 2 1 683 1 707 2
1 707 2 1 812 1 707 2
1 707 2 1 284 1 707 2
1 698 168 2 973 0 150 167 904 1 548 1
0 699 155 2 519 0 419 155 468 0 280 0
1 707 2 1 432 1 707 2
1 692 279 2 711 0 497 275 344 1 195 4
1 707 2 1 852 1 707 2
1 707 2 1 1001 1 707 2
1 707 2 1 1023 1 707 2
1 707 2 1 477 1 707 2
1 707 2 1 871 1 707 2
2 693 255 2 847 0 606 254 190 2 87 1
1 692 279 2 1181 0 450 275 280 1 242 4
1 707 2 1 440 1 707 2
2 693 255 2 497 0 127 251 999 2 566 4
3 699 140 2 716 0 184 137 633 3 515 3
1 707 2 1 525 1 707 2
3 701 103 2 237 0 118 103 232 3 583 0
1 707 2 1 336 1 707 2
1 707 2 1 874 1 707 2
1 707 2 1 1026 1 707 2
1 707 2 1 548 1 707 2
1 696 205 2 33 0 21 205 661 1 675 0
3 698 158 2 50 0 194 158 1167 3 504 0
-1
24 33
2 566 0 1 726 2 566 0
2 566 0 1 463 2 566 0
2 566 0 1 1090 2 566 0
2 566 0 1 479 2 566 0
2 566 0 1 693 2 566 0
1 557 171 2 28 0 299 171 745 1 258 0
0 555 213 2 803 0 110 213 49 0 445 0
2 566 0 1 570 2 566 0
2 566 0 1 74 2 566 0
2 566 0 1 175 2 566 0
2 566 0 1 705 2 566 0
2 566 0 1 727 2 566 0
2 566 0 1 163 2 566 0
2 566 0 1 914 2 566 0
2 566 0 1 447 2 566 0
2 566 0 1 143 2 566 0
0 566 10 1 808 0 566 10
2 566 0 1 962 2 566 0
2 566 0 1 590 2 566 0
2 566 0 1 1173 2 566 0
2 558 147 2 1029 0 534 145 910 2 24 2
0 559 139 2 474 0 399 137 147 0 160 2
2 553 239 2 292 0 158 236 1073 2 395 3
2 566 0 1 150 2 566 0
2 566 0 1 954 2 566 0
0 561 102 2 249 0 263 102 95 0 298 0
2 566 0 1 30 2 566 0
1 558 152 2 576 0 279 150 567 1 279 2
2 566 0 1 1191 2 566 0
2 566 0 1 428 2 566 0
2 566 0 1 891 2 566 0
2 566 0 1 826 2 566 0
0 553 250 2 1045 0 511 250 244 0 42 0
-1
25 35
1 591 2 1 88 1 591 2
1 591 2 1 936 1 591 2
1 591 2 1 29 1 591 2
3 583 140 2 278 0 563 137 418 3 20 3
1 591 2 1 384 1 591 2
1 591 2 1 36 1 591 2
3 579 213 2 745 0 545 211 761 3 34 2
1 591 2 1 97 1 591 2
1 591 2 1 273 1 591 2
1 591 2 1 439 1 591 2
2 575 292 2 175 0 489 291 1154 2 86 1
1 591 2 1 705 1 591 2
1 591 2 1 266 1 591 2
2 585 108 2 342 0 385 108 639 2 200 0
1 591 2 1 351 1 591 2
0 576 284 2 447 0 568 282 885 0 8 2
0 577 265 2 143 0 472 262 1054 0 105 3
0 582 173 2 600 0 490 173 593 0 92 0
1 591 2 1 98 1 591 2
1 591 2 1 553 1 591 2
1 591 2 1 538 1 591 2
1 591 2 1 910 1 591 2
1 591 2 1 83 1 591 2
1 591 2 1 1070 1 591 2
3 582 158 2 1141 0 448 156 568 3 134 2
1 591 2 1 943 1 591 2
1 591 2 1 95 1 591 2
1 591 2 1 106 1 591 2
2 585 108 2 1135 0 538 105 445 2 47 3
1 591 2 1 1108 1 591 2
1 591 2 1 765 1 591 2
1 591 2 1 73 1 591 2
3 579 213 2 826 0 361 212 800 3 218 1
1 591 2 1 244 1 591 2
1 578 242 2 807 0 11 242 673 1 567 0
-1
26 35
1 696 158 2 213 0 382 155 949 1 314 3
3 704 0 1 1098 3 704 0
1 695 176 2 108 0 430 174 35 1 265 2
3 704 0 1 823 3 704 0
2 690 263 2 335 0 276 259 281 2 414 4
3 704 0 1 655 3 704 0
3 704 0 1 753 3 704 0
3 704 0 1 1134 3 704 0
2 691 245 2 1075 0 493 245 1066 2 198 0
3 704 0 1 778 3 704 0
3 704 0 1 1097 3 704 0
3 704 0 1 1157 3 704 0
3 704 0 1 457 3 704 0
3 704 0 1 304 3 704 0
1 689 287 2 703 0 111 283 297 1 578 4
3 704 0 1 92 3 704 0
3 704 0 1 985 3 704 0
3 704 0 1 408 3 704 0
3 704 0 1 1163 3 704 0
3 704 0 1 961 3 704 0
1 692 231 2 1065 0 433 227 950 1 259 4
3 704 0 1 450 3 704 0
3 704 0 1 82 3 704 0
3 704 0 1 496 3 704 0
3 704 0 1 516 3 704 0
3 704 0 1 824 3 704 0
3 704 0 1 575 3 704 0
3 704 0 1 140 3 704 0
0 692 236 2 875 0 515 232 400 0 177 4
3 704 0 1 486 3 704 0
3 704 0 1 295 3 704 0
2 691 245 2 1110 0 364 242 1168 2 327 3
3 704 0 1 86 3 704 0
3 704 0 1 32 3 704 0
3 704 0 1 149 3 704 0
-1
27 34
2 510 0 1 213 2 510 0
0 505 102 2 1193 0 93 100 1098 0 412 2
2 510 0 1 108 2 510 0
1 495 281 2 418 0 379 279 823 1 116 2
2 510 0 1 335 2 510 0
3 503 124 2 492 0 165 122 655 3 338 2
2 510 0 1 753 2 510 0
0 504 121 2 663 0 261 117 1134 0 243 4
2 510 0 1 1075 2 510 0
2 510 0 1 778 2 510 0
2 510 0 1 1097 2 510 0
3 496 253 2 654 0 412 252 1157 3 84 1
2 510 0 1 457 2 510 0
2 510 0 1 304 2 510 0
2 510 0 1 703 2 510 0
2 503 129 2 211 0 148 128 92 2 355 1
3 502 142 2 1025 0 386 141 985 3 116 1
2 510 0 1 408 2 510 0
2 510 0 1 1163 2 510 0
3 504 105 2 546 0 368 105 961 3 136 0
2 510 0 1 1065 2 510 0
1 499 208 2 231 0 232 208 450 1 267 0
2 510 0 1 82 2 510 0
2 510 0 1 496 2 510 0
2 510 0 1 516 2 510 0
2 510 0 1 824 2 510 0
2 499 203 2 694 0 51 202 575 2 448 1
2 510 0 1 140 2 510 0
2 510 0 1 875 2 510 0
2 510 0 1 486 2 510 0
2 502 147 2 286 0 161 147 295 2 341 0
2 510 0 1 1110 2 510 0
2 510 0 1 86 2 510 0
2 500 184 2 459 0 355 183 32 2 145 1
-1
28 37
0 647 202 2 769 0 608 198 896 0 39 4
0 658 0 1 53 0 658 0
1 652 105 2 1155 0 377 102 1101 1 275 3
0 658 0 1 99 0 658 0
0 647 202 2 1024 0 626 201 959 0 21 1
0 658 0 1 306 0 658 0
0 658 0 1 275 0 658 0
0 649 165 2 419 0 386 162 406 0 263 3
0 658 0 1 1027 0 658 0
0 658 0 1 515 0 658 0
1 642 289 2 794 0 384 286 285 1 258 3
2 652 100 2 1102 0 529 98 1088 2 123 2
0 658 0 1 577 0 658 0
0 658 0 1 934 0 658 0
0 658 0 1 712 0 658 0
0 658 0 1 324 0 658 0
0 658 0 1 564 0 658 0
0 658 0 1 212 0 658 0
0 658 0 1 471 0 658 0
0 658 0 1 677 0 658 0
0 658 0 1 646 0 658 0
0 658 0 1 558 0 658 0
0 658 0 1 562 0 658 0
0 658 0 1 52 0 658 0
1 647 197 2 252 0 548 196 410 1 99 1
0 658 0 1 580 0 658 0
0 658 0 1 20 0 658 0
0 658 0 1 833 0 658 0
0 658 0 1 8 0 658 0
0 658 0 1 401 0 658 0
0 652 110 2 1051 0 569 110 579 0 83 0
0 658 0 1 438 0 658 0
0 658 0 1 300 0 658 0
0 658 0 1 556 0 658 0
2 644 247 2 149 0 236 244 544 2 408 3
0 658 0 1 848 0 658 0
2 644 247 2 848 0 127 247 624 2 517 0
-1
29 34
1 635 292 2 726 0 537 288 936 1 98 4
0 651 2 1 463 0 651 2
0 638 242 2 1090 0 421 241 278 0 217 1
0 651 2 1 479 0 651 2
0 644 131 2 693 0 483 129 36 0 161 2
0 651 2 1 745 0 651 2
0 651 2 1 49 0 651 2
0 642 168 2 570 0 23 168 273 0 619 0
0 651 2 1 74 0 651 2
0 651 2 1 175 0 651 2
0 651 2 1 705 0 651 2
0 651 2 1 727 0 651 2
3 639 208 2 163 0 508 207 342 3 131 1
1 644 126 2 914 0 273 126 351 1 371 0
0 651 2 1 447 0 651 2
0 651 2 1 143 0 651 2
1 640 200 2 808 0 0 196 600 1 640 4
0 651 2 1 962 0 651 2
0 640 205 1 590 0 640 205
0 651 2 1 1173 0 651 2
0 651 2 1 910 0 651 2
0 651 2 1 147 0 651 2
0 651 2 1 1073 0 651 2
0 638 242 2 150 0 144 242 1141 0 494 0
2 643 139 2 954 0 146 139 943 2 497 0
0 651 2 1 95 0 651 2
2 637 250 2 30 0 525 246 106 2 112 4
0 651 2 1 567 0 651 2
3 635 282 2 1191 0 172 281 1108 3 463 1
0 651 2 1 428 0 651 2
0 651 2 1 891 0 651 2
0 651 2 1 826 0 651 2
0 651 2 1 244 0 651 2
0 651 2 1 807 0 651 2
-1
30 34
2 508 0 1 88 2 508 0
2 508 0 1 602 2 508 0
2 508 0 1 434 2 508 0
2 508 0 1 418 2 508 0
2 508 0 1 335 2 508 0
2 508 0 1 1048 2 508 0
2 508 0 1 761 2 508 0
2 508 0 1 97 2 508 0
0 493 286 2 273 0 313 283 1075 0 180 3
3 499 161 2 439 0 179 158 219 3 320 3
2 508 0 1 1154 2 508 0
2 508 0 1 654 2 508 0
3 497 198 2 266 0 271 197 457 3 226 1
2 508 0 1 639 2 508 0
2 508 0 1 703 2 508 0
2 508 0 1 885 2 508 0
2 508 0 1 1054 2 508 0
2 508 0 1 593 2 508 0
2 508 0 1 158 2 508 0
2 508 0 1 553 2 508 0
0 497 213 2 538 0 428 211 1065 0 69 2
2 508 0 1 231 2 508 0
2 508 0 1 83 2 508 0
2 508 0 1 1070 2 508 0
2 508 0 1 568 2 508 0
3 493 271 2 943 0 307 269 824 3 186 2
2 508 0 1 694 2 508 0
2 508 0 1 1158 2 508 0
0 502 121 2 445 0 470 119 875 0 32 2
2 493 276 2 1108 0 412 276 486 2 81 0
0 498 194 2 765 0 365 192 286 0 133 2
1 500 152 2 73 0 228 150 1110 1 272 2
2 508 0 1 800 2 508 0
0 496 231 2 244 0 224 228 459 0 272 3
-1
31 32
1 476 0 1 1013 1 476 0
1 476 0 1 1109 1 476 0
1 476 0 1 435 1 476 0
1 469 129 2 361 0 246 125 728 1 223 4
1 476 0 1 347 1 476 0
1 467 165 2 524 0 1 163 487 1 466 2
1 476 0 1 11 1 476 0
1 465 202 2 764 0 281 200 310 1 184 2
1 476 0 1 370 1 476 0
1 468 147 2 1174 0 13 144 1020 1 455 3
2 467 160 2 420 0 138 158 797 2 329 2
1 476 0 1 846 1 476 0
2 462 253 2 1016 0 266 250 427 2 196 3
1 476 0 1 1126 1 476 0
1 476 0 1 933 1 476 0
0 461 281 2 588 0 144 278 572 0 317 3
0 468 152 2 288 0 414 150 984 0 54 2
1 476 0 1 537 1 476 0
1 463 239 2 185 0 51 235 305 1 412 4
1 476 0 1 733 1 476 0
1 476 0 1 584 1 476 0
1 476 0 1 504 1 476 0
1 464 221 2 665 0 40 221 72 1 424 0
3 467 155 2 332 0 201 154 307 3 266 1
1 476 0 1 589 1 476 0
1 476 0 1 339 1 476 0
1 476 0 1 15 1 476 0
1 469 129 2 529 0 424 128 125 1 45 1
0 465 207 2 715 0 273 203 172 0 192 4
1 476 0 1 1046 1 476 0
0 461 281 2 532 0 66 280 242 0 395 1
1 476 0 1 216 1 476 0
-1
32 36
0 457 2 1 213 0 457 2
0 457 2 1 1193 0 457 2
0 457 2 1 108 0 457 2
0 457 2 1 418 0 457 2
0 457 2 1 335 0 457 2
0 457 2 1 492 0 457 2
0 445 223 2 761 0 282 222 753 0 163 1
0 457 2 1 663 0 457 2
0 457 2 1 1075 0 457 2
1 450 126 2 219 0 194 122 778 1 256 4
0 457 2 1 1097 0 457 2
0 457 2 1 654 0 457 2
0 457 2 1 457 0 457 2
0 457 2 1 304 0 457 2
0 457 2 1 703 0 457 2
0 457 2 1 211 0 457 2
0 457 2 1 1025 0 457 2
0 446 205 2 593 0 38 203 408 0 408 2
1 446 200 2 158 0 424 199 1163 1 22 1
0 457 2 1 546 0 457 2
0 457 2 1 1065 0 457 2
0 457 2 1 231 0 457 2
1 442 273 2 83 0 35 270 82 1 407 3
0 457 2 1 496 0 457 2
0 457 2 1 516 0 457 2
0 457 2 1 824 0 457 2
0 457 2 1 694 0 457 2
1 447 181 2 1158 0 76 178 140 1 371 3
0 457 2 1 875 0 457 2
0 457 2 1 486 0 457 2
0 457 2 1 286 0 457 2
0 457 2 1 1110 0 457 2
0 457 2 1 86 0 457 2
0 457 2 1 459 0 457 2
3 447 171 2 85 0 334 169 149 3 113 2
0 457 2 1 1096 0 457 2
-1
33 35
0 597 2 1 88 0 597 2
0 590 131 2 936 0 80 131 602 0 510 0
1 588 163 2 29 0 570 160 434 1 18 3
0 597 2 1 418 0 597 2
1 589 144 2 384 0 586 142 335 1 3 2
1 588 163 2 36 0 261 160 1048 1 327 3
0 597 2 1 761 0 597 2
0 597 2 1 97 0 597 2
0 597 2 1 273 0 597 2
0 597 2 1 439 0 597 2
0 597 2 1 1154 0 597 2
1 581 292 2 705 0 274 291 654 1 307 1
0 597 2 1 266 0 597 2
0 597 2 1 639 0 597 2
1 587 181 2 351 0 185 177 703 1 402 4
0 597 2 1 885 0 597 2
0 597 2 1 1054 0 597 2
0 597 2 1 593 0 597 2
0 590 131 2 98 0 341 131 158 0 249 0
0 597 2 1 553 0 597 2
0 597 2 1 538 0 597 2
0 584 242 2 910 0 465 238 231 0 119 4
0 597 2 1 83 0 597 2
0 597 2 1 1070 0 597 2
0 597 2 1 568 0 597 2
0 597 2 1 943 0 597 2
0 583 260 2 95 0 373 260 694 0 210 0
1 589 144 2 106 0 155 141 1158 1 434 3
0 597 2 1 445 0 597 2
0 597 2 1 1108 0 597 2
0 597 2 1 765 0 597 2
0 597 2 1 73 0 597 2
0 597 2 1 800 0 597 2
0 597 2 1 244 0 597 2
0 597 2 1 85 0 597 2
-1
34 36
3 690 248 2 949 0 134 246 960 3 556 2
1 704 0 1 239 1 704 0
1 704 0 1 635 1 704 0
0 694 189 2 722 0 152 186 1057 0 542 3
1 688 294 2 281 0 465 293 1100 1 223 1
1 697 129 2 19 0 113 127 1142 1 584 2
1 704 0 1 282 1 704 0
1 704 0 1 560 1 704 0
1 704 0 1 132 1 704 0
1 704 0 1 683 1 704 0
0 693 207 2 980 0 59 203 812 0 634 4
1 704 0 1 284 1 704 0
1 704 0 1 973 1 704 0
1 704 0 1 519 1 704 0
3 695 155 2 111 0 81 154 432 3 614 1
1 704 0 1 711 1 704 0
1 694 184 2 972 0 403 183 852 1 291 1
1 694 184 2 270 0 628 183 1001 1 66 1
3 691 229 2 534 0 275 229 1023 3 416 0
1 704 0 1 477 1 704 0
3 691 229 2 950 0 45 229 871 3 646 0
1 704 0 1 847 1 704 0
1 704 0 1 1181 1 704 0
1 704 0 1 440 1 704 0
1 704 0 1 497 1 704 0
1 704 0 1 716 1 704 0
2 697 124 2 1078 0 666 123 525 2 31 1
1 704 0 1 237 1 704 0
2 695 160 2 376 0 629 160 336 2 66 0
0 698 115 2 876 0 651 112 874 0 47 3
1 704 0 1 1026 1 704 0
1 704 0 1 548 1 704 0
1 704 0 1 33 1 704 0
1 704 0 1 50 1 704 0
1 704 0 1 149 1 704 0
2 698 105 2 1096 0 61 105 1144 2 637 0
-1
35 33
0 495 2 1 726 0 495 2
0 487 150 2 511 0 0 150 463 0 487 0
0 495 2 1 1090 0 495 2
3 488 116 2 1185 0 63 114 479 3 425 2
2 479 287 2 697 0 362 286 693 2 117 1
0 495 2 1 28 0 495 2
0 495 2 1 803 0 495 2
0 495 2 1 570 0 495 2
1 482 237 2 9 0 37 235 74 1 445 2
0 485 186 2 822 0 0 184 175 0 485 2
1 486 163 2 182 0 343 159 705 1 143 4
0 495 2 1 727 0 495 2
0 495 2 1 163 0 495 2
2 487 139 2 461 0 187 138 914 2 300 1
1 483 218 2 912 0 177 218 447 1 306 0
2 489 103 2 1105 0 232 99 143 2 257 4
0 495 2 1 808 0 495 2
2 489 103 2 994 0 479 102 962 2 10 1
0 495 2 1 590 0 495 2
1 485 181 2 644 0 85 180 1173 1 400 1
0 495 2 1 1029 0 495 2
0 495 2 1 474 0 495 2
0 495 2 1 292 0 495 2
0 495 2 1 150 0 495 2
0 495 2 1 954 0 495 2
0 495 2 1 249 0 495 2
0 495 2 1 30 0 495 2
0 495 2 1 576 0 495 2
0 495 2 1 1191 0 495 2
0 495 2 1 428 0 495 2
0 486 168 2 937 0 324 165 891 0 162 3
2 483 213 2 853 0 112 210 826 2 371 3
0 495 2 1 1045 0 495 2
-1
36 34
2 498 0 1 960 2 498 0
2 498 0 1 906 2 498 0
2 485 239 2 635 0 401 236 262 2 84 3
0 489 176 2 1057 0 361 174 1003 0 128 2
2 498 0 1 1100 2 498 0
0 490 157 2 1142 0 120 153 1018 0 370 4
2 488 184 2 282 0 155 183 1129 2 333 1
2 498 0 1 223 2 498 0
1 488 189 2 132 0 187 185 1035 1 301 4
1 486 226 2 683 0 42 222 1067 1 444 4
2 498 0 1 812 2 498 0
1 489 171 2 284 0 103 170 566 1 386 1
2 498 0 1 904 2 498 0
2 498 0 1 468 2 498 0
2 490 147 2 432 0 16 146 802 2 474 1
2 498 0 1 344 2 498 0
2 498 0 1 852 2 498 0
2 498 0 1 1001 2 498 0
2 498 0 1 1023 2 498 0
2 498 0 1 477 2 498 0
2 498 0 1 871 2 498 0
2 498 0 1 190 2 498 0
2 498 0 1 280 2 498 0
2 487 203 2 440 0 344 201 105 2 143 2
2 498 0 1 999 2 498 0
2 498 0 1 633 2 498 0
2 492 110 2 525 0 240 106 253 2 252 4
2 498 0 1 232 2 498 0
2 498 0 1 336 2 498 0
2 498 0 1 874 2 498 0
3 482 290 2 1026 0 239 288 935 3 243 2
2 498 0 1 548 2 498 0
2 498 0 1 661 2 498 0
2 498 0 1 736 2 498 0
-1
37 33
3 628 0 1 896 3 628 0
3 628 0 1 53 3 628 0
3 628 0 1 1101 3 628 0
2 620 153 2 99 0 398 151 647 2 222 2
3 628 0 1 959 3 628 0
3 616 221 2 306 0 414 219 399 3 202 2
2 618 189 2 275 0 315 189 197 2 303 0
3 628 0 1 406 3 628 0
3 628 0 1 1027 3 628 0
1 614 268 2 515 0 375 264 1 1 239 4
3 628 0 1 285 3 628 0
3 628 0 1 1088 3 628 0
3 616 221 2 577 0 332 219 1117 3 284 2
3 628 0 1 934 3 628 0
2 621 134 2 712 0 162 131 622 2 459 3
0 614 273 2 324 0 439 272 638 0 175 1
3 628 0 1 564 3 628 0
0 615 255 2 212 0 43 251 656 0 572 4
3 628 0 1 471 3 628 0
1 621 139 2 677 0 248 136 1199 1 373 3
2 622 116 2 646 0 245 113 1037 2 377 3
3 628 0 1 558 3 628 0
3 628 0 1 562 3 628 0
3 628 0 1 52 3 628 0
3 628 0 1 410 3 628 0
1 615 250 2 580 0 516 248 535 1 99 2
3 628 0 1 20 3 628 0
0 613 292 2 833 0 157 288 314 0 456 4
3 612 295 2 8 0 546 295 1050 3 66 0
3 628 0 1 401 3 628 0
3 628 0 1 579 3 628 0
3 622 111 2 438 0 251 108 414 3 371 3
1 614 268 2 300 0 90 264 1082 1 524 4
-1
38 34
0 647 281 2 825 0 508 277 731 0 139 4
3 646 284 2 1188 0 348 283 1194 3 298 1
1 651 202 2 974 0 512 202 7 1 139 0
1 662 0 1 909 1 662 0
1 662 0 1 831 1 662 0
1 662 0 1 315 1 662 0
1 662 0 1 681 1 662 0
0 654 152 2 805 0 2 149 397 0 652 3
2 648 253 2 938 0 580 252 453 2 68 1
0 654 152 2 364 0 428 152 641 0 226 0
2 656 105 2 921 0 232 101 448 2 424 4
0 654 152 2 437 0 472 151 872 0 182 1
1 662 0 1 545 1 662 0
1 662 0 1 395 1 662 0
1 662 0 1 289 1 662 0
0 653 171 2 309 0 266 167 151 0 387 4
1 662 0 1 779 1 662 0
1 662 0 1 38 1 662 0
1 662 0 1 845 1 662 0
1 662 0 1 990 1 662 0
2 656 105 2 899 0 248 101 107 2 408 4
0 654 152 2 358 0 387 151 632 0 267 1
1 662 0 1 446 1 662 0
1 662 0 1 413 1 662 0
1 662 0 1 741 1 662 0
0 651 207 2 255 0 637 203 993 0 14 4
1 662 0 1 1148 1 662 0
1 662 0 1 64 1 662 0
1 662 0 1 916 1 662 0
1 662 0 1 294 1 662 0
1 662 0 1 1074 1 662 0
1 662 0 1 503 1 662 0
1 662 0 1 1082 1 662 0
1 656 110 2 1068 0 510 107 807 1 146 3
-1
39 34
2 594 0 1 949 2 594 0
2 594 0 1 239 2 594 0
2 594 0 1 35 2 594 0
2 594 0 1 722 2 594 0
2 594 0 1 281 2 594 0
3 583 198 2 655 0 70 197 19 3 513 1
2 594 0 1 1169 2 594 0
2 594 0 1 1134 2 594 0
2 594 0 1 1066 2 594 0
2 578 295 2 778 0 524 293 683 2 54 2
2 594 0 1 980 2 594 0
2 594 0 1 1157 2 594 0
0 588 121 2 206 0 445 119 973 0 143 2
2 594 0 1 533 2 594 0
2 594 0 1 111 2 594 0
2 594 0 1 711 2 594 0
2 594 0 1 972 2 594 0
1 580 263 2 408 0 76 262 270 1 504 1
2 594 0 1 534 2 594 0
2 594 0 1 961 2 594 0
2 594 0 1 950 2 594 0
3 583 198 2 450 0 116 196 847 3 467 2
2 594 0 1 1181 2 594 0
2 578 295 2 496 0 74 294 956 2 504 1
2 594 0 1 497 2 594 0
2 594 0 1 178 2 594 0
2 594 0 1 575 2 594 0
0 586 157 2 140 0 0 156 551 0 586 1
3 587 124 2 400 0 302 124 376 3 285 0
2 594 0 1 114 2 594 0
1 583 208 2 295 0 122 205 1026 1 461 3
2 594 0 1 1168 2 594 0
2 594 0 1 33 2 594 0
3 587 124 2 32 0 262 123 736 3 325 1
-1
40 32
1 690 0 1 769 1 690 0
1 690 0 1 53 1 690 0
0 679 207 2 262 0 129 206 1155 0 550 1
1 677 239 2 1003 0 339 235 99 1 338 4
1 690 0 1 1024 1 690 0
1 690 0 1 306 1 690 0
1 690 0 1 275 1 690 0
1 690 0 1 419 1 690 0
2 675 271 2 1035 0 480 268 1027 2 195 3
1 690 0 1 515 1 690 0
1 690 0 1 794 1 690 0
0 676 263 2 566 0 305 261 1102 0 371 2
1 690 0 1 577 1 690 0
1 690 0 1 934 1 690 0
0 682 152 2 798 0 323 152 712 0 359 0
1 690 0 1 324 1 690 0
1 682 147 2 709 0 530 143 564 1 152 4
1 690 0 1 212 1 690 0
2 678 216 2 472 0 452 215 471 2 226 1
3 678 211 2 702 0 345 209 677 3 333 2
1 678 221 2 760 0 547 219 646 1 131 2
1 690 0 1 558 1 690 0
3 675 266 2 280 0 3 264 562 3 672 2
1 690 0 1 52 1 690 0
1 690 0 1 252 1 690 0
1 690 0 1 580 1 690 0
0 675 281 2 253 0 618 278 20 0 57 3
1 690 0 1 833 1 690 0
1 690 0 1 8 1 690 0
3 681 155 2 209 0 302 155 401 3 379 0
1 677 239 2 935 0 230 236 1051 1 447 3
2 679 197 2 246 0 582 193 438 2 97 4
-1
