1 27
0 1872 167 1 117 0 1872 167
3 1880 1 1 301 3 1880 1
3 1880 1 1 301 3 1880 1
3 1880 1 1 301 3 1880 1
3 1880 1 1 122 3 1880 1
3 1880 1 1 122 3 1880 1
3 1880 1 1 68 3 1880 1
3 1880 1 1 68 3 1880 1
3 1880 1 1 141 3 1880 1
3 1880 1 1 141 3 1880 1
3 1880 1 1 141 3 1880 1
0 1785 1907 2 141 0 1608 1906 322 0 177 1
3 1880 1 1 322 3 1880 1
7 1833 933 2 322 0 1174 932 224 7 659 1
0 1853 547 2 224 0 1680 547 287 0 173 0
3 1880 1 1 287 3 1880 1
3 1880 1 1 287 3 1880 1
3 1880 1 1 287 3 1880 1
3 1880 1 1 93 3 1880 1
3 1880 1 1 93 3 1880 1
3 1880 1 1 6 3 1880 1
3 1880 1 1 6 3 1880 1
7 1812 1353 2 6 0 747 1353 187 7 1065 0
3 1880 1 1 187 3 1880 1
3 1880 1 1 187 3 1880 1
3 1880 1 1 187 3 1880 1
3 1880 1 1 172 3 1880 1
-1
2 21
1 1688 0 1 252 1 1688 0
1 1688 0 1 252 1 1688 0
1 1688 0 1 109 1 1688 0
1 1688 0 1 70 1 1688 0
1 1636 1040 2 70 0 687 1039 232 1 949 1
2 1659 578 2 280 0 895 578 285 2 764 0
1 1688 0 1 285 1 1688 0
1 1688 0 1 193 1 1688 0
1 1688 0 1 193 1 1688 0
1 1688 0 1 256 1 1688 0
1 1688 0 1 256 1 1688 0
1 1688 0 1 256 1 1688 0
1 1688 0 1 302 1 1688 0
1 1688 0 1 39 1 1688 0
8 1651 726 2 39 0 127 726 237 8 1524 0
1 1688 0 1 4 1 1688 0
2 1625 1258 2 4 0 197 1258 23 2 1428 0
1 1688 0 1 23 1 1688 0
1 1688 0 1 233 1 1688 0
1 1688 0 1 233 1 1688 0
1 1688 0 1 237 1 1688 0
-1
3 35
8 2125 0 1 17 8 2125 0
8 2125 0 1 17 8 2125 0
8 2125 0 1 243 8 2125 0
8 2125 0 1 243 8 2125 0
8 2125 0 1 243 8 2125 0
0 2111 296 1 50 0 2111 296
8 2125 0 1 102 8 2125 0
8 2125 0 1 221 8 2125 0
8 2125 0 1 221 8 2125 0
8 2125 0 1 221 8 2125 0
5 2047 1566 2 221 0 1568 1565 75 5 479 1
8 2125 0 1 75 8 2125 0
8 2125 0 1 75 8 2125 0
8 2125 0 1 75 8 2125 0
8 2125 0 1 75 8 2125 0
8 2125 0 1 121 8 2125 0
8 2125 0 1 121 8 2125 0
8 2125 0 1 246 8 2125 0
8 2125 0 1 246 8 2125 0
8 2125 0 1 192 8 2125 0
8 2125 0 1 192 8 2125 0
8 2125 0 1 192 8 2125 0
8 2125 0 1 192 8 2125 0
2 2026 1992 2 192 0 969 1991 295 2 1057 1
8 2125 0 1 295 8 2125 0
8 2125 0 1 295 8 2125 0
8 2125 0 1 295 8 2125 0
5 2114 226 2 32 0 1641 226 86 5 473 0
8 2125 0 1 86 8 2125 0
8 2125 0 1 86 8 2125 0
8 2125 0 1 86 8 2125 0
8 2036 1780 2 86 0 1262 1779 215 8 774 1
8 2125 0 1 186 8 2125 0
8 2125 0 1 1 8 2125 0
8 2125 0 1 1 8 2125 0
-1
4 35
4 2024 1 1 214 4 2024 1
4 2024 1 1 214 4 2024 1
4 2024 1 1 214 4 2024 1
4 2024 1 1 214 4 2024 1
4 2024 1 1 214 4 2024 1
4 2024 1 1 214 4 2024 1
4 2024 1 1 214 4 2024 1
4 2024 1 1 214 4 2024 1
6 1928 1917 2 214 0 1092 1916 29 6 836 1
4 2024 1 1 29 4 2024 1
4 2024 1 1 29 4 2024 1
4 2024 1 1 29 4 2024 1
4 2024 1 1 29 4 2024 1
4 2024 1 1 29 4 2024 1
4 2024 1 1 29 4 2024 1
0 1945 1589 2 29 0 1345 1588 91 0 600 1
4 2024 1 1 91 4 2024 1
8 2006 353 2 91 0 567 353 254 8 1439 0
4 2024 1 1 254 4 2024 1
4 2024 1 1 254 4 2024 1
4 2024 1 1 254 4 2024 1
0 1982 849 2 254 0 128 848 289 0 1854 1
3 2005 383 2 289 0 1602 383 208 3 403 0
4 2024 1 1 31 4 2024 1
4 2024 1 1 31 4 2024 1
4 2024 1 1 31 4 2024 1
4 2024 1 1 31 4 2024 1
4 2024 1 1 31 4 2024 1
4 2024 1 1 31 4 2024 1
4 2024 1 1 31 4 2024 1
7 1939 1695 2 31 0 1113 1694 16 7 826 1
4 2024 1 1 16 4 2024 1
0 694 393 1 16 0 694 393
4 2024 1 1 208 4 2024 1
4 2024 1 1 208 4 2024 1
-1
5 56
2 1462 0 1 77 2 1462 0
2 1462 0 1 77 2 1462 0
2 1462 0 1 77 2 1462 0
2 1462 0 1 77 2 1462 0
2 1462 0 1 77 2 1462 0
2 1462 0 1 77 2 1462 0
2 1462 0 1 77 2 1462 0
6 1402 1192 2 77 0 471 1191 164 6 931 1
2 1462 0 1 164 2 1462 0
2 1462 0 1 164 2 1462 0
2 1462 0 1 164 2 1462 0
2 1462 0 1 164 2 1462 0
2 1462 0 1 164 2 1462 0
2 1462 0 1 164 2 1462 0
2 1462 0 1 164 2 1462 0
2 1462 0 1 164 2 1462 0
3 1389 1458 2 164 0 473 1457 173 3 916 1
2 1462 0 1 173 2 1462 0
2 1462 0 1 173 2 1462 0
2 1462 0 1 173 2 1462 0
8 1428 668 2 173 0 710 668 242 8 718 0
2 1462 0 1 242 2 1462 0
2 1462 0 1 242 2 1462 0
2 1462 0 1 242 2 1462 0
2 1462 0 1 242 2 1462 0
0 1424 764 2 242 0 285 763 73 0 1139 1
2 1462 0 1 73 2 1462 0
8 1440 428 2 73 0 1249 427 166 8 191 1
2 1462 0 1 166 2 1462 0
2 1462 0 1 166 2 1462 0
2 1462 0 1 166 2 1462 0
2 1462 0 1 166 2 1462 0
2 1462 0 1 166 2 1462 0
2 1462 0 1 166 2 1462 0
8 1411 1008 2 166 0 98 1008 124 8 1313 0
2 1462 0 1 124 2 1462 0
2 1462 0 1 124 2 1462 0
2 1462 0 1 124 2 1462 0
2 1462 0 1 124 2 1462 0
2 1462 0 1 124 2 1462 0
2 1462 0 1 124 2 1462 0
2 1462 0 1 124 2 1462 0
2 1462 0 1 124 2 1462 0
2 1462 0 1 124 2 1462 0
2 1462 0 1 124 2 1462 0
6 1369 1852 2 124 0 707 1852 315 6 662 0
2 1462 0 1 315 2 1462 0
2 1462 0 1 315 2 1462 0
2 1462 0 1 315 2 1462 0
2 1462 0 1 315 2 1462 0
2 1462 0 1 315 2 1462 0
2 1462 0 1 315 2 1462 0
2 1462 0 1 315 2 1462 0
2 1462 0 1 315 2 1462 0
2 1462 0 1 315 2 1462 0
2 1462 0 1 315 2 1462 0
-1
6 26
4 2589 41 2 117 0 0 41 301 4 2589 0
4 2591 1 1 301 4 2591 1
4 2591 1 1 301 4 2591 1
8 2503 1753 2 301 0 2390 1753 122 8 113 0
4 2591 1 1 122 4 2591 1
7 2545 915 2 122 0 1771 914 68 7 774 1
4 2591 1 1 68 4 2591 1
8 2549 833 2 68 0 382 832 141 8 2167 1
4 2591 1 1 141 4 2591 1
4 2591 1 1 141 4 2591 1
4 2591 1 1 141 4 2591 1
4 2591 1 1 322 4 2591 1
4 2591 1 1 322 4 2591 1
4 2591 1 1 224 4 2591 1
4 2591 1 1 287 4 2591 1
4 2591 1 1 287 4 2591 1
4 2591 1 1 287 4 2591 1
8 2502 1773 2 287 0 2404 1773 93 8 98 0
4 2591 1 1 93 4 2591 1
4 2555 721 2 93 0 49 721 6 4 2506 0
4 2591 1 1 6 4 2591 1
4 2591 1 1 6 4 2591 1
4 2591 1 1 187 4 2591 1
4 2591 1 1 187 4 2591 1
4 2591 1 1 187 4 2591 1
4 2497 1881 2 187 0 2468 1880 172 4 29 1
-1
7 20
7 4114 1 1 127 7 4114 1
0 4075 795 3 127 0 1117 581 222 0 1917 213 227 0 1041 1
7 4114 1 1 227 7 4114 1
7 4114 1 1 227 7 4114 1
4 4041 1467 3 227 0 2975 1359 281 0 972 108 258 4 94 0
9 4095 377 2 258 0 3286 376 100 9 809 1
1 4096 373 2 100 0 2539 372 98 1 1557 1
7 4114 1 1 98 7 4114 1
7 4114 1 1 98 7 4114 1
0 4046 1375 2 98 0 2593 1374 268 0 1453 1
7 4114 1 1 268 7 4114 1
6 4071 863 2 268 0 2202 862 245 6 1869 1
8 4100 279 2 245 0 636 278 298 8 3464 1
2 4089 511 2 298 0 1136 511 163 2 2953 0
7 4114 1 1 163 7 4114 1
8 4060 1079 2 163 0 2635 1078 279 8 1425 1
7 4114 1 1 279 7 4114 1
7 4114 1 1 279 7 4114 1
5 4042 1445 3 279 0 1098 1194 235 0 2250 250 15 5 694 1
7 4114 1 1 15 7 4114 1
-1
8 20
1 4203 0 1 266 1 4203 0
3 4179 476 2 266 0 71 475 55 3 4108 1
1 4203 0 1 55 1 4203 0
9 4144 1164 2 55 0 2170 1164 56 9 1974 0
1 4203 0 1 56 1 4203 0
1 4165 760 2 56 0 653 760 156 1 3512 0
1 4203 0 1 156 1 4203 0
7 4142 1208 2 156 0 3146 1207 8 7 996 1
1 4203 0 1 8 1 4203 0
1 4203 0 1 8 1 4203 0
1 4203 0 1 8 1 4203 0
0 4125 1562 2 8 0 443 1561 82 0 3682 1
1 4203 0 1 82 1 4203 0
3 4141 1236 3 82 0 2221 1122 128 0 1026 114 79 3 894 0
1 4203 0 1 79 1 4203 0
6 4174 570 2 79 0 29 570 300 6 4145 0
2 4163 798 2 300 0 3022 797 175 2 1141 1
0 4188 302 2 325 0 2718 302 175 0 1470 0
1 4203 0 1 175 1 4203 0
5 4143 1192 2 175 0 3911 1191 236 5 232 1
-1
9 21
6 4707 136 2 148 0 1224 136 252 6 3483 0
4 4714 0 1 252 4 4714 0
5 4648 1318 2 252 0 277 1318 109 5 4371 0
3 4667 942 2 109 0 2413 942 70 3 2254 0
4 4714 0 1 70 4 4714 0
0 4707 149 2 232 0 400 149 280 0 4307 0
4 4714 0 1 285 4 4714 0
0 4131 1256 1 285 0 4131 1256
4 4714 0 1 193 4 4714 0
2 4645 1384 2 193 0 4351 1383 256 2 294 1
4 4714 0 1 256 4 4714 0
4 4714 0 1 256 4 4714 0
0 4515 2145 2 256 0 213 1667 60 0 4302 478
0 2568 473 1 302 0 2568 473
4 4714 0 1 39 4 4714 0
4 4714 0 1 4 4 4714 0
4 4714 0 1 4 4 4714 0
4 4714 0 1 23 4 4714 0
9 4662 1030 2 23 0 1424 1029 233 9 3238 1
4 4714 0 1 233 4 4714 0
0 2292 1514 1 233 0 2292 1514
-1
10 33
2 1975 1 1 17 2 1975 1
1 1930 903 2 17 0 1893 903 243 1 37 0
2 1975 1 1 243 2 1975 1
2 1975 1 1 243 2 1975 1
2 1914 1221 2 243 0 607 1220 50 2 1307 1
1 1971 83 2 50 0 0 83 102 1 1971 0
8 1942 649 2 102 0 1736 649 221 8 206 0
2 1975 1 1 221 2 1975 1
2 1975 1 1 221 2 1975 1
2 1975 1 1 221 2 1975 1
2 1975 1 1 75 2 1975 1
2 1975 1 1 75 2 1975 1
2 1975 1 1 75 2 1975 1
2 1975 1 1 75 2 1975 1
4 1880 1897 2 75 0 185 1896 121 4 1695 1
2 1975 1 1 121 2 1975 1
8 1926 969 2 121 0 788 968 246 8 1138 1
2 1975 1 1 246 2 1975 1
6 1926 973 2 246 0 1377 972 192 6 549 1
2 1975 1 1 192 2 1975 1
2 1975 1 1 192 2 1975 1
2 1975 1 1 192 2 1975 1
2 1975 1 1 192 2 1975 1
2 1975 1 1 295 2 1975 1
2 1975 1 1 295 2 1975 1
2 1975 1 1 295 2 1975 1
7 1892 1651 2 295 0 1506 1651 32 7 386 0
2 1975 1 1 86 2 1975 1
2 1975 1 1 86 2 1975 1
2 1975 1 1 86 2 1975 1
2 1975 1 1 86 2 1975 1
2 1960 301 2 215 0 1927 300 186 2 33 1
0 1207 374 1 186 0 1207 374
-1
11 23
8 3798 1 1 257 8 3798 1
8 3798 1 1 257 8 3798 1
7 3746 1043 2 257 0 1784 1042 62 7 1962 1
8 3798 1 1 62 8 3798 1
7 3751 943 2 62 0 2730 943 155 7 1021 0
9 3780 359 2 155 0 2203 359 306 9 1577 0
7 3771 543 2 306 0 3301 543 275 7 470 0
8 3798 1 1 275 8 3798 1
2 3762 733 2 275 0 2323 733 196 2 1439 0
8 3798 1 1 196 8 3798 1
8 3798 1 1 196 8 3798 1
7 3735 1263 2 196 0 2332 1263 290 7 1403 0
5 3774 487 2 290 0 2964 486 42 5 810 1
8 3798 1 1 42 8 3798 1
8 3798 1 1 42 8 3798 1
8 3798 1 1 42 8 3798 1
7 3712 1723 2 42 0 3301 1722 3 7 411 1
8 3798 1 1 3 8 3798 1
8 3798 1 1 3 8 3798 1
8 3798 1 1 3 8 3798 1
8 3798 1 1 3 8 3798 1
4 3701 1949 2 3 0 1935 1948 307 4 1766 1
8 3798 1 1 307 8 3798 1
-1
